step,probe_index,log_prob,perplexity,target_rank
0,0,-30.27484893798828,75.56387329101562,455.0
0,1,-15.349609375,12.913435935974121,27.0
0,2,-25.86648941040039,176.49594116210938,2569.0
0,3,-13.043333053588867,6.44518518447876,6.0
0,4,-2.093278408050537,2.8480632305145264,1.0
0,5,-11.92550277709961,388.67803955078125,85.0
0,6,-31.431556701660156,5.732763290405273,139.0
0,7,-12.969148635864258,13.3809175491333,19.0
0,8,-35.245479583740234,33.93843078613281,987.0
0,9,-22.27178192138672,86.00076293945312,809.0
0,10,-9.278767585754395,22.041397094726562,12.0
0,11,-3.4681272506713867,5.66362190246582,3.0
0,12,-6.870920658111572,5.571866512298584,9.0
0,13,-7.144109725952148,5.9657063484191895,12.0
0,14,-21.923702239990234,80.21739196777344,522.0
0,15,-6.213052749633789,7.93289041519165,4.0
0,16,-21.63083267211914,11.061006546020508,24.0
0,17,-10.779162406921387,3.31243896484375,5.0
0,18,-12.751958847045898,4.124250411987305,12.0
0,19,-14.162345886230469,10.5950927734375,352.0
0,20,-3.044755458831787,1.8385018110275269,3.0
0,21,-3.1534223556518555,2.860913038253784,3.0
0,22,-3.359755277633667,2.316225290298462,6.0
0,23,-10.772842407226562,4.659823417663574,4.0
0,24,-17.576187133789062,18.715730667114258,58.0
0,25,-18.122608184814453,13.315702438354492,447.0
0,26,-37.37544631958008,29.897289276123047,108.0
0,27,-13.914447784423828,32.414695739746094,152.0
0,28,-15.578914642333984,180.00267028808594,1545.0
0,29,-81.90402221679688,60.05140686035156,3315.0
0,30,-11.29277229309082,3.506970167160034,18.0
0,31,-7.556864261627197,12.415613174438477,29.0
0,32,-1.6353886127471924,1.5050816535949707,1.0
0,33,-0.5691806674003601,1.0847088098526,1.0
0,34,-16.946823120117188,8.317426681518555,42.0
0,35,-17.622798919677734,12.398092269897461,51.0
0,36,-25.766021728515625,7.257255554199219,131.0
0,37,-36.45221710205078,95.25210571289062,1859.0
0,38,-31.544832229614258,13.856245040893555,81.0
0,39,-31.855255126953125,18.100366592407227,70.0
0,40,-11.624527931213379,10.225715637207031,35.0
0,41,-23.369182586669922,344.5694580078125,1551.0
0,42,-8.689002990722656,8.7780179977417,68.0
0,43,-26.919137954711914,88.81211853027344,4765.0
0,44,-4.406480312347412,4.344135761260986,2.0
0,45,-7.430049896240234,2.5313587188720703,5.0
0,46,-3.112204074859619,4.740307807922363,2.0
0,47,-8.754350662231445,8.922601699829102,46.0
0,48,-8.08524227142334,56.97549057006836,50.0
0,49,-33.37275695800781,16.136165618896484,19.0
0,50,-4.011686325073242,7.4323577880859375,6.0
0,51,-6.583266258239746,5.185242176055908,9.0
0,52,-56.69145202636719,17.023122787475586,7698.0
0,53,-5.3605546951293945,5.9706244468688965,2.0
0,54,-37.98051071166992,115.30304718017578,513.0
0,55,-10.906610488891602,3.359679698944092,7.0
0,56,-39.15665817260742,133.564208984375,396.0
0,57,-14.119171142578125,110.65203857421875,1125.0
0,58,-6.4069414138793945,24.61782455444336,48.0
0,59,-18.776592254638672,14.619708061218262,15.0
0,60,-5.69814920425415,17.271791458129883,23.0
0,61,-10.766132354736328,6.01559591293335,15.0
0,62,-12.022956848144531,55.017555236816406,89.0
0,63,-20.39748764038086,163.91891479492188,225.0
0,64,-17.68398666381836,7.1341094970703125,39.0
0,65,-6.54657506942749,26.397979736328125,17.0
0,66,-11.480620384216309,311.1609191894531,70.0
0,67,-10.774580955505371,3.8451883792877197,11.0
0,68,-7.1763105392456055,3.3070337772369385,6.0
0,69,-18.379039764404297,9.948083877563477,13.0
0,70,-22.732662200927734,44.20231246948242,468.0
0,71,-22.96043586730957,2107.9658203125,2884.0
0,72,-9.266871452331543,4.685527801513672,6.0
0,73,-13.433494567871094,826.1259765625,383.0
0,74,-13.884121894836426,10.115009307861328,139.0
0,75,-13.847314834594727,10.05314826965332,23.0
0,76,-11.908851623535156,5.4808735847473145,13.0
0,77,-11.049064636230469,15.835688591003418,45.0
0,78,-12.778675079345703,4.939846992492676,21.0
0,79,-10.409255981445312,182.1131134033203,32.0
0,80,-31.137935638427734,13.394282341003418,101.0
2,0,-30.299896240234375,75.8347396850586,449.0
2,1,-15.392034530639648,13.005067825317383,28.0
2,2,-25.850875854492188,175.9456329345703,2574.0
2,3,-13.042708396911621,6.444609642028809,6.0
2,4,-2.0914549827575684,2.8454678058624268,1.0
2,5,-11.905672073364258,384.8432312011719,83.0
2,6,-25.794090270996094,4.191275119781494,11.0
2,7,-12.935774803161621,13.291901588439941,19.0
2,8,-33.639122009277344,28.902036666870117,330.0
2,9,-22.324356079101562,86.90985870361328,832.0
2,10,-9.219734191894531,21.61191749572754,12.0
2,11,-3.488429546356201,5.721407413482666,3.0
2,12,-6.850379943847656,5.543327808380127,9.0
2,13,-7.095361709594727,5.893443584442139,12.0
2,14,-21.879947662353516,79.51847839355469,510.0
2,15,-6.1831769943237305,7.854283332824707,4.0
2,16,-21.702449798583984,11.149374008178711,24.0
2,17,-10.88956356048584,3.3533220291137695,5.0
2,18,-12.76664924621582,4.130988121032715,13.0
2,19,-14.13099479675293,10.539875984191895,348.0
2,20,-3.0552432537078857,1.8423622846603394,3.0
2,21,-3.1783788204193115,2.8848116397857666,3.0
2,22,-3.390889883041382,2.334324359893799,6.0
2,23,-10.806703567504883,4.6824188232421875,4.0
2,24,-17.573022842407227,18.70586395263672,63.0
2,25,-18.105083465576172,13.28240966796875,444.0
2,26,-37.43994140625,30.073097229003906,110.0
2,27,-13.912277221679688,32.39711380004883,153.0
2,28,-15.503138542175293,175.51290893554688,1531.0
2,29,-82.09815979003906,60.63716506958008,3403.0
2,30,-11.288106918334961,3.505152702331543,18.0
2,31,-7.554629325866699,12.406365394592285,29.0
2,32,-1.625130534172058,1.501226782798767,1.0
2,33,-0.5564492344856262,1.082737684249878,1.0
2,34,-16.900583267211914,8.269490242004395,42.0
2,35,-17.579757690429688,12.32209587097168,50.0
2,36,-25.757408142089844,7.252448081970215,133.0
2,37,-36.42601013183594,94.94058227539062,1877.0
2,38,-31.474485397338867,13.775253295898438,80.0
2,39,-32.043663024902344,18.413061141967773,71.0
2,40,-11.742888450622559,10.470667839050293,38.0
2,41,-23.284408569335938,337.3436584472656,1547.0
2,42,-8.71679973602295,8.839231491088867,69.0
2,43,-26.969589233398438,89.56204986572266,4824.0
2,44,-4.340034008026123,4.248976230621338,2.0
2,45,-7.426457405090332,2.5302224159240723,5.0
2,46,-3.117647409439087,4.7532267570495605,2.0
2,47,-8.718563079833984,8.84312915802002,46.0
2,48,-8.135503768920898,58.42546463012695,50.0
2,49,-33.038578033447266,15.693000793457031,19.0
2,50,-4.013280868530273,7.438285827636719,6.0
2,51,-6.569938659667969,5.167994499206543,9.0
2,52,-56.55876922607422,16.910564422607422,7527.0
2,53,-5.434560775756836,6.119744300842285,2.0
2,54,-37.882301330566406,113.8962173461914,519.0
2,55,-10.86876106262207,3.3455803394317627,7.0
2,56,-39.280357360839844,135.64547729492188,397.0
2,57,-14.064347267150879,108.64824676513672,1094.0
2,58,-6.421667575836182,24.79975700378418,50.0
2,59,-18.80169677734375,14.672232627868652,15.0
2,60,-5.670754432678223,17.036827087402344,23.0
2,61,-10.789411544799805,6.0389814376831055,17.0
2,62,-11.993069648742676,54.472171783447266,88.0
2,63,-20.471481323242188,166.97938537597656,228.0
2,64,-17.653244018554688,7.109781742095947,39.0
2,65,-6.586196422576904,26.926156997680664,18.0
2,66,-11.420002937316895,301.8714904785156,70.0
2,67,-10.74734115600586,3.832118034362793,11.0
2,68,-7.142181396484375,3.288276433944702,6.0
2,69,-18.310680389404297,9.86344051361084,13.0
2,70,-22.880146026611328,45.30229187011719,477.0
2,71,-22.96285629272461,2109.667236328125,2894.0
2,72,-9.274503707885742,4.691492080688477,6.0
2,73,-13.435684204101562,827.0309448242188,385.0
2,74,-13.815691947937012,10.000303268432617,140.0
2,75,-13.895034790039062,10.133421897888184,23.0
2,76,-11.941595077514648,5.506571292877197,13.0
2,77,-11.111846923828125,16.086200714111328,45.0
2,78,-9.569214820861816,3.3073651790618896,5.0
2,79,-10.486945152282715,189.326416015625,34.0
2,80,-28.5970458984375,10.838311195373535,31.0
4,0,-29.8808536529541,71.4282455444336,433.0
4,1,-15.324042320251465,12.858526229858398,27.0
4,2,-25.5030517578125,164.12203979492188,2594.0
4,3,-13.136940002441406,6.531951427459717,6.0
4,4,-2.0771450996398926,2.825181484222412,1.0
4,5,-11.786672592163086,362.6130676269531,82.0
4,6,-15.475489616394043,2.3625686168670654,9.0
4,7,-12.565481185913086,12.34308910369873,19.0
4,8,-23.57352066040039,10.562944412231445,76.0
4,9,-22.164283752441406,84.17151641845703,786.0
4,10,-8.8637113571167,19.193477630615234,11.0
4,11,-3.2927541732788086,5.188149452209473,2.0
4,12,-6.333816051483154,4.871754169464111,9.0
4,13,-6.704505920410156,5.344812870025635,13.0
4,14,-21.816070556640625,78.5090560913086,541.0
4,15,-6.000330448150635,7.3898701667785645,4.0
4,16,-21.557483673095703,10.97122573852539,24.0
4,17,-11.087650299072266,3.427945375442505,5.0
4,18,-12.768213272094727,4.1317057609558105,13.0
4,19,-14.283548355102539,10.811294555664062,366.0
4,20,-3.158928394317627,1.880966305732727,4.0
4,21,-3.2090377807617188,2.9144444465637207,3.0
4,22,-3.380610704421997,2.3283333778381348,6.0
4,23,-10.754379272460938,4.647548675537109,4.0
4,24,-17.650320053100586,18.948410034179688,62.0
4,25,-18.09044647216797,13.25466251373291,439.0
4,26,-36.78293991088867,28.329496383666992,101.0
4,27,-13.777678489685059,31.325098037719727,150.0
4,28,-15.40894889831543,170.0880584716797,1428.0
4,29,-81.81648254394531,59.78914260864258,3382.0
4,30,-10.788179397583008,3.3157591819763184,14.0
4,31,-7.6889166831970215,12.974324226379395,31.0
4,32,-1.6154868602752686,1.4976117610931396,1.0
4,33,-0.5129260420799255,1.0760265588760376,1.0
4,34,-16.687044143676758,8.051677703857422,38.0
4,35,-17.54440689086914,12.26002311706543,49.0
4,36,-25.357742309570312,7.032875061035156,120.0
4,37,-36.41737365722656,94.83814239501953,1917.0
4,38,-31.358673095703125,13.642949104309082,79.0
4,39,-32.00334930419922,18.345703125,68.0
4,40,-11.244296073913574,9.47691822052002,30.0
4,41,-22.909381866455078,307.15283203125,1495.0
4,42,-8.720810890197754,8.848099708557129,74.0
4,43,-25.973445892333984,75.86136627197266,4617.0
4,44,-4.234826564788818,4.102550506591797,2.0
4,45,-7.410463333129883,2.5251686573028564,5.0
4,46,-3.189692735671997,4.927571773529053,2.0
4,47,-8.53609848022461,8.44880199432373,42.0
4,48,-8.18461799621582,59.877986907958984,51.0
4,49,-29.856731414794922,12.037911415100098,21.0
4,50,-4.082327842712402,7.699565887451172,5.0
4,51,-6.630552291870117,5.246902942657471,8.0
4,52,-55.37347412109375,15.937481880187988,6765.0
4,53,-5.510968208312988,6.2776103019714355,2.0
4,54,-37.1286506652832,103.65637969970703,499.0
4,55,-10.840620040893555,3.3351352214813232,7.0
4,56,-39.046630859375,131.73980712890625,399.0
4,57,-13.966364860534668,105.15707397460938,1119.0
4,58,-6.20550537109375,22.259138107299805,42.0
4,59,-18.703571319580078,14.467989921569824,16.0
4,60,-5.741469860076904,17.64998435974121,26.0
4,61,-11.0750732421875,6.333453178405762,21.0
4,62,-11.78573989868164,50.83474349975586,81.0
4,63,-20.037670135498047,149.81744384765625,204.0
4,64,-17.355457305908203,6.878386974334717,37.0
4,65,-6.494123935699463,25.714677810668945,18.0
4,66,-11.290970802307129,283.0108947753906,65.0
4,67,-10.434412956237793,3.685114622116089,11.0
4,68,-7.015563011169434,3.2196109294891357,6.0
4,69,-18.09164810180664,9.597052574157715,13.0
4,70,-23.32128143310547,48.75852966308594,510.0
4,71,-22.768627166748047,1977.4083251953125,2931.0
4,72,-9.170488357543945,4.610861778259277,6.0
4,73,-13.178304672241211,727.1642456054688,377.0
4,74,-13.469488143920898,9.439610481262207,157.0
4,75,-14.120321273803711,10.521143913269043,24.0
4,76,-11.730398178100586,5.342913627624512,12.0
4,77,-11.148710250854492,16.235132217407227,45.0
4,78,-5.792033672332764,2.062676191329956,3.0
4,79,-10.579789161682129,198.32252502441406,35.0
4,80,-18.333538055419922,4.608004093170166,19.0
6,0,-29.132671356201172,64.1876220703125,366.0
6,1,-14.981244087219238,12.144472122192383,27.0
6,2,-25.192466735839844,154.2374267578125,2912.0
6,3,-12.624799728393555,6.0711188316345215,5.0
6,4,-2.137960433959961,2.912407875061035,2.0
6,5,-12.122018814086914,428.8080749511719,92.0
6,6,-13.368752479553223,2.1016199588775635,9.0
6,7,-12.019845962524414,11.067017555236816,24.0
6,8,-20.293153762817383,7.6088762283325195,22.0
6,9,-22.0817813873291,82.7940444946289,683.0
6,10,-8.1781005859375,15.272188186645508,10.0
6,11,-2.7786269187927246,4.012094497680664,1.0
6,12,-5.709578514099121,4.167826175689697,9.0
6,13,-6.327445030212402,4.86400032043457,13.0
6,14,-21.35831069946289,71.64061737060547,524.0
6,15,-5.598287582397461,6.463015079498291,4.0
6,16,-21.05722999572754,10.378040313720703,23.0
6,17,-9.99574089050293,3.036294460296631,5.0
6,18,-12.185708045959473,3.872760534286499,10.0
6,19,-14.920795440673828,12.022732734680176,449.0
6,20,-3.5161380767822266,2.0202629566192627,5.0
6,21,-3.0792009830474854,2.791001081466675,3.0
6,22,-3.2605247497558594,2.259472131729126,5.0
6,23,-9.966947555541992,4.153077602386475,3.0
6,24,-17.88846206665039,19.715600967407227,57.0
6,25,-18.021554946899414,13.124857902526855,436.0
6,26,-34.83238983154297,23.72622299194336,73.0
6,27,-13.62805461883545,30.174997329711914,153.0
6,28,-15.977088928222656,205.55148315429688,1377.0
6,29,-82.64735412597656,62.32530975341797,3749.0
6,30,-10.199747085571289,3.105905055999756,12.0
6,31,-7.301015853881836,11.400668144226074,26.0
6,32,-1.559413194656372,1.47676420211792,2.0
6,33,-0.36397555470466614,1.0533721446990967,1.0
6,34,-15.589056015014648,7.019078731536865,33.0
6,35,-17.152141571044922,11.59189224243164,40.0
6,36,-24.500850677490234,6.584253311157227,94.0
6,37,-37.2644157409668,105.43049621582031,2176.0
6,38,-30.49462127685547,12.695131301879883,73.0
6,39,-31.66573715209961,17.791189193725586,67.0
6,40,-10.011821746826172,7.406548023223877,10.0
6,41,-22.350479125976562,267.09912109375,1494.0
6,42,-8.669320106506348,8.734930992126465,89.0
6,43,-25.288602828979492,67.67839813232422,4413.0
6,44,-3.9006364345550537,3.6700751781463623,2.0
6,45,-7.110838890075684,2.432342767715454,3.0
6,46,-3.328355073928833,5.281327724456787,2.0
6,47,-8.078370094299316,7.535254001617432,40.0
6,48,-8.380118370056152,66.02670288085938,52.0
6,49,-27.171173095703125,9.624042510986328,21.0
6,50,-4.05252742767334,7.585690975189209,5.0
6,51,-6.70961332321167,5.3516411781311035,9.0
6,52,-54.40577697753906,15.18470573425293,5527.0
6,53,-5.271304607391357,5.795614719390869,2.0
6,54,-35.38041687011719,83.30863189697266,442.0
6,55,-10.337657928466797,3.153865098953247,6.0
6,56,-38.90654754638672,129.45306396484375,359.0
6,57,-14.056412696838379,108.36131286621094,1275.0
6,58,-6.000401020050049,20.08956527709961,37.0
6,59,-17.35140609741211,11.926614761352539,10.0
6,60,-6.1936211585998535,22.12726402282715,39.0
6,61,-10.805879592895508,6.055578708648682,24.0
6,62,-11.166061401367188,41.34784698486328,60.0
6,63,-19.626644134521484,135.18727111816406,197.0
6,64,-16.80019760131836,6.466846942901611,37.0
6,65,-6.394153118133545,24.46091651916504,19.0
6,66,-10.732847213745117,214.09580993652344,53.0
6,67,-9.362919807434082,3.2231686115264893,11.0
6,68,-6.73641300201416,3.0732498168945312,5.0
6,69,-17.598365783691406,9.02316951751709,13.0
6,70,-24.45290184020996,58.87895965576172,595.0
6,71,-23.21080780029297,2291.44091796875,2703.0
6,72,-9.088908195495605,4.548593521118164,6.0
6,73,-12.67734146118164,566.0433349609375,387.0
6,74,-11.622013092041016,6.937921524047852,119.0
6,75,-14.096170425415039,10.47887897491455,20.0
6,76,-10.76134204864502,4.6521735191345215,10.0
6,77,-10.983592987060547,15.578600883483887,38.0
6,78,-5.710931777954102,2.0418710708618164,3.0
6,79,-10.376142501831055,179.12274169921875,29.0
6,80,-15.521453857421875,3.645357847213745,21.0
8,0,-27.409616470336914,50.182151794433594,246.0
8,1,-13.455299377441406,9.417313575744629,18.0
8,2,-23.705703735351562,114.56483459472656,2547.0
8,3,-13.61886978149414,6.997499465942383,5.0
8,4,-2.3569345474243164,3.249390125274658,2.0
8,5,-12.954301834106445,650.1160888671875,100.0
8,6,-13.737710952758789,2.1451430320739746,9.0
8,7,-10.987817764282227,9.0030517578125,18.0
8,8,-17.3446102142334,5.6658735275268555,11.0
8,9,-21.43096160888672,72.68917083740234,419.0
8,10,-7.797911643981934,13.45436954498291,8.0
8,11,-1.8895912170410156,2.5722875595092773,1.0
8,12,-5.869538307189941,4.337874889373779,9.0
8,13,-6.266659736633301,4.790644645690918,14.0
8,14,-20.44704818725586,59.70464324951172,411.0
8,15,-4.485563278198242,4.460174083709717,4.0
8,16,-20.443477630615234,9.693906784057617,26.0
8,17,-8.878646850585938,2.681875228881836,4.0
8,18,-11.100065231323242,3.4326775074005127,8.0
8,19,-15.076778411865234,12.339387893676758,422.0
8,20,-3.768576145172119,2.124879837036133,6.0
8,21,-3.025524139404297,2.7415077686309814,3.0
8,22,-2.922583818435669,2.0764214992523193,6.0
8,23,-8.647448539733887,3.4395811557769775,2.0
8,24,-17.54591178894043,18.621532440185547,40.0
8,25,-18.264938354492188,13.58922290802002,422.0
8,26,-31.33120346069336,17.258264541625977,43.0
8,27,-13.339334487915039,28.073713302612305,149.0
8,28,-15.708955764770508,187.976806640625,1126.0
8,29,-81.13274383544922,57.779685974121094,3883.0
8,30,-9.017804145812988,2.7236645221710205,7.0
8,31,-7.1588568687438965,10.873031616210938,26.0
8,32,-2.4718220233917236,1.8551313877105713,2.0
8,33,-0.5149739980697632,1.0763413906097412,1.0
8,34,-13.198249816894531,5.205840587615967,15.0
8,35,-15.826311111450195,9.591733932495117,34.0
8,36,-23.47902488708496,6.086534023284912,62.0
8,37,-36.2755012512207,93.17110443115234,1800.0
8,38,-29.568340301513672,11.752058982849121,64.0
8,39,-30.774307250976562,16.406282424926758,66.0
8,40,-6.95813512802124,4.021388053894043,10.0
8,41,-21.055034637451172,193.2063446044922,1238.0
8,42,-8.723992347717285,8.855140686035156,101.0
8,43,-22.030582427978516,39.32119369506836,3282.0
8,44,-3.5320382118225098,3.24574875831604,2.0
8,45,-6.438559532165527,2.2362937927246094,3.0
8,46,-3.594968557357788,6.03444766998291,2.0
8,47,-7.1223039627075195,5.933272838592529,30.0
8,48,-8.701056480407715,77.51940155029297,59.0
8,49,-23.317989349365234,6.980815887451172,18.0
8,50,-3.8317646980285645,6.7929301261901855,5.0
8,51,-6.416248798370361,4.973193168640137,7.0
8,52,-52.23774337768555,13.624739646911621,3618.0
8,53,-4.846063613891602,5.029670715332031,2.0
8,54,-32.63444900512695,59.10444259643555,356.0
8,55,-9.513847351074219,2.877995729446411,4.0
8,56,-38.89133071899414,129.2070770263672,259.0
8,57,-14.180851936340332,112.95060729980469,1240.0
8,58,-5.671647548675537,17.044435501098633,26.0
8,59,-15.343208312988281,8.952088356018066,8.0
8,60,-6.1939592361450195,22.131006240844727,38.0
8,61,-9.37343978881836,4.769493103027344,13.0
8,62,-9.8218994140625,26.415912628173828,40.0
8,63,-18.594165802001953,104.43255615234375,150.0
8,64,-16.070858001708984,5.9634599685668945,37.0
8,65,-6.529243469238281,26.170209884643555,27.0
8,66,-10.518065452575684,192.29539489746094,49.0
8,67,-8.23901653289795,2.8007214069366455,8.0
8,68,-5.9585113525390625,2.6995503902435303,2.0
8,69,-16.70806121826172,8.072858810424805,11.0
8,70,-24.932607650756836,63.7796745300293,621.0
8,71,-23.652921676635742,2655.28515625,3005.0
8,72,-8.816240310668945,4.346510410308838,6.0
8,73,-12.633411407470703,553.7457885742188,419.0
8,74,-10.94080924987793,6.193301200866699,127.0
8,75,-13.183792114257812,9.0006685256958,12.0
8,76,-8.425506591796875,3.3322367668151855,9.0
8,77,-9.680843353271484,11.248230934143066,31.0
8,78,-5.795553207397461,2.0635838508605957,2.0
8,79,-9.097912788391113,94.53369903564453,24.0
8,80,-12.091618537902832,2.739114999771118,5.0
10,0,-25.40538787841797,37.6879768371582,140.0
10,1,-11.740554809570312,7.076355934143066,5.0
10,2,-21.318256378173828,71.06900787353516,1899.0
10,3,-14.692033767700195,8.156881332397461,5.0
10,4,-2.9411864280700684,4.351815700531006,4.0
10,5,-13.626490592956543,909.818603515625,142.0
10,6,-14.584250450134277,2.248438835144043,10.0
10,7,-10.63609504699707,8.391497611999512,15.0
10,8,-15.826541900634766,4.867859363555908,14.0
10,9,-19.516639709472656,49.56713104248047,310.0
10,10,-7.928868770599365,14.054691314697266,9.0
10,11,-1.0385680198669434,1.6808236837387085,1.0
10,12,-7.259634017944336,6.140514373779297,9.0
10,13,-6.805665016174316,5.481705188751221,14.0
10,14,-19.257421493530273,47.0628662109375,240.0
10,15,-3.074502468109131,2.786633253097534,2.0
10,16,-18.58660888671875,7.8867082595825195,31.0
10,17,-6.641520977020264,2.0916364192962646,5.0
10,18,-9.12891960144043,2.757499933242798,6.0
10,19,-14.979429244995117,12.140798568725586,273.0
10,20,-3.7329230308532715,2.1097819805145264,6.0
10,21,-2.95973801612854,2.682044506072998,4.0
10,22,-2.2547779083251953,1.7571523189544678,1.0
10,23,-7.162323951721191,2.782052993774414,2.0
10,24,-17.586902618408203,18.749187469482422,40.0
10,25,-19.302589416503906,15.760594367980957,414.0
10,26,-26.87895965576172,11.513748168945312,32.0
10,27,-12.953590393066406,25.49283790588379,133.0
10,28,-14.930720329284668,145.02508544921875,838.0
10,29,-76.97846984863281,46.942501068115234,3204.0
10,30,-7.732698440551758,2.3612442016601562,5.0
10,31,-7.179373741149902,10.947648048400879,28.0
10,32,-2.9318432807922363,2.0812337398529053,3.0
10,33,-1.8082467317581177,1.2947542667388916,2.0
10,34,-10.081883430480957,3.5262515544891357,5.0
10,35,-13.158370971679688,6.551980495452881,21.0
10,36,-21.86245346069336,5.374831199645996,47.0
10,37,-33.88488006591797,69.10382080078125,1078.0
10,38,-27.796085357666016,10.138504028320312,47.0
10,39,-28.83321189880371,13.752230644226074,56.0
10,40,-6.301846981048584,3.526723861694336,11.0
10,41,-19.061264038085938,117.36819458007812,1021.0
10,42,-8.746322631835938,8.904712677001953,114.0
10,43,-16.97394371032715,16.928367614746094,2637.0
10,44,-2.874683380126953,2.607072114944458,2.0
10,45,-5.467280864715576,1.9806203842163086,2.0
10,46,-3.5988998413085938,6.04632043838501,2.0
10,47,-5.805502414703369,4.268982887268066,15.0
10,48,-8.821393013000488,82.32678985595703,46.0
10,49,-19.39194107055664,5.032893180847168,19.0
10,50,-4.075027942657471,7.67151403427124,5.0
10,51,-5.725075721740723,4.184005260467529,6.0
10,52,-47.037986755371094,10.505504608154297,2585.0
10,53,-4.668946743011475,4.74131965637207,3.0
10,54,-29.05588150024414,37.787757873535156,253.0
10,55,-7.909656047821045,2.408130407333374,3.0
10,56,-38.487831115722656,122.85182189941406,204.0
10,57,-14.038238525390625,107.70681762695312,900.0
10,58,-5.131789684295654,13.012297630310059,18.0
10,59,-12.788246154785156,6.214543342590332,10.0
10,60,-6.172547817230225,21.895341873168945,33.0
10,61,-7.981049537658691,3.781704902648926,10.0
10,62,-7.851508140563965,13.696897506713867,21.0
10,63,-17.8891658782959,87.55712890625,133.0
10,64,-15.237310409545898,5.435950756072998,27.0
10,65,-6.664165496826172,27.996591567993164,21.0
10,66,-11.426372528076172,302.8344421386719,52.0
10,67,-6.258938312530518,2.1866424083709717,5.0
10,68,-4.054519176483154,1.965512752532959,2.0
10,69,-16.891403198242188,8.26000690460205,17.0
10,70,-26.11758041381836,77.70581817626953,646.0
10,71,-23.981525421142578,2962.65673828125,3970.0
10,72,-8.373607635498047,4.0374016761779785,6.0
10,73,-12.712902069091797,576.1978149414062,337.0
10,74,-10.957879066467285,6.210946083068848,141.0
10,75,-10.646308898925781,5.896653175354004,8.0
10,76,-5.974887847900391,2.34798002243042,4.0
10,77,-7.682462692260742,6.825159072875977,18.0
10,78,-6.376893043518066,2.2191219329833984,2.0
10,79,-8.151510238647461,58.894935607910156,25.0
10,80,-8.192716598510742,1.97926664352417,3.0
12,0,-20.808504104614258,19.54351234436035,49.0
12,1,-9.06256103515625,4.528663635253906,5.0
12,2,-19.602155685424805,50.42218017578125,1522.0
12,3,-11.96264362335205,5.523154258728027,4.0
12,4,-3.936138153076172,7.156844139099121,8.0
12,5,-13.959907531738281,1074.86865234375,153.0
12,6,-15.205923080444336,2.327450752258301,13.0
12,7,-9.900020599365234,7.242772102355957,11.0
12,8,-13.566217422485352,3.8830528259277344,11.0
12,9,-19.064271926879883,45.27949523925781,290.0
12,10,-7.472638130187988,12.07188606262207,8.0
12,11,-0.8618678450584412,1.538693904876709,1.0
12,12,-7.609344959259033,6.70153284072876,9.0
12,13,-7.046021461486816,5.821194171905518,13.0
12,14,-17.40150260925293,32.46947479248047,132.0
12,15,-2.022189140319824,1.962193489074707,1.0
12,16,-14.71734619140625,5.130795478820801,22.0
12,17,-5.656400680541992,1.8747756481170654,4.0
12,18,-7.380537509918213,2.2706353664398193,6.0
12,19,-15.419065475463867,13.063789367675781,182.0
12,20,-4.131149768829346,2.284688949584961,7.0
12,21,-2.5133509635925293,2.3112387657165527,3.0
12,22,-2.346942901611328,1.7981092929840088,4.0
12,23,-5.5965895652771,2.224457025527954,3.0
12,24,-16.764482498168945,16.34758949279785,36.0
12,25,-18.817182540893555,14.704726219177246,416.0
12,26,-23.10899543762207,8.172850608825684,21.0
12,27,-11.649569511413574,18.400768280029297,66.0
12,28,-14.167351722717285,112.44348907470703,582.0
12,29,-71.98564147949219,36.57196807861328,1195.0
12,30,-4.357709884643555,1.6228599548339844,1.0
12,31,-5.505019187927246,6.26517391204834,14.0
12,32,-3.324136257171631,2.29569149017334,3.0
12,33,-0.19072853028774261,1.0276215076446533,1.0
12,34,-6.988080024719238,2.395303726196289,3.0
12,35,-8.204564094543457,3.228703498840332,7.0
12,36,-19.301502227783203,4.413777828216553,30.0
12,37,-34.06785583496094,70.70257568359375,705.0
12,38,-24.6986026763916,7.831991672515869,35.0
12,39,-27.115447998046875,11.763960838317871,41.0
12,40,-4.996045112609863,2.716132640838623,11.0
12,41,-16.737335205078125,65.64974975585938,809.0
12,42,-8.43328857421875,8.234413146972656,108.0
12,43,-16.05996322631836,14.536467552185059,3217.0
12,44,-1.882067322731018,1.8726521730422974,2.0
12,45,-4.279814720153809,1.7074086666107178,2.0
12,46,-3.1220717430114746,4.763753414154053,2.0
12,47,-4.757401943206787,3.284946918487549,9.0
12,48,-8.27204704284668,62.553585052490234,28.0
12,49,-13.62179183959961,3.111638307571411,17.0
12,50,-3.781135320663452,6.623127460479736,7.0
12,51,-4.619229316711426,3.1734118461608887,5.0
12,52,-40.50701141357422,7.5787672996521,1439.0
12,53,-4.80217170715332,4.9566192626953125,3.0
12,54,-25.883060455322266,25.416093826293945,180.0
12,55,-5.926138401031494,1.9318146705627441,2.0
12,56,-36.19919204711914,92.28660583496094,179.0
12,57,-13.546009063720703,91.40831756591797,654.0
12,58,-5.637191295623779,16.753307342529297,23.0
12,59,-9.514513969421387,3.893141031265259,7.0
12,60,-5.684301853179932,17.152618408203125,20.0
12,61,-6.299346923828125,2.857340097427368,4.0
12,62,-4.112100601196289,3.9381072521209717,4.0
12,63,-14.809345245361328,40.54191207885742,61.0
12,64,-11.945911407470703,3.7709367275238037,8.0
12,65,-6.047628402709961,20.569597244262695,16.0
12,66,-12.380285263061523,487.9156799316406,51.0
12,67,-4.371330738067627,1.7270526885986328,2.0
12,68,-1.6564979553222656,1.3179572820663452,1.0
12,69,-18.782257080078125,10.462340354919434,20.0
12,70,-27.48556137084961,97.60482025146484,755.0
12,71,-24.966434478759766,4113.97314453125,3467.0
12,72,-8.203362464904785,3.924453020095825,6.0
12,73,-12.822742462158203,608.7278442382812,275.0
12,74,-10.933341026306152,6.185596942901611,138.0
12,75,-9.279962539672852,4.6957621574401855,7.0
12,76,-4.019688129425049,1.775782585144043,2.0
12,77,-6.773736000061035,5.4381232261657715,5.0
12,78,-6.054152488708496,2.131378650665283,2.0
12,79,-7.852010250091553,50.70401382446289,21.0
12,80,-5.806751728057861,1.6223828792572021,3.0
14,0,-18.527700424194336,14.109020233154297,19.0
14,1,-7.362987518310547,3.4115426540374756,4.0
14,2,-18.531856536865234,40.70582962036133,994.0
14,3,-13.525466918945312,6.904750347137451,9.0
14,4,-3.6613054275512695,6.237957000732422,5.0
14,5,-13.70591926574707,946.6785278320312,90.0
14,6,-16.29783058166504,2.4730074405670166,16.0
14,7,-8.958320617675781,5.999427795410156,10.0
14,8,-11.269041061401367,3.086087465286255,10.0
14,9,-19.718015670776367,51.60419845581055,375.0
14,10,-7.520430564880371,12.265742301940918,5.0
14,11,-1.268553614616394,1.8856579065322876,1.0
14,12,-6.724481582641602,5.371571063995361,9.0
14,13,-6.492473125457764,5.068871974945068,11.0
14,14,-16.665700912475586,28.02621078491211,76.0
14,15,-1.957153081893921,1.9201135635375977,1.0
14,16,-11.630315780639648,3.640996217727661,18.0
14,17,-6.118683815002441,1.9735890626907349,5.0
14,18,-7.623262882232666,2.3327064514160156,3.0
14,19,-14.88267707824707,11.946592330932617,86.0
14,20,-4.670043468475342,2.544689655303955,8.0
14,21,-2.6924400329589844,2.4534127712249756,4.0
14,22,-4.299737453460693,2.9298007488250732,15.0
14,23,-5.886668682098389,2.318574905395508,3.0
14,24,-15.921378135681152,14.204560279846191,32.0
14,25,-17.713924407958984,12.560547828674316,397.0
14,26,-21.59132957458496,7.1195759773254395,15.0
14,27,-10.49710464477539,13.794585227966309,31.0
14,28,-13.195393562316895,81.32591247558594,462.0
14,29,-70.55143737792969,34.04121398925781,726.0
14,30,-3.707777976989746,1.509797215461731,1.0
14,31,-6.653944492340088,9.188765525817871,23.0
14,32,-3.796159505844116,2.583228349685669,3.0
14,33,-0.14055779576301575,1.0202826261520386,1.0
14,34,-7.767838478088379,2.640530586242676,3.0
14,35,-6.137816429138184,2.4032716751098633,3.0
14,36,-18.791305541992188,4.243910312652588,23.0
14,37,-33.660099029541016,67.1891860961914,637.0
14,38,-24.143287658691406,7.477815628051758,32.0
14,39,-25.36496353149414,10.033262252807617,43.0
14,40,-12.641681671142578,12.532637596130371,11.0
14,41,-16.197021484375,57.354732513427734,538.0
14,42,-8.647710800170898,8.68786907196045,125.0
14,43,-16.042062759399414,14.493165969848633,4606.0
14,44,-1.5624380111694336,1.683395266532898,2.0
14,45,-3.3984618186950684,1.5292963981628418,1.0
14,46,-3.0777547359466553,4.659356594085693,2.0
14,47,-3.921767234802246,2.6656336784362793,3.0
14,48,-7.82032585144043,49.907081604003906,14.0
14,49,-11.097500801086426,2.5213429927825928,16.0
14,50,-3.0758514404296875,4.6549248695373535,1.0
14,51,-4.4401679039001465,3.0344855785369873,4.0
14,52,-35.683807373046875,5.954757213592529,499.0
14,53,-5.049886226654053,5.383266925811768,3.0
14,54,-22.675643920898438,17.02113151550293,122.0
14,55,-4.886593341827393,1.7210848331451416,1.0
14,56,-35.117820739746094,80.61845397949219,216.0
14,57,-13.177355766296387,80.83837127685547,477.0
14,58,-4.531599998474121,9.638832092285156,15.0
14,59,-10.655416488647461,4.582305908203125,8.0
14,60,-4.853484153747559,11.321935653686523,11.0
14,61,-6.3854780197143555,2.898653268814087,5.0
14,62,-2.3608920574188232,2.1967170238494873,1.0
14,63,-11.647071838378906,18.3892822265625,30.0
14,64,-9.895633697509766,3.002708911895752,5.0
14,65,-6.012187480926514,20.20830726623535,17.0
14,66,-12.580953598022461,539.4104614257812,59.0
14,67,-6.304250240325928,2.1990628242492676,3.0
14,68,-2.5171115398406982,1.5212290287017822,1.0
14,69,-18.133583068847656,9.647490501403809,21.0
14,70,-26.19282341003418,78.6864013671875,478.0
14,71,-25.39593505859375,4747.20849609375,4276.0
14,72,-9.029296875,4.503625869750977,6.0
14,73,-13.9031343460083,1044.785888671875,369.0
14,74,-12.4870023727417,8.013815879821777,306.0
14,75,-10.297429084777832,5.563559532165527,12.0
14,76,-2.6881301403045654,1.4681727886199951,1.0
14,77,-5.619251251220703,4.074764251708984,4.0
14,78,-5.980860710144043,2.111941337585449,2.0
14,79,-5.410073280334473,14.954864501953125,9.0
14,80,-5.342579364776611,1.5608257055282593,3.0
16,0,-16.501739501953125,10.563360214233398,15.0
16,1,-5.898447513580322,2.672661066055298,2.0
16,2,-16.933862686157227,29.570363998413086,666.0
16,3,-15.007574081420898,8.53298568725586,19.0
16,4,-3.5386674404144287,5.866943359375,5.0
16,5,-14.426852226257324,1357.535400390625,94.0
16,6,-14.468131065368652,2.233980655670166,21.0
16,7,-8.770549774169922,5.7783026695251465,11.0
16,8,-12.415059089660645,3.4608211517333984,13.0
16,9,-18.711423873901367,42.19428634643555,210.0
16,10,-7.817559242248535,13.542773246765137,7.0
16,11,-1.1963634490966797,1.818808674812317,1.0
16,12,-6.986483573913574,5.735190391540527,9.0
16,13,-6.409709453582764,4.965069770812988,10.0
16,14,-14.862713813781738,19.541545867919922,41.0
16,15,-1.395639181137085,1.5923534631729126,1.0
16,16,-10.051801681518555,3.0552666187286377,22.0
16,17,-6.8920440673828125,2.150676965713501,5.0
16,18,-7.946966171264648,2.4181342124938965,4.0
16,19,-14.955094337463379,12.091657638549805,68.0
16,20,-4.18381929397583,2.3088831901550293,7.0
16,21,-2.399080991744995,2.2248592376708984,2.0
16,22,-5.019102096557617,3.5070509910583496,20.0
16,23,-5.060652256011963,2.0605034828186035,3.0
16,24,-15.835301399230957,14.00223445892334,27.0
16,25,-18.44072723388672,13.934804916381836,357.0
16,26,-18.162893295288086,5.21308708190918,11.0
16,27,-8.406257629394531,8.178955078125,19.0
16,28,-12.879090309143066,73.18791198730469,374.0
16,29,-68.19747924804688,30.261428833007812,464.0
16,30,-3.23878812789917,1.4331364631652832,1.0
16,31,-4.765617370605469,4.896590709686279,13.0
16,32,-3.8580942153930664,2.623537540435791,3.0
16,33,-0.15475237369537354,1.0223536491394043,1.0
16,34,-6.7252092361450195,2.317875862121582,3.0
16,35,-3.948728561401367,1.757872223854065,1.0
16,36,-18.765670776367188,4.2355499267578125,24.0
16,37,-32.5841064453125,58.73367691040039,570.0
16,38,-23.275951385498047,6.9564032554626465,23.0
16,39,-24.183603286743164,9.011571884155273,37.0
16,40,-7.562160491943359,4.537753582000732,13.0
16,41,-15.66749095916748,50.243072509765625,397.0
16,42,-8.235391616821289,7.836935997009277,104.0
16,43,-14.554322242736816,11.31037425994873,3481.0
16,44,-1.3722710609436035,1.5799981355667114,2.0
16,45,-2.5867133140563965,1.3817338943481445,1.0
16,46,-2.974909543991089,4.425816059112549,2.0
16,47,-3.452791690826416,2.370729923248291,3.0
16,48,-7.302282333374023,38.51859664916992,8.0
16,49,-10.112369537353516,2.3226237297058105,15.0
16,50,-2.845000743865967,4.147477626800537,1.0
16,51,-4.853575706481934,3.3648853302001953,4.0
16,52,-30.865947723388672,4.679996490478516,228.0
16,53,-5.196870803833008,5.653587341308594,3.0
16,54,-20.313758850097656,12.669782638549805,76.0
16,55,-4.834524154663086,1.7111562490463257,2.0
16,56,-34.9018440246582,78.47111511230469,182.0
16,57,-13.207822799682617,81.66352081298828,367.0
16,58,-3.741859197616577,6.494330883026123,8.0
16,59,-10.438312530517578,4.4423675537109375,8.0
16,60,-4.299988746643066,8.584810256958008,5.0
16,61,-5.928366661071777,2.686021566390991,3.0
16,62,-1.798323154449463,1.8211005926132202,1.0
16,63,-10.585841178894043,14.104025840759277,20.0
16,64,-8.739303588867188,2.6406729221343994,4.0
16,65,-5.973940849304199,19.825529098510742,17.0
16,66,-12.074098587036133,418.6558837890625,57.0
16,67,-7.1100172996521,2.4320929050445557,3.0
16,68,-2.2619502544403076,1.4578921794891357,1.0
16,69,-17.478286743164062,8.888745307922363,19.0
16,70,-27.209793090820312,93.22030639648438,424.0
16,71,-25.08962059020996,4286.4189453125,4670.0
16,72,-9.02176284790039,4.497974395751953,6.0
16,73,-14.03065299987793,1113.5701904296875,446.0
16,74,-12.94234848022461,8.645665168762207,281.0
16,75,-9.537954330444336,4.902077674865723,12.0
16,76,-1.5583685636520386,1.2493507862091064,1.0
16,77,-4.557788372039795,3.125040054321289,4.0
16,78,-6.210976600646973,2.173572301864624,2.0
16,79,-3.944448709487915,7.186644554138184,4.0
16,80,-4.901239395141602,1.5044639110565186,3.0
18,0,-12.988500595092773,6.394895553588867,9.0
18,1,-4.070808410644531,1.9708561897277832,2.0
18,2,-15.934257507324219,24.212074279785156,737.0
18,3,-14.459229469299316,7.890064239501953,25.0
18,4,-4.009518146514893,7.424305438995361,7.0
18,5,-14.892631530761719,1713.5384521484375,140.0
18,6,-12.897897720336914,2.0473573207855225,29.0
18,7,-8.69571304321289,5.6924614906311035,10.0
18,8,-14.386787414550781,4.215123176574707,17.0
18,9,-16.736854553222656,28.427894592285156,95.0
18,10,-7.110178470611572,10.698028564453125,7.0
18,11,-1.1954255104064941,1.8179559707641602,2.0
18,12,-6.301242828369141,4.832242965698242,9.0
18,13,-5.705948829650879,4.164045810699463,9.0
18,14,-12.262014389038086,11.616225242614746,17.0
18,15,-0.9732609987258911,1.3832285404205322,1.0
18,16,-9.888569831848145,3.0003530979156494,20.0
18,17,-7.367423057556152,2.267329216003418,3.0
18,18,-8.339317321777344,2.525883197784424,8.0
18,19,-17.148290634155273,17.42748260498047,103.0
18,20,-5.130975723266602,2.790428400039673,17.0
18,21,-2.031414747238159,1.9682371616363525,1.0
18,22,-4.379140853881836,2.9885408878326416,16.0
18,23,-3.8658447265625,1.7371807098388672,2.0
18,24,-15.554089546203613,13.361111640930176,90.0
18,25,-19.737056732177734,16.769800186157227,315.0
18,26,-15.525222778320312,4.101627826690674,10.0
18,27,-5.951268672943115,4.427420616149902,7.0
18,28,-12.81312370300293,71.59615325927734,333.0
18,29,-65.588134765625,26.560012817382812,519.0
18,30,-1.8700530529022217,1.2309468984603882,1.0
18,31,-2.0218019485473633,1.9619404077529907,1.0
18,32,-4.295504093170166,2.926701307296753,2.0
18,33,-0.057440657168626785,1.0082396268844604,1.0
18,34,-4.7342143058776855,1.8071966171264648,3.0
18,35,-2.041653633117676,1.3386541604995728,1.0
18,36,-18.0722599029541,4.015547752380371,27.0
18,37,-30.843345642089844,47.24837112426758,521.0
18,38,-21.47808837890625,5.988498687744141,23.0
18,39,-22.84379768371582,7.978168487548828,27.0
18,40,-12.745002746582031,12.794309616088867,56.0
18,41,-14.927030563354492,41.7524299621582,404.0
18,42,-7.489876747131348,6.504336833953857,63.0
18,43,-14.881284713745117,11.943821907043457,3027.0
18,44,-0.9942176342010498,1.3929250240325928,2.0
18,45,-2.0465588569641113,1.2915199995040894,1.0
18,46,-3.0178604125976562,4.521890640258789,2.0
18,47,-3.1847152709960938,2.217052936553955,3.0
18,48,-6.970837116241455,32.636085510253906,8.0
18,49,-8.50377082824707,2.0312421321868896,13.0
18,50,-2.733846426010132,3.9232609272003174,1.0
18,51,-5.214944362640381,3.6830310821533203,5.0
18,52,-29.450136184692383,4.360151290893555,247.0
18,53,-5.765195369720459,6.8327813148498535,4.0
18,54,-18.56294059753418,10.179414749145508,33.0
18,55,-4.906737327575684,1.7249412536621094,3.0
18,56,-34.82868194580078,77.75674438476562,117.0
18,57,-12.36789321899414,61.72142028808594,263.0
18,58,-3.672722339630127,6.273667812347412,8.0
18,59,-9.091056823730469,3.66461181640625,6.0
18,60,-4.467463493347168,9.334635734558105,5.0
18,61,-5.431891441345215,2.4727110862731934,4.0
18,62,-1.3417508602142334,1.5640056133270264,1.0
18,63,-9.84618854522705,11.72293472290039,18.0
18,64,-6.936226844787598,2.1612610816955566,4.0
18,65,-6.057044506072998,20.666669845581055,18.0
18,66,-12.529784202575684,525.7848510742188,89.0
18,67,-6.761531352996826,2.328423500061035,3.0
18,68,-1.2192977666854858,1.2253375053405762,1.0
18,69,-18.431686401367188,10.013766288757324,13.0
18,70,-29.57174301147461,138.18919372558594,526.0
18,71,-26.99431037902832,8087.72802734375,7085.0
18,72,-8.492673873901367,4.118321418762207,5.0
18,73,-13.235152244567871,748.1295166015625,340.0
18,74,-11.899927139282227,7.2668375968933105,166.0
18,75,-8.590563774108887,4.186062812805176,8.0
18,76,-1.0204708576202393,1.156943440437317,1.0
18,77,-5.181418418884277,3.6522908210754395,4.0
18,78,-7.1128034591674805,2.4329400062561035,3.0
18,79,-4.510537147521973,9.537854194641113,10.0
18,80,-4.37000036239624,1.4393141269683838,3.0
20,0,-12.076316833496094,5.613576889038086,17.0
20,1,-3.726588249206543,1.8609702587127686,1.0
20,2,-14.366337776184082,17.694744110107422,426.0
20,3,-15.300190925598145,8.897244453430176,17.0
20,4,-4.040534496307373,7.540340423583984,8.0
20,5,-14.00169849395752,1097.5648193359375,76.0
20,6,-11.670646667480469,1.9124195575714111,28.0
20,7,-7.957942008972168,4.911544322967529,6.0
20,8,-14.580227851867676,4.297454357147217,20.0
20,9,-14.901668548583984,19.69438934326172,53.0
20,10,-6.925083160400391,10.057927131652832,5.0
20,11,-0.9358634352684021,1.5966882705688477,1.0
20,12,-5.070727348327637,3.552607536315918,8.0
20,13,-5.070468902587891,3.552377939224243,9.0
20,14,-10.777227401733398,8.631735801696777,11.0
20,15,-0.7742849588394165,1.2944618463516235,1.0
20,16,-9.831103324890137,2.9812562465667725,17.0
20,17,-7.078280448913574,2.1956443786621094,3.0
20,18,-7.953933238983154,2.42000675201416,7.0
20,19,-16.505338668823242,15.656557083129883,71.0
20,20,-5.5236968994140625,3.0184381008148193,22.0
20,21,-2.032341957092285,1.9688454866409302,2.0
20,22,-3.8537943363189697,2.6207187175750732,12.0
20,23,-4.898444175720215,2.013305187225342,2.0
20,24,-14.415773391723633,11.052193641662598,30.0
20,25,-18.843643188476562,14.760417938232422,264.0
20,26,-15.413534164428711,4.060192108154297,9.0
20,27,-6.155970573425293,4.65989351272583,6.0
20,28,-12.639261245727539,67.5647964477539,316.0
20,29,-65.03065490722656,25.82990074157715,585.0
20,30,-2.0641939640045166,1.2577883005142212,1.0
20,31,-2.4811434745788574,2.2865583896636963,2.0
20,32,-3.6725692749023438,2.5046334266662598,2.0
20,33,-0.06567021459341049,1.0094256401062012,1.0
20,34,-4.430102348327637,1.7397871017456055,3.0
20,35,-2.476268768310547,1.4244028329849243,1.0
20,36,-17.825021743774414,3.9399006366729736,35.0
20,37,-29.02094268798828,37.623085021972656,514.0
20,38,-20.71295928955078,5.618585586547852,16.0
20,39,-21.83426284790039,7.278560161590576,25.0
20,40,-8.719532012939453,5.7196431159973145,17.0
20,41,-14.366762161254883,36.29538345336914,357.0
20,42,-7.099331378936768,5.899295330047607,63.0
20,43,-15.320367813110352,12.850652694702148,4150.0
20,44,-0.8307779431343079,1.3190687894821167,1.0
20,45,-2.2250726222991943,1.320663332939148,1.0
20,46,-3.5816080570220947,5.994270324707031,2.0
20,47,-3.374270439147949,2.324645519256592,3.0
20,48,-7.321303367614746,38.88667678833008,10.0
20,49,-8.281232833862305,1.9939203262329102,13.0
20,50,-2.5181517601013184,3.522165060043335,1.0
20,51,-4.7277936935424805,3.260721445083618,5.0
20,52,-29.4998722076416,4.371007919311523,175.0
20,53,-5.82759952545166,6.976401329040527,6.0
20,54,-16.498416900634766,7.864052772521973,27.0
20,55,-4.895561218261719,1.722800612449646,3.0
20,56,-33.7354621887207,67.82513427734375,143.0
20,57,-12.209413528442383,58.545528411865234,200.0
20,58,-3.5290586948394775,5.8388237953186035,8.0
20,59,-10.324482917785645,4.370712757110596,5.0
20,60,-4.335168361663818,8.737151145935059,5.0
20,61,-4.642729759216309,2.1679635047912598,4.0
20,62,-1.5177993774414062,1.6585323810577393,1.0
20,63,-8.88273811340332,9.21363639831543,14.0
20,64,-8.031059265136719,2.4408345222473145,7.0
20,65,-6.052957534790039,20.624483108520508,20.0
20,66,-13.034253120422363,676.63134765625,122.0
20,67,-6.3737335205078125,2.2182457447052,3.0
20,68,-1.9786198139190674,1.3906481266021729,1.0
20,69,-18.57347869873047,10.192832946777344,15.0
20,70,-27.69717788696289,101.10869598388672,404.0
20,71,-27.428993225097656,9348.748046875,7738.0
20,72,-7.853300094604492,3.7020373344421387,5.0
20,73,-14.581562042236328,1466.7158203125,301.0
20,74,-11.671360969543457,6.995218753814697,198.0
20,75,-9.924030303955078,5.22787618637085,10.0
20,76,-1.0061091184616089,1.1545722484588623,1.0
20,77,-5.743438720703125,4.203257083892822,6.0
20,78,-6.556842803955078,2.269603967666626,2.0
20,79,-3.9897818565368652,7.351400852203369,8.0
20,80,-3.5267415046691895,1.341643214225769,3.0
22,0,-12.76902961730957,6.197507381439209,21.0
22,1,-4.013080596923828,1.9519848823547363,1.0
22,2,-13.360904693603516,14.471495628356934,245.0
22,3,-15.791213989257812,9.543761253356934,11.0
22,4,-3.4383316040039062,5.579871654510498,4.0
22,5,-13.985302925109863,1088.6041259765625,73.0
22,6,-11.188145637512207,1.8618369102478027,18.0
22,7,-7.948688507080078,4.902462959289551,5.0
22,8,-13.148192405700684,3.7240777015686035,18.0
22,9,-13.496002197265625,14.867837905883789,37.0
22,10,-7.675641059875488,12.917036056518555,7.0
22,11,-0.5414912700653076,1.310941457748413,1.0
22,12,-4.4363250732421875,3.031571626663208,7.0
22,13,-4.738169193267822,3.2691900730133057,7.0
22,14,-9.954303741455078,7.321833610534668,11.0
22,15,-0.5697970390319824,1.209167718887329,1.0
22,16,-9.260066986083984,2.797976016998291,19.0
22,17,-6.3647918701171875,2.0283021926879883,3.0
22,18,-7.286520957946777,2.247039318084717,5.0
22,19,-14.637188911437988,11.467667579650879,48.0
22,20,-4.618358612060547,2.5185208320617676,11.0
22,21,-1.7168664932250977,1.7723188400268555,2.0
22,22,-3.911648988723755,2.6588993072509766,11.0
22,23,-5.931654453277588,2.3335230350494385,2.0
22,24,-13.3733491897583,9.28956413269043,12.0
22,25,-18.392499923706055,13.839129447937012,230.0
22,26,-14.97455883026123,3.901353120803833,8.0
22,27,-6.771627426147461,5.4352569580078125,5.0
22,28,-12.601173400878906,66.71243286132812,297.0
22,29,-63.7310791015625,24.204872131347656,456.0
22,30,-2.59159517288208,1.3336973190307617,1.0
22,31,-4.160074234008789,4.001588821411133,8.0
22,32,-3.2324347496032715,2.2436604499816895,2.0
22,33,-0.10937824845314026,1.015748143196106,1.0
22,34,-5.323154449462891,1.9452574253082275,3.0
22,35,-3.059990882873535,1.5482752323150635,1.0
22,36,-16.77479362487793,3.634126663208008,33.0
22,37,-27.83747673034668,32.44948196411133,442.0
22,38,-20.034141540527344,5.309575080871582,14.0
22,39,-21.207185745239258,6.875235557556152,27.0
22,40,-5.575939655303955,3.0501413345336914,18.0
22,41,-14.049751281738281,33.5299072265625,326.0
22,42,-6.893489360809326,5.603393077850342,55.0
22,43,-14.755876541137695,11.696769714355469,4088.0
22,44,-0.9277958273887634,1.3624237775802612,1.0
22,45,-2.2469325065612793,1.3242769241333008,1.0
22,46,-3.430920124053955,5.559232234954834,2.0
22,47,-3.4991092681884766,2.398341178894043,3.0
22,48,-7.108554363250732,34.96253967285156,10.0
22,49,-8.036262512207031,1.953628659248352,15.0
22,50,-2.643746852874756,3.750440835952759,1.0
22,51,-4.256396293640137,2.898226737976074,4.0
22,52,-28.278018951416016,4.111964702606201,102.0
22,53,-4.914090156555176,5.145024299621582,4.0
22,54,-15.368003845214844,6.827785968780518,22.0
22,55,-4.821934700012207,1.7087644338607788,1.0
22,56,-30.46001434326172,45.037784576416016,126.0
22,57,-11.76231575012207,50.439361572265625,168.0
22,58,-3.419013023376465,5.526233673095703,4.0
22,59,-11.76345157623291,5.3682026863098145,6.0
22,60,-4.084629535675049,7.708432197570801,5.0
22,61,-4.021394729614258,1.9546916484832764,3.0
22,62,-2.010542154312134,1.9545905590057373,1.0
22,63,-8.609028816223145,8.604257583618164,11.0
22,64,-8.461155891418457,2.5603103637695312,7.0
22,65,-5.854830741882324,18.679288864135742,16.0
22,66,-12.999200820922852,664.8758544921875,83.0
22,67,-6.722967147827148,2.3172264099121094,3.0
22,68,-2.8606481552124023,1.6108704805374146,2.0
22,69,-16.86600112915039,8.233820915222168,13.0
22,70,-25.103309631347656,65.62030029296875,170.0
22,71,-25.85574722290039,5533.53857421875,6061.0
22,72,-7.409931659698486,3.4383392333984375,6.0
22,73,-16.13759422302246,3193.258544921875,321.0
22,74,-11.62244987487793,6.938426494598389,213.0
22,75,-10.604296684265137,5.855507850646973,7.0
22,76,-1.005817174911499,1.1545240879058838,1.0
22,77,-5.463309288024902,3.918963670730591,4.0
22,78,-5.8345866203308105,2.0736770629882812,2.0
22,79,-3.9953198432922363,7.3717851638793945,8.0
22,80,-2.9862496852874756,1.2825549840927124,2.0
24,0,-13.135296821594238,6.530417442321777,23.0
24,1,-3.5000431537628174,1.792014718055725,1.0
24,2,-13.473061561584473,14.799779891967773,241.0
24,3,-15.635515213012695,9.333826065063477,8.0
24,4,-3.1461966037750244,4.821563720703125,3.0
24,5,-14.925687789916992,1742.0953369140625,153.0
24,6,-12.135746002197266,1.9624782800674438,12.0
24,7,-8.461012840270996,5.431430816650391,5.0
24,8,-12.12990951538086,3.363529682159424,15.0
24,9,-13.23167896270752,14.10227108001709,34.0
24,10,-6.983414649963379,10.255404472351074,7.0
24,11,-0.40705418586730957,1.225718379020691,1.0
24,12,-3.909837484359741,2.6576955318450928,7.0
24,13,-4.3604817390441895,2.974632501602173,6.0
24,14,-9.027189254760742,6.082633972167969,8.0
24,15,-0.5050022006034851,1.183331847190857,1.0
24,16,-9.24458122253418,2.793165683746338,20.0
24,17,-6.28375244140625,2.0101206302642822,3.0
24,18,-6.757833003997803,2.1188433170318604,3.0
24,19,-15.118733406066895,12.42597484588623,52.0
24,20,-4.55438756942749,2.4865036010742188,12.0
24,21,-1.3978910446166992,1.593549132347107,1.0
24,22,-3.6615071296691895,2.497716188430786,11.0
24,23,-4.831027030944824,1.994008183479309,2.0
24,24,-11.726593017578125,7.059908866882324,9.0
24,25,-18.985919952392578,15.063496589660645,209.0
24,26,-14.195121765136719,3.6344783306121826,8.0
24,27,-4.827319145202637,3.3428702354431152,1.0
24,28,-12.557741165161133,65.75354766845703,298.0
24,29,-63.9167366027832,24.43060874938965,403.0
24,30,-2.1217174530029297,1.2658532857894897,1.0
24,31,-4.747060775756836,4.866395473480225,11.0
24,32,-3.3154327869415283,2.2907018661499023,2.0
24,33,-0.0873032957315445,1.0125499963760376,1.0
24,34,-4.8689866065979,1.8378994464874268,3.0
24,35,-2.2210092544555664,1.3733967542648315,1.0
24,36,-15.697094917297363,3.3450071811676025,22.0
24,37,-27.46335220336914,30.966903686523438,392.0
24,38,-19.183574676513672,4.946257591247559,13.0
24,39,-20.702350616455078,6.566834926605225,25.0
24,40,-5.450069904327393,2.974315643310547,14.0
24,41,-13.816919326782227,31.6339168548584,353.0
24,42,-6.674849033355713,5.305331230163574,42.0
24,43,-14.492822647094727,11.195034980773926,3612.0
24,44,-0.8955280184745789,1.3478481769561768,1.0
24,45,-2.0405731201171875,1.2905540466308594,1.0
24,46,-3.148219108581543,4.826441764831543,2.0
24,47,-3.284224510192871,2.2728991508483887,3.0
24,48,-6.804705619812012,30.034683227539062,9.0
24,49,-7.083811283111572,1.8045613765716553,14.0
24,50,-2.9162163734436035,4.297821044921875,2.0
24,51,-3.99053692817688,2.7118585109710693,4.0
24,52,-26.11212921142578,3.6899261474609375,85.0
24,53,-4.511085510253906,4.4982805252075195,3.0
24,54,-14.092586517333984,5.821589469909668,15.0
24,55,-4.703652858734131,1.686453938484192,1.0
24,56,-28.936569213867188,37.228370666503906,119.0
24,57,-11.302391052246094,43.27017593383789,160.0
24,58,-3.9084713459014893,7.058521747589111,6.0
24,59,-11.969998359680176,5.528960704803467,9.0
24,60,-4.137176036834717,7.913640975952148,6.0
24,61,-3.684936046600342,1.8480961322784424,2.0
24,62,-1.8707168102264404,1.865580439567566,1.0
24,63,-8.050098419189453,7.482183456420898,10.0
24,64,-7.218236923217773,2.230055093765259,4.0
24,65,-6.1096415519714355,21.217382431030273,16.0
24,66,-13.168388366699219,723.5677490234375,68.0
24,67,-6.702038764953613,2.3111722469329834,3.0
24,68,-2.8528263568878174,1.608771800994873,2.0
24,69,-15.483549118041992,6.927116870880127,10.0
24,70,-24.758014678955078,61.950496673583984,140.0
24,71,-26.007579803466797,5820.8017578125,5854.0
24,72,-6.9621148109436035,3.1910579204559326,6.0
24,73,-16.23162269592285,3346.97216796875,345.0
24,74,-11.533596992492676,6.836432933807373,196.0
24,75,-9.444743156433105,4.826510906219482,8.0
24,76,-0.8810548782348633,1.1341290473937988,1.0
24,77,-5.161611557006836,3.6342504024505615,4.0
24,78,-5.767133712768555,2.0562660694122314,2.0
24,79,-4.4095025062561035,9.067995071411133,8.0
24,80,-2.475358486175537,1.2290972471237183,2.0
26,0,-13.169794082641602,6.562681198120117,23.0
26,1,-3.4080989360809326,1.7647629976272583,1.0
26,2,-13.716290473937988,15.53752326965332,263.0
26,3,-15.85580062866211,9.632225036621094,9.0
26,4,-3.1789791584014893,4.901246547698975,3.0
26,5,-15.034879684448242,1839.8509521484375,145.0
26,6,-12.722674369812012,2.0275237560272217,14.0
26,7,-9.098861694335938,6.170454025268555,5.0
26,8,-11.989156723022461,3.316519021987915,15.0
26,9,-13.066068649291992,13.64282512664795,36.0
26,10,-6.301217079162598,8.16948413848877,6.0
26,11,-0.4324606657028198,1.2413883209228516,1.0
26,12,-4.100210189819336,2.7872419357299805,7.0
26,13,-4.403868675231934,3.007072925567627,6.0
26,14,-8.687321662902832,5.682915210723877,8.0
26,15,-0.6335622668266296,1.2351438999176025,1.0
26,16,-8.749711036682129,2.643728256225586,19.0
26,17,-6.583887100219727,2.078284978866577,3.0
26,18,-6.117825508117676,1.9734009504318237,3.0
26,19,-14.993183135986328,12.168662071228027,58.0
26,20,-4.406752109527588,2.4141573905944824,11.0
26,21,-1.3804808855056763,1.5843279361724854,1.0
26,22,-3.15044903755188,2.198141574859619,9.0
26,23,-4.642050743103027,1.94089674949646,2.0
26,24,-11.197301864624023,6.463797569274902,14.0
26,25,-18.722972869873047,14.508149147033691,192.0
26,26,-12.82887077331543,3.209968090057373,7.0
26,27,-3.9561116695404053,2.68861985206604,1.0
26,28,-12.68232536315918,68.54166412353516,335.0
26,29,-63.857913970947266,24.358861923217773,399.0
26,30,-2.3206703662872314,1.2941476106643677,1.0
26,31,-4.66165828704834,4.729814529418945,10.0
26,32,-3.254424571990967,2.256028890609741,2.0
26,33,-0.10377097129821777,1.0149348974227905,1.0
26,34,-4.509111404418945,1.7570546865463257,2.0
26,35,-2.0069234371185303,1.3320289850234985,1.0
26,36,-15.577056884765625,3.314262628555298,18.0
26,37,-28.51665496826172,35.32468032836914,397.0
26,38,-18.943294525146484,4.848201751708984,13.0
26,39,-19.901437759399414,6.105693340301514,21.0
26,40,-4.908323287963867,2.6688954830169678,12.0
26,41,-13.898682594299316,32.287193298339844,404.0
26,42,-6.85317325592041,5.547199726104736,47.0
26,43,-13.843106269836426,10.046099662780762,3207.0
26,44,-0.9731230139732361,1.3831650018692017,1.0
26,45,-1.9167561531066895,1.2707337141036987,1.0
26,46,-3.1808066368103027,4.905727386474609,2.0
26,47,-3.1219429969787598,2.18253231048584,3.0
26,48,-6.465244293212891,25.346031188964844,6.0
26,49,-6.653085708618164,1.74093759059906,12.0
26,50,-3.1816227436065674,4.907729148864746,2.0
26,51,-3.990809202194214,2.712043285369873,4.0
26,52,-24.138254165649414,3.3431475162506104,75.0
26,53,-4.374180793762207,4.297615051269531,3.0
26,54,-13.381710052490234,5.326602935791016,14.0
26,55,-4.744566917419434,1.6941381692886353,1.0
26,56,-27.67617416381836,31.8017635345459,122.0
26,57,-11.062959671020508,39.950984954833984,143.0
26,58,-4.260094165802002,8.415263175964355,9.0
26,59,-10.67872428894043,4.597589015960693,9.0
26,60,-3.678149461746216,6.290715217590332,3.0
26,61,-4.122983455657959,1.9880691766738892,2.0
26,62,-1.8124477863311768,1.8296949863433838,1.0
26,63,-8.09188461303711,7.560756206512451,11.0
26,64,-6.641444206237793,2.091618776321411,4.0
26,65,-6.280817031860352,23.11330795288086,18.0
26,66,-13.061464309692383,685.9002075195312,64.0
26,67,-6.360411643981934,2.214555025100708,3.0
26,68,-2.655754327774048,1.5567896366119385,2.0
26,69,-15.58367919921875,7.014362812042236,12.0
26,70,-24.343284606933594,57.81303405761719,161.0
26,71,-25.91524887084961,5644.3837890625,6251.0
26,72,-6.9985151290893555,3.2104759216308594,5.0
26,73,-14.726308822631836,1576.8026123046875,336.0
26,74,-11.549328804016113,6.854382038116455,230.0
26,75,-8.288843154907227,3.980764389038086,6.0
26,76,-0.8529120683670044,1.1295784711837769,1.0
26,77,-4.502063751220703,3.0818064212799072,4.0
26,78,-6.35677433013916,2.213548183441162,2.0
26,79,-4.581221580505371,9.88097095489502,7.0
26,80,-2.1310110092163086,1.1943286657333374,2.0
28,0,-13.609902381896973,6.988541126251221,23.0
28,1,-3.5847859382629395,1.8175042867660522,1.0
28,2,-13.599191665649414,15.177868843078613,234.0
28,3,-15.770895957946777,9.516101837158203,9.0
28,4,-3.313424825668335,5.242048740386963,3.0
28,5,-14.847943305969238,1675.675537109375,90.0
28,6,-12.747496604919434,2.0303215980529785,13.0
28,7,-9.25759506225586,6.369487285614014,5.0
28,8,-12.512825965881348,3.4948222637176514,15.0
28,9,-12.830581665039062,13.015179634094238,42.0
28,10,-6.7066144943237305,9.351513862609863,6.0
28,11,-0.60137939453125,1.3507901430130005,1.0
28,12,-4.423033714294434,3.021515369415283,7.0
28,13,-4.520307540893555,3.0958945751190186,6.0
28,14,-8.229012489318848,5.185169219970703,6.0
28,15,-0.8394579291343689,1.3228907585144043,1.0
28,16,-8.319011688232422,2.520190715789795,19.0
28,17,-6.4919843673706055,2.0571706295013428,3.0
28,18,-5.576915264129639,1.8582910299301147,3.0
28,19,-14.733342170715332,11.652923583984375,53.0
28,20,-4.1373291015625,2.2875144481658936,10.0
28,21,-1.4541308879852295,1.6237045526504517,1.0
28,22,-3.333176612854004,2.3008859157562256,10.0
28,23,-4.796413898468018,1.9841724634170532,2.0
28,24,-10.677228927612305,5.927118301391602,17.0
28,25,-17.82624053955078,12.763708114624023,167.0
28,26,-12.605554580688477,3.1454579830169678,7.0
28,27,-3.8956644535064697,2.6482951641082764,1.0
28,28,-12.704334259033203,69.04634094238281,400.0
28,29,-63.180259704589844,23.547344207763672,425.0
28,30,-2.4757237434387207,1.316636562347412,1.0
28,31,-4.201613903045654,4.057382106781006,8.0
28,32,-3.2686755657196045,2.264080762863159,2.0
28,33,-0.11636632680892944,1.0167627334594727,1.0
28,34,-4.546130180358887,1.7652040719985962,2.0
28,35,-2.038707733154297,1.3380910158157349,1.0
28,36,-15.856488227844238,3.386273145675659,17.0
28,37,-28.572956085205078,35.574161529541016,380.0
28,38,-19.299577713012695,4.994304656982422,15.0
28,39,-20.064807891845703,6.19705057144165,21.0
28,40,-4.759195327758789,2.5904695987701416,14.0
28,41,-13.871212005615234,32.06621551513672,378.0
28,42,-6.937767505645752,5.665764808654785,49.0
28,43,-13.474603652954102,9.447662353515625,3006.0
28,44,-1.0768446922302246,1.431822657585144,1.0
28,45,-1.8844637870788574,1.2656147480010986,1.0
28,46,-3.316352367401123,5.249727725982666,2.0
28,47,-3.018998861312866,2.1270792484283447,2.0
28,48,-6.524700164794922,26.11082649230957,6.0
28,49,-6.452105522155762,1.7120225429534912,13.0
28,50,-2.8966057300567627,4.255885601043701,2.0
28,51,-3.8848090171813965,2.641118049621582,3.0
28,52,-22.93915367126465,3.148599147796631,76.0
28,53,-4.246903896331787,4.1190996170043945,3.0
28,54,-13.330451965332031,5.292583465576172,14.0
28,55,-4.682605743408203,1.6825146675109863,1.0
28,56,-26.551742553710938,27.631816864013672,112.0
28,57,-11.047426223754883,39.744651794433594,131.0
28,58,-4.020364284515381,7.464677333831787,8.0
28,59,-10.371404647827148,4.400108814239502,8.0
28,60,-3.2305970191955566,5.029388904571533,3.0
28,61,-4.60385274887085,2.153961658477783,3.0
28,62,-1.7363979816436768,1.7838952541351318,1.0
28,63,-8.236804962158203,7.839705467224121,13.0
28,64,-6.270296096801758,2.007117509841919,3.0
28,65,-6.084068298339844,20.947811126708984,18.0
28,66,-12.695530891418457,571.21484375,66.0
28,67,-5.6738996505737305,2.032440662384033,3.0
28,68,-2.4140238761901855,1.495315670967102,2.0
28,69,-15.648222923278809,7.071183681488037,11.0
28,70,-23.80681610107422,52.86824035644531,171.0
28,71,-25.703813552856445,5260.27099609375,6493.0
28,72,-7.291835784912109,3.3713252544403076,5.0
28,73,-13.596603393554688,896.3237915039062,305.0
28,74,-11.707666397094727,7.0376739501953125,274.0
28,75,-7.698904991149902,3.60798978805542,6.0
28,76,-0.7999058961868286,1.121057391166687,1.0
28,77,-4.289360523223877,2.9222099781036377,4.0
28,78,-6.7010908126831055,2.310898542404175,2.0
28,79,-4.247253894805908,8.361409187316895,5.0
28,80,-2.068211317062378,1.1880947351455688,2.0
30,0,-14.424173355102539,7.850649356842041,32.0
30,1,-3.356307029724121,1.7495954036712646,1.0
30,2,-13.409294128417969,14.612229347229004,216.0
30,3,-15.15523910522461,8.714899063110352,12.0
30,4,-3.3491404056549072,5.336501121520996,4.0
30,5,-14.993741989135742,1802.393798828125,78.0
30,6,-12.85856819152832,2.042888879776001,12.0
30,7,-9.129478454589844,6.208353042602539,5.0
30,8,-11.968441009521484,3.3096554279327393,14.0
30,9,-12.752732276916504,12.814104080200195,51.0
30,10,-7.061030387878418,10.524194717407227,6.0
30,11,-0.8240742087364197,1.5098904371261597,1.0
30,12,-4.364632606506348,2.9777207374572754,7.0
30,13,-4.5168609619140625,3.0932281017303467,5.0
30,14,-7.704477310180664,4.668768882751465,4.0
30,15,-1.0359324216842651,1.412428855895996,1.0
30,16,-8.325427055358887,2.5219879150390625,18.0
30,17,-6.057663917541504,1.960253357887268,3.0
30,18,-5.247006416320801,1.7914059162139893,3.0
30,19,-15.092289924621582,12.371329307556152,54.0
30,20,-4.4127278327941895,2.4170446395874023,10.0
30,21,-1.6614611148834229,1.7398873567581177,1.0
30,22,-3.8529183864593506,2.620144844055176,12.0
30,23,-3.6798219680786133,1.6916236877441406,2.0
30,24,-9.682353973388672,5.021484851837158,20.0
30,25,-16.89923095703125,11.180550575256348,139.0
30,26,-13.50584602355957,3.4137251377105713,8.0
30,27,-3.782738447189331,2.574575424194336,1.0
30,28,-12.671853065490723,68.30280303955078,424.0
30,29,-62.94575119018555,23.27285385131836,430.0
30,30,-2.000819683074951,1.2489625215530396,1.0
30,31,-3.779977321624756,3.525394916534424,7.0
30,32,-3.3314223289489746,2.2998769283294678,2.0
30,33,-0.09222232550382614,1.0132616758346558,1.0
30,34,-4.496970176696777,1.754390001296997,2.0
30,35,-1.7765722274780273,1.2889089584350586,1.0
30,36,-15.909103393554688,3.400006055831909,17.0
30,37,-27.699203491210938,31.893442153930664,355.0
30,38,-19.570281982421875,5.108250141143799,15.0
30,39,-20.746047973632812,6.592972278594971,20.0
30,40,-5.239923477172852,2.851898193359375,15.0
30,41,-13.862055778503418,31.99289894104004,308.0
30,42,-7.113504886627197,5.9202351570129395,56.0
30,43,-13.815164566040039,9.999423027038574,2920.0
30,44,-0.996550440788269,1.3940086364746094,1.0
30,45,-1.7526856660842896,1.2449378967285156,1.0
30,46,-3.3246259689331055,5.27148962020874,2.0
30,47,-2.895350933074951,2.06233286857605,2.0
30,48,-6.774774074554443,29.588537216186523,7.0
30,49,-6.072314262390137,1.658686876296997,13.0
30,50,-2.5071632862091064,3.502866506576538,1.0
30,51,-3.677927017211914,2.5079903602600098,3.0
30,52,-22.93075942993164,3.147278308868408,93.0
30,53,-4.015092849731445,3.8128015995025635,3.0
30,54,-13.110794067382812,5.149240493774414,12.0
30,55,-4.323303699493408,1.616667628288269,1.0
30,56,-25.749046325683594,24.993873596191406,98.0
30,57,-10.872074127197266,37.48814010620117,130.0
30,58,-3.899230718612671,7.025984764099121,7.0
30,59,-10.993707656860352,4.809195041656494,8.0
30,60,-3.2358944416046143,5.042728424072266,3.0
30,61,-4.703972816467285,2.1902055740356445,3.0
30,62,-1.5066986083984375,1.6524068117141724,1.0
30,63,-8.008498191833496,7.404771327972412,13.0
30,64,-5.161930084228516,1.774551510810852,3.0
30,65,-5.981335639953613,19.89896583557129,17.0
30,66,-12.974468231201172,656.7045288085938,72.0
30,67,-4.84281063079834,1.8318955898284912,3.0
30,68,-2.0230095386505127,1.4009747505187988,1.0
30,69,-15.132380485534668,6.6296210289001465,11.0
30,70,-23.8930606842041,53.6336555480957,187.0
30,71,-26.331199645996094,6483.82763671875,6901.0
30,72,-7.274493217468262,3.3615949153900146,5.0
30,73,-13.507911682128906,857.4439697265625,306.0
30,74,-11.583755493164062,6.893824100494385,255.0
30,75,-6.815011501312256,3.1137733459472656,6.0
30,76,-0.6721422672271729,1.1007814407348633,1.0
30,77,-4.647786617279053,3.1961491107940674,4.0
30,78,-6.6234049797058105,2.2885665893554688,2.0
30,79,-4.168766975402832,8.039633750915527,6.0
30,80,-1.83086097240448,1.1648260354995728,1.0
32,0,-15.160183906555176,8.721056938171387,47.0
32,1,-3.089317798614502,1.6734483242034912,1.0
32,2,-13.114527702331543,13.775691032409668,183.0
32,3,-14.40467643737793,7.8288140296936035,12.0
32,4,-3.460920810699463,5.643251419067383,5.0
32,5,-15.62269115447998,2468.44970703125,119.0
32,6,-12.786569595336914,2.034733772277832,13.0
32,7,-9.283199310302734,6.402188777923584,5.0
32,8,-10.90182113647461,2.974815607070923,13.0
32,9,-12.419157028198242,11.987103462219238,52.0
32,10,-7.34431791305542,11.566420555114746,7.0
32,11,-0.9669983983039856,1.6217392683029175,1.0
32,12,-4.300077438354492,2.9300496578216553,7.0
32,13,-4.5699052810668945,3.1345207691192627,5.0
32,14,-7.331801414489746,4.333434104919434,3.0
32,15,-1.1172425746917725,1.451233983039856,1.0
32,16,-8.099061012268066,2.4593465328216553,17.0
32,17,-5.712701797485352,1.8865402936935425,3.0
32,18,-5.466723442077637,1.8356777429580688,3.0
32,19,-15.648914337158203,13.573948860168457,57.0
32,20,-4.707398414611816,2.563772201538086,14.0
32,21,-1.8589653968811035,1.8582870960235596,1.0
32,22,-4.327441215515137,2.950162649154663,15.0
32,23,-2.725970983505249,1.4761309623718262,1.0
32,24,-9.304972648620605,4.715376853942871,27.0
32,25,-16.589460372924805,10.69656753540039,122.0
32,26,-13.328485488891602,3.3591251373291016,8.0
32,27,-3.531867265701294,2.418063163757324,1.0
32,28,-12.66134262084961,68.0639419555664,380.0
32,29,-62.52324676513672,22.786365509033203,446.0
32,30,-1.4006686210632324,1.168393611907959,1.0
32,31,-3.621445655822754,3.343935966491699,7.0
32,32,-3.3873977661132812,2.332287311553955,2.0
32,33,-0.08161915838718414,1.0117281675338745,1.0
32,34,-4.351187705993652,1.7227096557617188,2.0
32,35,-1.3982446193695068,1.2210965156555176,1.0
32,36,-15.298280715942383,3.2439470291137695,19.0
32,37,-26.856948852539062,28.706356048583984,338.0
32,38,-18.86530876159668,4.81679630279541,15.0
32,39,-20.46739387512207,6.428056240081787,17.0
32,40,-6.008275032043457,3.3256163597106934,19.0
32,41,-13.75669002532959,31.161161422729492,273.0
32,42,-7.622781276702881,6.724081516265869,62.0
32,43,-14.506768226623535,11.221085548400879,3102.0
32,44,-0.9867470264434814,1.3894606828689575,2.0
32,45,-1.6584895849227905,1.2303653955459595,1.0
32,46,-3.4358935356140137,5.573073387145996,2.0
32,47,-2.767411947250366,1.9974132776260376,2.0
32,48,-6.941462516784668,32.16025161743164,7.0
32,49,-5.256903171539307,1.549721598625183,10.0
32,50,-2.320772171020508,3.1911652088165283,2.0
32,51,-3.6003341674804688,2.459808588027954,5.0
32,52,-22.815876007080078,3.12925124168396,88.0
32,53,-3.736665725708008,3.4748640060424805,3.0
32,54,-12.540061950683594,4.794683933258057,9.0
32,55,-4.077954292297363,1.5731910467147827,1.0
32,56,-24.792945861816406,22.178386688232422,84.0
32,57,-10.426005363464355,32.30865478515625,125.0
32,58,-3.837803363800049,6.813470840454102,6.0
32,59,-11.242902755737305,4.983482360839844,9.0
32,60,-3.606340169906616,6.0688557624816895,3.0
32,61,-4.856060028076172,2.246432304382324,2.0
32,62,-1.3303132057189941,1.5580542087554932,1.0
32,63,-7.954095840454102,7.304744243621826,16.0
32,64,-3.9881670475006104,1.5575742721557617,1.0
32,65,-6.068519115447998,20.785581588745117,18.0
32,66,-13.649421691894531,920.3102416992188,81.0
32,67,-4.318859577178955,1.7157622575759888,3.0
32,68,-1.4904499053955078,1.2819833755493164,1.0
32,69,-14.565547943115234,6.176140308380127,10.0
32,70,-24.680065155029297,61.15087890625,205.0
32,71,-27.03098487854004,8187.20849609375,6803.0
32,72,-6.993202209472656,3.207634210586548,5.0
32,73,-13.813844680786133,999.1674194335938,326.0
32,74,-11.397231101989746,6.682809829711914,198.0
32,75,-5.936245441436768,2.6895511150360107,5.0
32,76,-0.5802325010299683,1.0864226818084717,1.0
32,77,-5.166790962219238,3.6389594078063965,4.0
32,78,-6.178516864776611,2.16477108001709,3.0
32,79,-4.307271480560303,8.616127967834473,9.0
32,80,-1.73972749710083,1.1560133695602417,1.0
34,0,-14.049592971801758,7.441590785980225,31.0
34,1,-2.9967784881591797,1.6478362083435059,1.0
34,2,-12.982858657836914,13.417659759521484,177.0
34,3,-14.255435943603516,7.663670063018799,9.0
34,4,-3.480914831161499,5.699950218200684,5.0
34,5,-15.38378620147705,2190.517578125,157.0
34,6,-12.173480033874512,1.9665967226028442,12.0
34,7,-9.167972564697266,6.256335258483887,6.0
34,8,-10.490035057067871,2.8548049926757812,11.0
34,9,-11.978368759155273,10.975589752197266,38.0
34,10,-7.359766960144043,11.62613582611084,8.0
34,11,-1.061117172241211,1.6998815536499023,1.0
34,12,-4.461315631866455,3.0505714416503906,7.0
34,13,-4.671288013458252,3.2149829864501953,5.0
34,14,-7.14935827255249,4.178163051605225,3.0
34,15,-1.2286055088043213,1.506117582321167,1.0
34,16,-7.5770792961120605,2.3207669258117676,14.0
34,17,-5.745254039764404,1.893376111984253,3.0
34,18,-5.993396282196045,1.9463053941726685,3.0
34,19,-15.017767906188965,12.21862506866455,52.0
34,20,-4.335583209991455,2.3800384998321533,10.0
34,21,-1.9923043251037598,1.9427440166473389,1.0
34,22,-4.334053993225098,2.9550437927246094,17.0
34,23,-2.552541732788086,1.440008282661438,1.0
34,24,-9.313175201416016,4.721827507019043,33.0
34,25,-17.185895919799805,11.647924423217773,139.0
34,26,-12.091008186340332,3.001711368560791,7.0
34,27,-3.056152820587158,2.146928548812866,1.0
34,28,-12.622267723083496,67.18316650390625,379.0
34,29,-61.440799713134766,21.585895538330078,436.0
34,30,-1.2440407276153564,1.1482359170913696,1.0
34,31,-3.6308093070983887,3.3543896675109863,7.0
34,32,-3.569577217102051,2.440967082977295,2.0
34,33,-0.10293661803007126,1.014813780784607,1.0
34,34,-4.315229415893555,1.7149839401245117,2.0
34,35,-1.2246640920639038,1.1911890506744385,1.0
34,36,-14.698205947875977,3.0976109504699707,22.0
34,37,-26.225757598876953,26.52850341796875,367.0
34,38,-18.223026275634766,4.565762996673584,13.0
34,39,-19.367725372314453,5.816520690917969,14.0
34,40,-6.236110687255859,3.480660915374756,19.0
34,41,-13.727544784545898,30.934938430786133,314.0
34,42,-7.815164089202881,7.055384159088135,68.0
34,43,-14.409952163696289,11.041476249694824,3002.0
34,44,-0.9971930384635925,1.394307255744934,2.0
34,45,-1.6882922649383545,1.2349574565887451,1.0
34,46,-3.2522521018981934,5.084140777587891,2.0
34,47,-2.885464668273926,2.057241678237915,2.0
34,48,-6.721220970153809,28.806772232055664,6.0
34,49,-4.860954761505127,1.4994218349456787,10.0
34,50,-2.5642874240875244,3.604357957839966,2.0
34,51,-3.7037112712860107,2.5242092609405518,5.0
34,52,-22.18988037109375,3.032823324203491,73.0
34,53,-3.64315128326416,3.368217706680298,3.0
34,54,-11.935320854187012,4.445600986480713,8.0
34,55,-4.257472038269043,1.6048855781555176,2.0
34,56,-24.356868743896484,21.001808166503906,86.0
34,57,-10.04044246673584,28.41207504272461,113.0
34,58,-3.820040464401245,6.753225803375244,7.0
34,59,-10.169559478759766,4.27504301071167,7.0
34,60,-3.680018186569214,6.296596050262451,3.0
34,61,-5.217177391052246,2.3857882022857666,4.0
34,62,-1.2169742584228516,1.5002894401550293,1.0
34,63,-8.074426651000977,7.527829170227051,16.0
34,64,-3.6125283241271973,1.4939028024673462,1.0
34,65,-6.1336774826049805,21.47391128540039,18.0
34,66,-13.585338592529297,891.2894897460938,77.0
34,67,-4.223235130310059,1.6953758001327515,3.0
34,68,-1.077099084854126,1.1966387033462524,1.0
34,69,-15.012934684753418,6.531370639801025,10.0
34,70,-25.142784118652344,66.05342864990234,195.0
34,71,-26.84372329711914,7691.77978515625,6298.0
34,72,-6.615906715393066,3.0121407508850098,6.0
34,73,-13.939489364624023,1063.9510498046875,334.0
34,74,-11.327159881591797,6.605217933654785,180.0
34,75,-5.855401992797852,2.653555154800415,4.0
34,76,-0.5711855888366699,1.0850194692611694,1.0
34,77,-5.069220542907715,3.55126953125,4.0
34,78,-5.703100204467773,2.039872884750366,3.0
34,79,-4.207782745361328,8.198009490966797,7.0
34,80,-1.6860228776931763,1.1508512496948242,1.0
36,0,-12.350316047668457,5.83766508102417,21.0
36,1,-3.083103656768799,1.6717159748077393,1.0
36,2,-12.952554702758789,13.33658218383789,190.0
36,3,-14.846807479858398,8.339242935180664,8.0
36,4,-3.353708028793335,5.348702907562256,4.0
36,5,-14.846683502197266,1674.620361328125,143.0
36,6,-11.784067153930664,1.9245080947875977,12.0
36,7,-8.901955604553223,5.932176113128662,7.0
36,8,-10.785676956176758,2.940465211868286,10.0
36,9,-11.757129669189453,10.500532150268555,29.0
36,10,-7.287413120269775,11.349091529846191,8.0
36,11,-1.0049889087677002,1.6528390645980835,1.0
36,12,-4.712474822998047,3.2482573986053467,8.0
36,13,-4.780878067016602,3.3042829036712646,4.0
36,14,-7.384169101715088,4.379058837890625,5.0
36,15,-1.2663534879684448,1.5251882076263428,1.0
36,16,-7.348567008972168,2.2625837326049805,13.0
36,17,-5.825628757476807,1.9103606939315796,3.0
36,18,-6.294741630554199,2.0125765800476074,3.0
36,19,-13.907830238342285,10.15505599975586,39.0
36,20,-3.7826693058013916,2.1308774948120117,8.0
36,21,-1.9943389892578125,1.9440621137619019,1.0
36,22,-4.172447681427002,2.8380351066589355,15.0
36,23,-2.6014013290405273,1.45009446144104,1.0
36,24,-9.611200332641602,4.962286949157715,40.0
36,25,-17.549633026123047,12.26917839050293,149.0
36,26,-10.9180908203125,2.698115825653076,7.0
36,27,-2.7685306072235107,1.997972011566162,1.0
36,28,-12.575162887573242,66.13650512695312,385.0
36,29,-60.91688537597656,21.02777671813965,470.0
36,30,-1.314093828201294,1.1572082042694092,1.0
36,31,-3.639075756072998,3.363645076751709,6.0
36,32,-3.399167776107788,2.3391599655151367,2.0
36,33,-0.14290648698806763,1.020625114440918,1.0
36,34,-4.12644624710083,1.6749876737594604,2.0
36,35,-1.2111176252365112,1.188886046409607,1.0
36,36,-14.381180763244629,3.022984743118286,23.0
36,37,-26.315143585205078,26.82657241821289,418.0
36,38,-18.05807113647461,4.503429889678955,11.0
36,39,-18.3695011138916,5.31192684173584,12.0
36,40,-6.148797988891602,3.4204070568084717,19.0
36,41,-13.50448226928711,29.257051467895508,342.0
36,42,-7.551694393157959,6.60563850402832,63.0
36,43,-14.166681289672852,10.602751731872559,3138.0
36,44,-0.9613403081893921,1.377743124961853,1.0
36,45,-1.7170777320861816,1.2394092082977295,1.0
36,46,-3.002703905105591,4.487752437591553,2.0
36,47,-3.026416301727295,2.1310272216796875,2.0
36,48,-6.180166721343994,21.97890853881836,4.0
36,49,-4.942607879638672,1.5096592903137207,10.0
36,50,-2.953554153442383,4.378810405731201,2.0
36,51,-3.7981815338134766,2.5845346450805664,4.0
36,52,-21.420377731323242,2.918351411819458,67.0
36,53,-3.6952126026153564,3.4271790981292725,3.0
36,54,-12.151161193847656,4.567176342010498,8.0
36,55,-4.452292442321777,1.6400047540664673,1.0
36,56,-24.262556076049805,20.75567054748535,105.0
36,57,-9.737238883972168,25.680871963500977,87.0
36,58,-3.9549944400787354,7.224638938903809,7.0
36,59,-9.097969055175781,3.6682324409484863,7.0
36,60,-3.621629476547241,6.1154279708862305,3.0
36,61,-5.4874491691589355,2.4957141876220703,5.0
36,62,-1.1270161867141724,1.4559695720672607,1.0
36,63,-8.087482452392578,7.5524396896362305,16.0
36,64,-3.744696617126465,1.516003131866455,1.0
36,65,-6.031011581420898,20.39940643310547,17.0
36,66,-13.103250503540039,700.3815307617188,75.0
36,67,-4.406001091003418,1.7345536947250366,3.0
36,68,-0.8213527202606201,1.1467044353485107,1.0
36,69,-15.476546287536621,6.921055316925049,9.0
36,70,-25.152301788330078,66.1583023071289,206.0
36,71,-26.373287200927734,6575.43310546875,5800.0
36,72,-6.453769683837891,2.9318344593048096,6.0
36,73,-13.802034378051758,993.2845458984375,330.0
36,74,-11.240742683410645,6.51076602935791,174.0
36,75,-5.919029235839844,2.681844711303711,3.0
36,76,-0.5739190578460693,1.0854432582855225,1.0
36,77,-4.716256618499756,3.2513298988342285,3.0
36,78,-5.506104469299316,1.99025559425354,3.0
36,79,-4.0972161293029785,7.757096290588379,6.0
36,80,-1.6028814315795898,1.1429052352905273,1.0
38,0,-11.897737503051758,5.4721784591674805,20.0
38,1,-3.236274480819702,1.7149417400360107,1.0
38,2,-13.058830261230469,13.623089790344238,197.0
38,3,-15.120359420776367,8.67158317565918,8.0
38,4,-3.139014720916748,4.804281234741211,3.0
38,5,-14.397772789001465,1337.93994140625,134.0
38,6,-11.990679740905762,1.946725845336914,13.0
38,7,-8.616336822509766,5.602804660797119,7.0
38,8,-11.02549934387207,3.011836290359497,11.0
38,9,-11.482524871826172,9.939382553100586,31.0
38,10,-7.160243511199951,10.878059387207031,7.0
38,11,-0.899366021156311,1.5678150653839111,1.0
38,12,-4.663490295410156,3.208721399307251,8.0
38,13,-4.725209712982178,3.258615493774414,5.0
38,14,-7.596432209014893,4.568963527679443,6.0
38,15,-1.1894772052764893,1.4866011142730713,1.0
38,16,-7.404034614562988,2.276571273803711,13.0
38,17,-5.775598526000977,1.8997706174850464,3.0
38,18,-6.193349361419678,1.9900304079055786,3.0
38,19,-13.68526840209961,9.785268783569336,38.0
38,20,-3.730689287185669,2.108839511871338,7.0
38,21,-1.9668998718261719,1.926362156867981,1.0
38,22,-4.160590171813965,2.829634428024292,15.0
38,23,-2.7133407592773438,1.4734699726104736,1.0
38,24,-9.796148300170898,5.117629528045654,31.0
38,25,-17.484840393066406,12.15614128112793,155.0
38,26,-10.986647605895996,2.71498441696167,7.0
38,27,-2.6893086433410645,1.9587905406951904,1.0
38,28,-12.48836898803711,64.25052642822266,398.0
38,29,-60.93393325805664,21.04570960998535,472.0
38,30,-1.4353010654449463,1.172898292541504,1.0
38,31,-3.569962739944458,3.2870404720306396,6.0
38,32,-3.2562687397003174,2.2570693492889404,2.0
38,33,-0.18900460004806519,1.027368426322937,1.0
38,34,-4.116427898406982,1.6728914976119995,2.0
38,35,-1.2905369997024536,1.2024515867233276,1.0
38,36,-14.390480041503906,3.0251481533050537,25.0
38,37,-26.156612396240234,26.300199508666992,422.0
38,38,-18.048965454101562,4.50001335144043,12.0
38,39,-18.105939865112305,5.1861653327941895,14.0
38,40,-6.0806355476379395,3.3740949630737305,20.0
38,41,-13.7347412109375,30.990642547607422,363.0
38,42,-7.422815322875977,6.396198749542236,60.0
38,43,-13.911479949951172,10.161233901977539,2997.0
38,44,-1.0246150493621826,1.407110571861267,1.0
38,45,-1.7377924919128418,1.2426224946975708,1.0
38,46,-2.8173513412475586,4.090534687042236,1.0
38,47,-3.110297679901123,2.17618727684021,2.0
38,48,-5.9178314208984375,19.27705955505371,4.0
38,49,-4.941375255584717,1.5095041990280151,10.0
38,50,-3.1002848148345947,4.712141036987305,2.0
38,51,-3.838012456893921,2.610399007797241,3.0
38,52,-21.394229888916016,2.9145383834838867,66.0
38,53,-3.687324047088623,3.4181790351867676,3.0
38,54,-12.315912246704102,4.66220760345459,8.0
38,55,-4.624005317687988,1.6715952157974243,1.0
38,56,-24.232540130615234,20.677942276000977,115.0
38,57,-9.732950210571289,25.64418601989746,87.0
38,58,-3.8151423931121826,6.736706733703613,7.0
38,59,-9.165346145629883,3.7037103176116943,7.0
38,60,-3.6498210430145264,6.202240467071533,3.0
38,61,-5.504868984222412,2.5029704570770264,5.0
38,62,-1.153903841972351,1.469077467918396,1.0
38,63,-8.186237335205078,7.741220474243164,16.0
38,64,-3.903738021850586,1.5430309772491455,1.0
38,65,-5.852632999420166,18.65877342224121,17.0
38,66,-12.696261405944824,571.4235229492188,63.0
38,67,-4.6165771484375,1.7808167934417725,3.0
38,68,-0.8324387669563293,1.1488251686096191,1.0
38,69,-15.33568000793457,6.8002543449401855,10.0
38,70,-24.915756225585938,63.600799560546875,194.0
38,71,-26.189176559448242,6184.0322265625,5919.0
38,72,-6.482034206390381,2.945678472518921,6.0
38,73,-13.448704719543457,832.4326782226562,288.0
38,74,-11.214188575744629,6.482015132904053,175.0
38,75,-5.991076946258545,2.7142422199249268,3.0
38,76,-0.590971827507019,1.0880907773971558,1.0
38,77,-4.575469970703125,3.1388843059539795,3.0
38,78,-5.632327079772949,2.0219063758850098,3.0
38,79,-4.140570640563965,7.927084445953369,6.0
38,80,-1.6461206674575806,1.1470308303833008,1.0
40,0,-12.605058670043945,6.05402135848999,23.0
40,1,-3.3180322647094727,1.7384699583053589,2.0
40,2,-13.165108680725098,13.91575813293457,196.0
40,3,-15.080541610717773,8.622397422790527,8.0
40,4,-2.7930212020874023,4.041074752807617,3.0
40,5,-14.335905075073242,1297.18603515625,129.0
40,6,-12.289532661437988,1.9793169498443604,12.0
40,7,-8.422958374023438,5.390249729156494,6.0
40,8,-11.071824073791504,3.025820732116699,12.0
40,9,-11.135860443115234,9.273604393005371,34.0
40,10,-7.184165954589844,10.96514892578125,7.0
40,11,-0.7709973454475403,1.4703474044799805,1.0
40,12,-4.603623390197754,3.161055088043213,8.0
40,13,-4.641808986663818,3.191376209259033,4.0
40,14,-7.7478790283203125,4.709472179412842,6.0
40,15,-0.9780055284500122,1.3854179382324219,1.0
40,16,-7.76284646987915,2.3691673278808594,17.0
40,17,-5.702088832855225,1.8843170404434204,3.0
40,18,-6.038662433624268,1.956119179725647,2.0
40,19,-14.221542358398438,10.700142860412598,44.0
40,20,-3.918793201446533,2.1896870136260986,8.0
40,21,-1.9998607635498047,1.947643518447876,2.0
40,22,-4.478072166442871,3.0633773803710938,16.0
40,23,-2.6398329734802246,1.4580779075622559,1.0
40,24,-9.73928165435791,5.069355487823486,26.0
40,25,-17.28079605102539,11.806912422180176,151.0
40,26,-12.206001281738281,3.0332553386688232,7.0
40,27,-2.7683136463165283,1.997863531112671,1.0
40,28,-12.601388931274414,66.71720123291016,415.0
40,29,-61.72658157348633,21.896547317504883,513.0
40,30,-1.4644691944122314,1.1767058372497559,1.0
40,31,-3.576366901397705,3.29406476020813,7.0
40,32,-3.1778814792633057,2.213268280029297,2.0
40,33,-0.25798943638801575,1.0375431776046753,1.0
40,34,-4.3323493003845215,1.7186578512191772,2.0
40,35,-1.4056950807571411,1.2223968505859375,1.0
40,36,-14.404787063598633,3.0284790992736816,25.0
40,37,-26.196943283081055,26.433124542236328,435.0
40,38,-18.291065216064453,4.591723442077637,13.0
40,39,-18.3126163482666,5.2845282554626465,15.0
40,40,-6.208012104034424,3.4611551761627197,21.0
40,41,-14.029407501220703,33.35980987548828,368.0
40,42,-7.388028621673584,6.340814590454102,56.0
40,43,-14.04778003692627,10.394706726074219,3041.0
40,44,-1.10040283203125,1.4431105852127075,2.0
40,45,-1.6818711757659912,1.233966588973999,1.0
40,46,-2.684260368347168,3.8271875381469727,1.0
40,47,-3.0871219635009766,2.1636152267456055,2.0
40,48,-6.003561973571777,20.121341705322266,5.0
40,49,-4.86326789855957,1.4997109174728394,10.0
40,50,-2.8429977893829346,4.143326282501221,2.0
40,51,-3.686974287033081,2.513669490814209,3.0
40,52,-21.682178497314453,2.956803798675537,68.0
40,53,-3.690464973449707,3.421759843826294,3.0
40,54,-12.19076156616211,4.589840412139893,8.0
40,55,-4.590789794921875,1.6654372215270996,1.0
40,56,-24.243623733520508,20.70660972595215,107.0
40,57,-9.662392616271973,25.04808807373047,94.0
40,58,-3.6512904167175293,6.206798553466797,6.0
40,59,-9.82508373260498,4.069757461547852,7.0
40,60,-3.77535080909729,6.603999137878418,3.0
40,61,-5.349913597106934,2.4391565322875977,5.0
40,62,-1.195273518562317,1.489476203918457,1.0
40,63,-8.151952743530273,7.675152778625488,16.0
40,64,-3.940875291824341,1.5494111776351929,1.0
40,65,-5.830471515655518,18.453163146972656,18.0
40,66,-12.726614952087402,580.1620483398438,57.0
40,67,-4.844956398010254,1.8323869705200195,3.0
40,68,-0.9729270935058594,1.176041841506958,1.0
40,69,-14.651409149169922,6.242783546447754,10.0
40,70,-24.887657165527344,63.303653717041016,197.0
40,71,-26.262439727783203,6336.91015625,6109.0
40,72,-6.6485700607299805,3.028583526611328,6.0
40,73,-13.287503242492676,767.9707641601562,258.0
40,74,-11.208099365234375,6.475440502166748,171.0
40,75,-5.891108512878418,2.66939377784729,3.0
40,76,-0.6006364822387695,1.0895941257476807,1.0
40,77,-4.77572774887085,3.3000311851501465,4.0
40,78,-5.845131874084473,2.0764122009277344,3.0
40,79,-4.384992599487305,8.957545280456543,9.0
40,80,-1.6386878490447998,1.1463205814361572,1.0
42,0,-12.871940612792969,6.2892937660217285,23.0
42,1,-3.3324368000030518,1.742648720741272,1.0
42,2,-13.169394493103027,13.927690505981445,188.0
42,3,-15.309123039245605,8.908605575561523,9.0
42,4,-2.704777717590332,3.8666512966156006,3.0
42,5,-14.68543815612793,1544.9072265625,125.0
42,6,-12.276989936828613,1.977938175201416,13.0
42,7,-8.501522064208984,5.475614070892334,6.0
42,8,-11.299838066101074,3.0956063270568848,12.0
42,9,-11.179559707641602,9.355008125305176,36.0
42,10,-7.5229973793029785,12.276243209838867,7.0
42,11,-0.7055423259735107,1.42300546169281,1.0
42,12,-4.5635294914245605,3.129528522491455,8.0
42,13,-4.589632034301758,3.150017499923706,5.0
42,14,-7.757148265838623,4.718210697174072,6.0
42,15,-0.8698782920837402,1.3363733291625977,1.0
42,16,-7.860379695892334,2.394981622695923,17.0
42,17,-5.5536603927612305,1.8534955978393555,3.0
42,18,-5.829388618469238,1.9111590385437012,3.0
42,19,-14.518505096435547,11.243059158325195,46.0
42,20,-3.9844512939453125,2.218630790710449,8.0
42,21,-1.965762734413147,1.925632119178772,2.0
42,22,-4.565733909606934,3.131253480911255,15.0
42,23,-2.553253650665283,1.440154790878296,1.0
42,24,-9.667036056518555,5.008681774139404,23.0
42,25,-17.10785484313965,11.518786430358887,142.0
42,26,-12.70061206817627,3.172757625579834,8.0
42,27,-2.9924144744873047,2.1129891872406006,1.0
42,28,-12.687232971191406,68.65389251708984,431.0
42,29,-62.06708908081055,22.272537231445312,520.0
42,30,-1.4979051351547241,1.181085467338562,1.0
42,31,-3.56337308883667,3.279827833175659,7.0
42,32,-3.0487778186798096,2.1429736614227295,2.0
42,33,-0.3312831223011017,1.0484639406204224,1.0
42,34,-4.32814359664917,1.717754602432251,2.0
42,35,-1.4201557636260986,1.2249246835708618,1.0
42,36,-14.354890823364258,3.0168778896331787,25.0
42,37,-26.129026412963867,26.209667205810547,435.0
42,38,-18.525081634521484,4.68214750289917,14.0
42,39,-18.99712371826172,5.6238203048706055,17.0
42,40,-6.229014873504639,3.475724935531616,23.0
42,41,-14.189804077148438,34.724693298339844,364.0
42,42,-7.517404079437256,6.549253463745117,64.0
42,43,-14.043386459350586,10.38709831237793,2808.0
42,44,-1.078963041305542,1.4328341484069824,2.0
42,45,-1.5549731254577637,1.2145476341247559,1.0
42,46,-2.7557995319366455,3.966561794281006,2.0
42,47,-3.053586483001709,2.1455516815185547,2.0
42,48,-6.224874019622803,22.475751876831055,5.0
42,49,-4.796275615692139,1.4913617372512817,9.0
42,50,-2.695340156555176,3.8484485149383545,2.0
42,51,-3.5542614459991455,2.431638479232788,3.0
42,52,-21.874221801757812,2.985332489013672,74.0
42,53,-3.5798704624176025,3.2979137897491455,3.0
42,54,-12.000049591064453,4.481716632843018,8.0
42,55,-4.488801002502441,1.646670937538147,2.0
42,56,-24.352996826171875,20.991647720336914,100.0
42,57,-10.05440616607666,28.54463005065918,112.0
42,58,-3.551529884338379,5.904796123504639,5.0
42,59,-10.458148002624512,4.4549736976623535,7.0
42,60,-3.8933475017547607,7.00534725189209,3.0
42,61,-5.035381317138672,2.314584493637085,4.0
42,62,-1.1471766233444214,1.4657869338989258,1.0
42,63,-8.107579231262207,7.590479850769043,16.0
42,64,-3.9056081771850586,1.543351650238037,1.0
42,65,-5.95337438583374,19.622703552246094,18.0
42,66,-12.710637092590332,575.545654296875,58.0
42,67,-4.942912578582764,1.8549617528915405,3.0
42,68,-1.0566864013671875,1.1925745010375977,1.0
42,69,-14.423974990844727,6.067804336547852,11.0
42,70,-24.861648559570312,63.02983093261719,208.0
42,71,-26.48574447631836,6826.5986328125,6627.0
42,72,-6.700771331787109,3.0550477504730225,6.0
42,73,-13.269103050231934,760.937744140625,239.0
42,74,-11.348394393920898,6.628635883331299,174.0
42,75,-5.956490516662598,2.698641538619995,3.0
42,76,-0.6225764751434326,1.0930144786834717,1.0
42,77,-4.858728885650635,3.3692233562469482,4.0
42,78,-5.864947319030762,2.081561803817749,2.0
42,79,-4.556244850158691,9.758340835571289,10.0
42,80,-1.6340276002883911,1.1458754539489746,1.0
44,0,-12.343158721923828,5.831699371337891,23.0
44,1,-3.301755428314209,1.7337602376937866,1.0
44,2,-13.16418743133545,13.913193702697754,183.0
44,3,-15.96145248413086,9.778708457946777,9.0
44,4,-2.9592649936676025,4.391331672668457,3.0
44,5,-15.278766632080078,2078.46142578125,141.0
44,6,-11.653328895568848,1.9105806350708008,12.0
44,7,-8.876486778259277,5.902036666870117,7.0
44,8,-11.971046447753906,3.310518264770508,12.0
44,9,-11.424398422241211,9.824503898620605,38.0
44,10,-8.038701057434082,14.578781127929688,7.0
44,11,-0.6645773649215698,1.3941552639007568,1.0
44,12,-4.533890724182129,3.1064252853393555,8.0
44,13,-4.552285194396973,3.1207435131073,4.0
44,14,-7.528661727905273,4.507453441619873,6.0
44,15,-0.8424524068832397,1.3242119550704956,1.0
44,16,-7.490762233734131,2.2986154556274414,16.0
44,17,-5.5162787437438965,1.8458130359649658,3.0
44,18,-5.572081565856934,1.8572932481765747,2.0
44,19,-14.516031265258789,11.238422393798828,49.0
44,20,-3.8743999004364014,2.1703317165374756,8.0
44,21,-1.8937948942184448,1.8799872398376465,2.0
44,22,-4.54679536819458,3.1164634227752686,15.0
44,23,-2.535613536834717,1.4365301132202148,1.0
44,24,-9.588857650756836,4.943843364715576,21.0
44,25,-17.12525177001953,11.547449111938477,138.0
44,26,-11.909184455871582,2.952502489089966,8.0
44,27,-3.1991186141967773,2.225050449371338,1.0
44,28,-12.824918746948242,71.87818908691406,426.0
44,29,-61.478843688964844,21.626991271972656,500.0
44,30,-1.4964977502822876,1.1809008121490479,1.0
44,31,-3.3391189575195312,3.043595552444458,7.0
44,32,-2.860689878463745,2.044539213180542,2.0
44,33,-0.30257418751716614,1.044172763824463,1.0
44,34,-4.289751052856445,1.7095307111740112,2.0
44,35,-1.4150829315185547,1.2240374088287354,1.0
44,36,-14.348106384277344,3.015303373336792,25.0
44,37,-26.42962646484375,27.21323013305664,465.0
44,38,-18.669200897216797,4.738718032836914,15.0
44,39,-19.293712615966797,5.7775163650512695,17.0
44,40,-6.125207424163818,3.4043073654174805,21.0
44,41,-14.010986328125,33.2065315246582,335.0
44,42,-7.50570821762085,6.5301313400268555,63.0
44,43,-13.79647445678711,9.968324661254883,2573.0
44,44,-1.044400691986084,1.4164214134216309,2.0
44,45,-1.4693138599395752,1.2016122341156006,1.0
44,46,-2.92610502243042,4.3191237449646,2.0
44,47,-3.1760683059692383,2.2122654914855957,3.0
44,48,-6.530460357666016,26.186138153076172,6.0
44,49,-4.796440601348877,1.4913822412490845,9.0
44,50,-2.7973361015319824,4.049801826477051,2.0
44,51,-3.549077272415161,2.4284892082214355,3.0
44,52,-21.713537216186523,2.9614436626434326,73.0
44,53,-3.523986339569092,3.237048864364624,3.0
44,54,-11.984090805053711,4.472785472869873,8.0
44,55,-4.256106853485107,1.6046421527862549,2.0
44,56,-24.37346649169922,21.045427322387695,101.0
44,57,-10.45876693725586,32.66341781616211,121.0
44,58,-3.506395101547241,5.773033142089844,3.0
44,59,-10.14158821105957,4.257994651794434,6.0
44,60,-3.8913936614990234,6.998507022857666,3.0
44,61,-4.853634357452393,2.2455244064331055,3.0
44,62,-1.0196497440338135,1.4047836065292358,1.0
44,63,-8.1428861618042,7.65777587890625,17.0
44,64,-3.879467010498047,1.5388753414154053,1.0
44,65,-6.071100234985352,20.812423706054688,18.0
44,66,-12.610808372497559,547.5228271484375,63.0
44,67,-4.897129058837891,1.8443762063980103,3.0
44,68,-1.0352849960327148,1.1883282661437988,1.0
44,69,-14.62686538696289,6.223660469055176,11.0
44,70,-25.19373321533203,66.61671447753906,212.0
44,71,-26.48796844482422,6831.65869140625,6340.0
44,72,-6.504576683044434,2.95676589012146,5.0
44,73,-13.184338569641113,729.3613891601562,219.0
44,74,-11.32817268371582,6.606332778930664,179.0
44,75,-6.030252456665039,2.732022285461426,5.0
44,76,-0.6426297426223755,1.0961501598358154,1.0
44,77,-4.751916885375977,3.2804453372955322,4.0
44,78,-5.87025260925293,2.082942485809326,3.0
44,79,-4.597205638885498,9.960256576538086,11.0
44,80,-1.5487306118011475,1.1377594470977783,1.0
46,0,-11.799920082092285,5.396243095397949,20.0
46,1,-3.366370677947998,1.7525324821472168,1.0
46,2,-12.919816017150879,13.249545097351074,167.0
46,3,-15.747831344604492,9.484798431396484,8.0
46,4,-3.145981788635254,4.821045875549316,3.0
46,5,-15.324516296386719,2126.553955078125,148.0
46,6,-11.198538780212402,1.8629122972488403,12.0
46,7,-9.07557201385498,6.141778945922852,7.0
46,8,-12.05443000793457,3.3382375240325928,12.0
46,9,-11.5159330368042,10.006016731262207,42.0
46,10,-8.135098457336426,15.054840087890625,7.0
46,11,-0.625839352607727,1.367411732673645,1.0
46,12,-4.532851219177246,3.1056182384490967,8.0
46,13,-4.606295108795166,3.1631669998168945,4.0
46,14,-7.492569923400879,4.475034236907959,6.0
46,15,-0.8036594986915588,1.3071987628936768,1.0
46,16,-7.487741947174072,2.297844171524048,16.0
46,17,-5.524049758911133,1.8474074602127075,3.0
46,18,-5.49882698059082,1.8422372341156006,2.0
46,19,-14.2316255569458,10.718138694763184,45.0
46,20,-3.747375249862671,2.115889072418213,7.0
46,21,-1.8767943382263184,1.8693636655807495,2.0
46,22,-4.553712844848633,3.1218574047088623,16.0
46,23,-2.584221363067627,1.4465399980545044,1.0
46,24,-9.60296630859375,4.955482006072998,19.0
46,25,-17.085311889648438,11.481751441955566,136.0
46,26,-11.52505111694336,2.851177215576172,7.0
46,27,-3.2481205463409424,2.252476215362549,1.0
46,28,-12.839768409729004,72.23487854003906,435.0
46,29,-61.26980209350586,21.402124404907227,517.0
46,30,-1.5218498706817627,1.1842319965362549,1.0
46,31,-3.3186771869659424,3.0229275226593018,7.0
46,32,-2.794598340988159,2.011035203933716,2.0
46,33,-0.26472151279449463,1.038541555404663,1.0
46,34,-4.302567481994629,1.7122716903686523,2.0
46,35,-1.3854339122772217,1.218863844871521,1.0
46,36,-14.262614250183105,2.9955391883850098,24.0
46,37,-26.52887725830078,27.552949905395508,472.0
46,38,-18.598825454711914,4.711008548736572,16.0
46,39,-19.153488159179688,5.704333782196045,17.0
46,40,-5.992542266845703,3.315168619155884,20.0
46,41,-13.821334838867188,31.668853759765625,339.0
46,42,-7.4031782150268555,6.364874839782715,61.0
46,43,-13.581271171569824,9.6171236038208,2438.0
46,44,-1.0122721195220947,1.401333212852478,2.0
46,45,-1.4625824689865112,1.200601577758789,1.0
46,46,-3.0004801750183105,4.482765197753906,2.0
46,47,-3.223092555999756,2.238426446914673,3.0
46,48,-6.606815814971924,27.20519256591797,7.0
46,49,-4.827071189880371,1.4951939582824707,9.0
46,50,-2.778402805328369,4.011645317077637,2.0
46,51,-3.5764880180358887,2.445188045501709,4.0
46,52,-21.598833084106445,2.9445078372955322,73.0
46,53,-3.614382266998291,3.3360719680786133,3.0
46,54,-11.956470489501953,4.457369804382324,8.0
46,55,-4.106175422668457,1.5781317949295044,2.0
46,56,-24.55187225341797,21.520029067993164,104.0
46,57,-10.589847564697266,34.12223434448242,123.0
46,58,-3.532132387161255,5.847804069519043,3.0
46,59,-9.695236206054688,3.9949605464935303,6.0
46,60,-3.9357316493988037,7.155389785766602,3.0
46,61,-4.825656890869141,2.2350780963897705,3.0
46,62,-0.9329410791397095,1.3647624254226685,1.0
46,63,-8.21124267578125,7.789764881134033,18.0
46,64,-3.8905725479125977,1.5407755374908447,1.0
46,65,-5.918817520141602,19.28656578063965,17.0
46,66,-12.679149627685547,566.5553588867188,64.0
46,67,-4.848313331604004,1.8331562280654907,3.0
46,68,-0.9573974609375,1.173002004623413,1.0
46,69,-14.772497177124023,6.337993144989014,11.0
46,70,-25.46365737915039,69.68205261230469,221.0
46,71,-26.444595336914062,6733.599609375,6289.0
46,72,-6.459756851196289,2.9347615242004395,5.0
46,73,-13.139742851257324,713.278076171875,217.0
46,74,-11.271203994750977,6.5439043045043945,178.0
46,75,-6.199737548828125,2.810295343399048,5.0
46,76,-0.6412787437438965,1.0959386825561523,1.0
46,77,-4.6401896476745605,3.190084457397461,4.0
46,78,-5.850497245788574,2.077805280685425,3.0
46,79,-4.654508590698242,10.249760627746582,11.0
46,80,-1.4619994163513184,1.129565715789795,1.0
48,0,-11.49150276184082,5.1636481285095215,19.0
48,1,-3.4582066535949707,1.7795629501342773,1.0
48,2,-12.961153030395508,13.359538078308105,173.0
48,3,-15.342885971069336,8.951676368713379,8.0
48,4,-3.2595133781433105,5.102632999420166,3.0
48,5,-14.82872200012207,1659.6483154296875,143.0
48,6,-11.019503593444824,1.8444749116897583,12.0
48,7,-8.943371772766113,5.981517791748047,6.0
48,8,-11.62564468383789,3.198124647140503,12.0
48,9,-11.342248916625977,9.664407730102539,41.0
48,10,-7.8278889656066895,13.589485168457031,7.0
48,11,-0.6372392177581787,1.3752280473709106,1.0
48,12,-4.554263591766357,3.1222872734069824,8.0
48,13,-4.6438775062561035,3.1930270195007324,4.0
48,14,-7.588589668273926,4.561803340911865,6.0
48,15,-0.847868800163269,1.3266048431396484,1.0
48,16,-7.710023880004883,2.3553030490875244,16.0
48,17,-5.6523027420043945,1.8739219903945923,3.0
48,18,-5.748467922210693,1.8940523862838745,2.0
48,19,-14.019454956054688,10.345749855041504,43.0
48,20,-3.6408283710479736,2.0712778568267822,7.0
48,21,-1.7831804752349854,1.8119316101074219,2.0
48,22,-4.589875221252441,3.1502089500427246,16.0
48,23,-2.6406452655792236,1.4582470655441284,1.0
48,24,-9.648819923400879,4.993497848510742,18.0
48,25,-17.086631774902344,11.483915328979492,143.0
48,26,-11.803223609924316,2.9241983890533447,7.0
48,27,-3.4004480838775635,2.3399088382720947,1.0
48,28,-12.864486694335938,72.8324966430664,451.0
48,29,-61.102210998535156,21.223529815673828,518.0
48,30,-1.5053316354751587,1.1820604801177979,1.0
48,31,-3.3039934635162354,3.0081675052642822,6.0
48,32,-2.7463793754577637,1.9869381189346313,2.0
48,33,-0.25521382689476013,1.037131905555725,1.0
48,34,-4.497727870941162,1.7545562982559204,2.0
48,35,-1.414710521697998,1.223972201347351,1.0
48,36,-14.248429298400879,2.992271900177002,24.0
48,37,-26.539175033569336,27.588441848754883,450.0
48,38,-18.498865127563477,4.671928882598877,16.0
48,39,-19.051305770874023,5.651589870452881,17.0
48,40,-6.024969577789307,3.3367388248443604,21.0
48,41,-13.911627769470215,32.39185333251953,346.0
48,42,-7.336356163024902,6.259429454803467,58.0
48,43,-13.597108840942383,9.642541885375977,2529.0
48,44,-1.0100748538970947,1.4003071784973145,2.0
48,45,-1.5323948860168457,1.2111246585845947,1.0
48,46,-3.015111207962036,4.515679359436035,2.0
48,47,-3.2046446800231934,2.2281267642974854,3.0
48,48,-6.579830169677734,26.84058380126953,7.0
48,49,-4.8384270668029785,1.4966094493865967,10.0
48,50,-2.6932644844055176,3.844456672668457,2.0
48,51,-3.6193394660949707,2.4715237617492676,4.0
48,52,-21.63930320739746,2.950472116470337,69.0
48,53,-3.624274730682373,3.34709095954895,3.0
48,54,-12.163488388061523,4.574219703674316,8.0
48,55,-4.015047073364258,1.5622330904006958,1.0
48,56,-24.804466247558594,22.21034812927246,105.0
48,57,-10.593328475952148,34.16184997558594,129.0
48,58,-3.459446668624878,5.63909387588501,2.0
48,59,-9.696855545043945,3.995884895324707,6.0
48,60,-3.8564956188201904,6.8774495124816895,3.0
48,61,-4.917746543884277,2.2696473598480225,3.0
48,62,-0.979973554611206,1.3863270282745361,1.0
48,63,-8.279951095581055,7.9247260093688965,18.0
48,64,-3.9535839557647705,1.551600694656372,1.0
48,65,-5.616875648498535,16.5839900970459,15.0
48,66,-12.630508422851562,552.942626953125,64.0
48,67,-4.828737258911133,1.8286759853363037,3.0
48,68,-0.8842999339103699,1.158798098564148,1.0
48,69,-14.740165710449219,6.312430381774902,11.0
48,70,-25.587526321411133,71.1355972290039,223.0
48,71,-26.28647232055664,6387.8779296875,6293.0
48,72,-6.548777103424072,2.978628158569336,5.0
48,73,-13.163213729858398,721.6980590820312,219.0
48,74,-11.161325454711914,6.425156116485596,173.0
48,75,-6.210148811340332,2.815176010131836,5.0
48,76,-0.6276841163635254,1.093812346458435,1.0
48,77,-4.6654462814331055,3.2102909088134766,4.0
48,78,-5.915855407714844,2.0948498249053955,3.0
48,79,-4.723288536071777,10.608379364013672,11.0
48,80,-1.4973663091659546,1.1328997611999512,1.0
50,0,-11.366619110107422,5.072342872619629,19.0
50,1,-3.638530731201172,1.8338576555252075,1.0
50,2,-12.883648872375488,13.154051780700684,165.0
50,3,-15.025750160217285,8.555169105529785,8.0
50,4,-3.2857847213745117,5.170102119445801,3.0
50,5,-14.67573070526123,1537.4267578125,144.0
50,6,-11.016670227050781,1.8441846370697021,12.0
50,7,-8.89720344543457,5.926540374755859,6.0
50,8,-11.363967895507812,3.1155221462249756,12.0
50,9,-11.161809921264648,9.321858406066895,41.0
50,10,-7.85172176361084,13.697874069213867,7.0
50,11,-0.6900553703308105,1.4120290279388428,1.0
50,12,-4.551117897033691,3.119832992553711,8.0
50,13,-4.6910624504089355,3.2309155464172363,4.0
50,14,-7.484518051147461,4.467833518981934,6.0
50,15,-0.8895951509475708,1.3451852798461914,1.0
50,16,-7.722041606903076,2.358449935913086,17.0
50,17,-5.76778507232666,1.898121953010559,3.0
50,18,-5.894268989562988,1.9249862432479858,2.0
50,19,-13.813067436218262,9.995928764343262,44.0
50,20,-3.5728580951690674,2.04331111907959,7.0
50,21,-1.8273577690124512,1.8388110399246216,2.0
50,22,-4.654346466064453,3.20139479637146,16.0
50,23,-2.7103333473205566,1.4728370904922485,1.0
50,24,-9.723628997802734,5.056147575378418,15.0
50,25,-17.069217681884766,11.455382347106934,139.0
50,26,-11.964105606079102,2.967280864715576,7.0
50,27,-3.527646541595459,2.415513038635254,1.0
50,28,-12.940603256225586,74.70404815673828,456.0
50,29,-61.20449447631836,21.332351684570312,562.0
50,30,-1.4915082454681396,1.180246353149414,1.0
50,31,-3.454011917114258,3.162419080734253,7.0
50,32,-2.7836432456970215,2.005535125732422,2.0
50,33,-0.25106576085090637,1.0365175008773804,1.0
50,34,-4.520636558532715,1.7595877647399902,2.0
50,35,-1.407202959060669,1.2226601839065552,1.0
50,36,-14.220967292785645,2.9859578609466553,25.0
50,37,-26.645538330078125,27.95768928527832,463.0
50,38,-18.41268539428711,4.638497352600098,16.0
50,39,-18.840713500976562,5.5444207191467285,18.0
50,40,-6.051490783691406,3.354484796524048,21.0
50,41,-13.76805305480957,31.249807357788086,332.0
50,42,-7.191908836364746,6.0374226570129395,52.0
50,43,-13.558723449707031,9.58105182647705,2487.0
50,44,-1.0205013751983643,1.4051823616027832,2.0
50,45,-1.594409465789795,1.2205495834350586,1.0
50,46,-3.031343460083008,4.552478313446045,2.0
50,47,-3.1580758094787598,2.202336549758911,3.0
50,48,-6.485801696777344,25.607900619506836,7.0
50,49,-4.839723587036133,1.496771216392517,10.0
50,50,-2.6588797569274902,3.778926134109497,2.0
50,51,-3.711214065551758,2.5289483070373535,4.0
50,52,-21.748077392578125,2.966562509536743,69.0
50,53,-3.621427297592163,3.3439157009124756,3.0
50,54,-12.249860763549805,4.623872756958008,7.0
50,55,-3.9514055252075195,1.551225185394287,1.0
50,56,-24.709129333496094,21.947235107421875,104.0
50,57,-10.529644966125488,33.444313049316406,128.0
50,58,-3.357193946838379,5.358033180236816,2.0
50,59,-9.837099075317383,4.076748847961426,6.0
50,60,-3.738410234451294,6.4831414222717285,3.0
50,61,-4.941030025482178,2.2784719467163086,3.0
50,62,-1.027435064315796,1.4084339141845703,1.0
50,63,-8.320133209228516,8.004734992980957,18.0
50,64,-3.956855058670044,1.5521647930145264,1.0
50,65,-5.496701240539551,15.616851806640625,14.0
50,66,-12.629842758178711,552.7586059570312,64.0
50,67,-4.908534526824951,1.8470076322555542,3.0
50,68,-0.7450019121170044,1.1322048902511597,1.0
50,69,-14.946459770202637,6.477324485778809,12.0
50,70,-25.74398422241211,73.01494598388672,214.0
50,71,-26.2752628326416,6364.05419921875,6444.0
50,72,-6.543088912963867,2.9758055210113525,5.0
50,73,-13.222640991210938,743.464111328125,232.0
50,74,-11.104052543640137,6.364116668701172,167.0
50,75,-6.372681617736816,2.8924782276153564,5.0
50,76,-0.618687629699707,1.092407464981079,1.0
50,77,-4.653564453125,3.2007689476013184,4.0
50,78,-5.909183502197266,2.0931036472320557,3.0
50,79,-4.735451698303223,10.67309284210205,12.0
50,80,-1.505974531173706,1.133712649345398,1.0
52,0,-11.608165740966797,5.250426769256592,19.0
52,1,-3.6705403327941895,1.8436673879623413,1.0
52,2,-12.805777549743652,12.950775146484375,162.0
52,3,-15.170702934265137,8.734172821044922,8.0
52,4,-3.4308202266693115,5.55895471572876,4.0
52,5,-14.594685554504395,1476.3717041015625,131.0
52,6,-10.929200172424316,1.8352446556091309,12.0
52,7,-8.801919937133789,5.814669609069824,6.0
52,8,-11.267756462097168,3.085690975189209,12.0
52,9,-11.283281326293945,9.551097869873047,42.0
52,10,-8.13664436340332,15.06259822845459,8.0
52,11,-0.714815616607666,1.4296188354492188,1.0
52,12,-4.619065284729004,3.173281669616699,8.0
52,13,-4.679142951965332,3.2213022708892822,4.0
52,14,-7.296084403991699,4.30258846282959,6.0
52,15,-0.9074236750602722,1.353203296661377,1.0
52,16,-7.488131999969482,2.2979438304901123,16.0
52,17,-5.739672660827637,1.8922022581100464,3.0
52,18,-6.021205902099609,1.9523286819458008,3.0
52,19,-13.911294937133789,10.160921096801758,47.0
52,20,-3.560875654220581,2.0384204387664795,7.0
52,21,-1.8414958715438843,1.8474972248077393,2.0
52,22,-4.669172286987305,3.213282585144043,16.0
52,23,-2.5619137287139893,1.4419375658035278,1.0
52,24,-9.634358406066895,4.981476306915283,15.0
52,25,-16.94306182861328,11.250779151916504,139.0
52,26,-11.893119812011719,2.9481940269470215,7.0
52,27,-3.567694664001465,2.4398186206817627,1.0
52,28,-13.130500793457031,79.58561706542969,470.0
52,29,-60.871768951416016,20.98039436340332,571.0
52,30,-1.4426144361495972,1.1738518476486206,1.0
52,31,-3.343352794647217,3.047894239425659,7.0
52,32,-2.801553964614868,2.0145351886749268,2.0
52,33,-0.2260717749595642,1.0328232049942017,1.0
52,34,-4.488998889923096,1.7526429891586304,2.0
52,35,-1.3632748126983643,1.2150115966796875,1.0
52,36,-14.038625717163086,2.944368362426758,24.0
52,37,-26.3414363861084,26.914888381958008,455.0
52,38,-18.141071319580078,4.534686088562012,16.0
52,39,-18.65993881225586,5.454048156738281,19.0
52,40,-6.069873332977295,3.366840124130249,21.0
52,41,-13.683359146118164,30.5950984954834,329.0
52,42,-7.142369270324707,5.96311092376709,51.0
52,43,-13.788825035095215,9.955621719360352,2676.0
52,44,-1.0619949102401733,1.4247528314590454,2.0
52,45,-1.5608189105987549,1.2154353857040405,1.0
52,46,-2.968010902404785,4.410576820373535,2.0
52,47,-3.1993141174316406,2.2251594066619873,3.0
52,48,-6.463919639587402,25.329248428344727,7.0
52,49,-4.782792568206787,1.4896870851516724,10.0
52,50,-2.6282529830932617,3.721498727798462,2.0
52,51,-3.705871343612671,2.5255727767944336,5.0
52,52,-21.511049270629883,2.931612014770508,71.0
52,53,-3.580051898956299,3.2981135845184326,3.0
52,54,-11.895967483520508,4.423786163330078,8.0
52,55,-3.7632079124450684,1.5191245079040527,1.0
52,56,-24.868478775024414,22.388776779174805,104.0
52,57,-10.743054389953613,35.91008758544922,133.0
52,58,-3.404279947280884,5.485673904418945,2.0
52,59,-10.122498512268066,4.24639892578125,6.0
52,60,-3.8048408031463623,6.702096462249756,3.0
52,61,-5.005492210388184,2.3030831813812256,3.0
52,62,-1.0071145296096802,1.398926019668579,1.0
52,63,-8.479186058044434,8.329442977905273,18.0
52,64,-3.7936224937438965,1.5242669582366943,1.0
52,65,-5.602361679077148,16.46407699584961,14.0
52,66,-12.70745849609375,574.6316528320312,61.0
52,67,-4.774121284484863,1.8162341117858887,3.0
52,68,-0.6396327018737793,1.1124951839447021,1.0
52,69,-15.14282512664795,6.63828182220459,12.0
52,70,-25.84989356994629,74.31521606445312,205.0
52,71,-26.417150497436523,6672.27734375,6560.0
52,72,-6.450664520263672,2.9303176403045654,5.0
52,73,-13.350576400756836,792.5758666992188,245.0
52,74,-11.09140396118164,6.350715160369873,158.0
52,75,-6.291528224945068,2.85361909866333,5.0
52,76,-0.5834574103355408,1.086923360824585,1.0
52,77,-4.623475551605225,3.1767826080322266,4.0
52,78,-5.866223335266113,2.0818936824798584,3.0
52,79,-4.855443000793457,11.333030700683594,12.0
52,80,-1.5132145881652832,1.1343969106674194,1.0
54,0,-12.071928977966309,5.6100592613220215,20.0
54,1,-3.7101526260375977,1.855879545211792,1.0
54,2,-12.992557525634766,13.443711280822754,168.0
54,3,-15.435949325561523,9.071480751037598,8.0
54,4,-3.5094311237335205,5.781803131103516,4.0
54,5,-14.90751838684082,1726.340576171875,132.0
54,6,-10.94149398803711,1.8364986181259155,12.0
54,7,-8.915872573852539,5.948710918426514,6.0
54,8,-11.37929916381836,3.120302438735962,12.0
54,9,-11.53550910949707,10.045268058776855,45.0
54,10,-8.418538093566895,16.54657745361328,9.0
54,11,-0.7440694570541382,1.4506834745407104,1.0
54,12,-4.615170478820801,3.1701934337615967,8.0
54,13,-4.6933393478393555,3.232755422592163,4.0
54,14,-7.211751937866211,4.23062801361084,5.0
54,15,-0.9569346904754639,1.3757213354110718,1.0
54,16,-7.189296245574951,2.222895622253418,16.0
54,17,-5.740836143493652,1.8924468755722046,3.0
54,18,-6.066615104675293,1.9622039794921875,4.0
54,19,-14.16058349609375,10.591980934143066,54.0
54,20,-3.6590464115142822,2.078838348388672,8.0
54,21,-1.9458787441253662,1.912911295890808,2.0
54,22,-4.668327808380127,3.212604284286499,16.0
54,23,-2.4949698448181152,1.4282134771347046,1.0
54,24,-9.514425277709961,4.882891654968262,14.0
54,25,-17.029338836669922,11.390305519104004,136.0
54,26,-11.823698997497559,2.9296462535858154,8.0
54,27,-3.4826242923736572,2.388477325439453,1.0
54,28,-13.082767486572266,78.32935333251953,451.0
54,29,-61.250118255615234,21.381071090698242,592.0
54,30,-1.4629650115966797,1.176509141921997,1.0
54,31,-3.2800192832946777,2.9842240810394287,6.0
54,32,-2.7805662155151367,2.003992795944214,2.0
54,33,-0.22695642709732056,1.0329536199569702,1.0
54,34,-4.390064716339111,1.7311018705368042,2.0
54,35,-1.2637228965759277,1.1978542804718018,1.0
54,36,-14.123808860778809,2.9637246131896973,24.0
54,37,-26.186071395874023,26.397226333618164,440.0
54,38,-18.080036163330078,4.511680603027344,16.0
54,39,-18.51472282409668,5.382519721984863,19.0
54,40,-6.110383033752441,3.3942291736602783,21.0
54,41,-13.747879028320312,31.09259605407715,330.0
54,42,-7.213866710662842,6.0706562995910645,53.0
54,43,-14.081080436706543,10.452559471130371,2910.0
54,44,-1.0299550294876099,1.4096174240112305,2.0
54,45,-1.5283453464508057,1.2105116844177246,1.0
54,46,-2.9661521911621094,4.406479835510254,2.0
54,47,-3.185452461242676,2.217461585998535,3.0
54,48,-6.536839962005615,26.269800186157227,7.0
54,49,-4.826292037963867,1.4950969219207764,10.0
54,50,-2.692446231842041,3.842883825302124,2.0
54,51,-3.746973752975464,2.5516581535339355,5.0
54,52,-21.407514572143555,2.9164750576019287,68.0
54,53,-3.527050733566284,3.2403573989868164,3.0
54,54,-11.850561141967773,4.398748874664307,7.0
54,55,-3.4997875690460205,1.4753057956695557,1.0
54,56,-24.831235885620117,22.284791946411133,102.0
54,57,-10.79697036743164,36.56129455566406,130.0
54,58,-3.451035737991333,5.6154279708862305,2.0
54,59,-10.38605785369873,4.409329414367676,7.0
54,60,-3.755436420440674,6.538568019866943,3.0
54,61,-4.97410249710083,2.2910656929016113,3.0
54,62,-0.9486967325210571,1.3719487190246582,1.0
54,63,-8.553406715393066,8.48543930053711,19.0
54,64,-3.670502185821533,1.5035568475723267,1.0
54,65,-5.710864543914795,17.38195037841797,14.0
54,66,-12.74730396270752,586.1947021484375,59.0
54,67,-4.52387809753418,1.760300874710083,3.0
54,68,-0.5367730259895325,1.0935859680175781,1.0
54,69,-15.275259017944336,6.749088287353516,13.0
54,70,-25.933244705200195,75.35478973388672,199.0
54,71,-26.464601516723633,6778.65625,6785.0
54,72,-6.3169426918029785,2.865731954574585,5.0
54,73,-13.359761238098145,796.2240600585938,237.0
54,74,-11.302552223205566,6.578183650970459,170.0
54,75,-6.17185640335083,2.797266721725464,5.0
54,76,-0.5775031447410583,1.0859992504119873,1.0
54,77,-4.59907865524292,3.157465696334839,4.0
54,78,-5.972719192504883,2.109793186187744,3.0
54,79,-4.942708969116211,11.838471412658691,12.0
54,80,-1.492550015449524,1.1324450969696045,1.0
56,0,-12.028363227844238,5.575252532958984,22.0
56,1,-3.7412760257720947,1.8655314445495605,1.0
56,2,-13.01914119720459,13.515378952026367,163.0
56,3,-15.588358879089355,9.271159172058105,8.0
56,4,-3.50313663482666,5.763635158538818,3.0
56,5,-15.024091720581055,1829.95361328125,130.0
56,6,-10.995307922363281,1.8419972658157349,12.0
56,7,-8.928414344787598,5.963651180267334,6.0
56,8,-11.298473358154297,3.095183849334717,12.0
56,9,-11.411506652832031,9.799206733703613,47.0
56,10,-8.395668029785156,16.42091941833496,9.0
56,11,-0.739568829536438,1.4474226236343384,1.0
56,12,-4.6200103759765625,3.1740317344665527,8.0
56,13,-4.7352752685546875,3.2668256759643555,4.0
56,14,-7.045372486114502,4.092166423797607,5.0
56,15,-0.9458785057067871,1.370660662651062,1.0
56,16,-7.114177703857422,2.2044193744659424,15.0
56,17,-5.905921936035156,1.9274802207946777,3.0
56,18,-6.071475982666016,1.963263988494873,3.0
56,19,-14.218542098999023,10.694792747497559,54.0
56,20,-3.6827352046966553,2.0887110233306885,8.0
56,21,-1.984711766242981,1.937833547592163,2.0
56,22,-4.554162979125977,3.122208833694458,16.0
56,23,-2.493980646133423,1.4280115365982056,1.0
56,24,-9.581766128540039,4.938003063201904,14.0
56,25,-17.136539459228516,11.566083908081055,139.0
56,26,-11.881340980529785,2.9450385570526123,8.0
56,27,-3.3757340908050537,2.325496196746826,1.0
56,28,-13.125360488891602,79.44939422607422,453.0
56,29,-61.26856994628906,21.400802612304688,618.0
56,30,-1.472381591796875,1.1777406930923462,1.0
56,31,-3.2994093894958496,3.0035746097564697,6.0
56,32,-2.649462938308716,1.9393749237060547,2.0
56,33,-0.21434429287910461,1.0310941934585571,1.0
56,34,-4.285025596618652,1.7085211277008057,2.0
56,35,-1.2603284120559692,1.1972734928131104,1.0
56,36,-14.085490226745605,2.9550015926361084,24.0
56,37,-26.05955696105957,25.983055114746094,441.0
56,38,-17.93120002746582,4.4560675621032715,16.0
56,39,-18.445720672607422,5.348861217498779,18.0
56,40,-6.097628593444824,3.3855814933776855,21.0
56,41,-13.728636741638184,30.943382263183594,327.0
56,42,-7.251756191253662,6.1284332275390625,53.0
56,43,-14.10181999206543,10.488751411437988,2829.0
56,44,-1.0013176202774048,1.3962255716323853,2.0
56,45,-1.524367094039917,1.2099099159240723,1.0
56,46,-3.011599540710449,4.507757186889648,2.0
56,47,-3.144355535507202,2.1947953701019287,3.0
56,48,-6.546083450317383,26.391494750976562,7.0
56,49,-4.8154520988464355,1.4937469959259033,10.0
56,50,-2.6556499004364014,3.7728283405303955,2.0
56,51,-3.7436206340789795,2.549520254135132,6.0
56,52,-21.163131713867188,2.8810553550720215,66.0
56,53,-3.559206962585449,3.2752764225006104,3.0
56,54,-11.885581970214844,4.418046951293945,8.0
56,55,-3.431377649307251,1.4641343355178833,1.0
56,56,-24.751174926757812,22.06288719177246,105.0
56,57,-10.892961502075195,37.750064849853516,133.0
56,58,-3.4523568153381348,5.619138717651367,2.0
56,59,-10.491762161254883,4.4764180183410645,7.0
56,60,-3.5930187702178955,6.028567790985107,3.0
56,61,-5.05497932434082,2.322157144546509,3.0
56,62,-0.9432448744773865,1.3694578409194946,1.0
56,63,-8.719948768615723,8.846192359924316,20.0
56,64,-3.6486334800720215,1.4999079704284668,1.0
56,65,-5.747425079345703,17.702617645263672,14.0
56,66,-12.849692344665527,616.9859008789062,62.0
56,67,-4.337545394897461,1.7197744846343994,3.0
56,68,-0.4540058970451355,1.0786041021347046,1.0
56,69,-15.266508102416992,6.7417097091674805,13.0
56,70,-26.044919967651367,76.77045440673828,197.0
56,71,-26.385038375854492,6601.23828125,6604.0
56,72,-6.202600002288818,2.811636209487915,4.0
56,73,-13.305268287658691,774.8226318359375,241.0
56,74,-11.3206205368042,6.598023414611816,168.0
56,75,-6.062132835388184,2.746577262878418,4.0
56,76,-0.5812604427337646,1.0865823030471802,1.0
56,77,-4.619223594665527,3.1734073162078857,4.0
56,78,-5.979837894439697,2.111671209335327,3.0
56,79,-4.921992301940918,11.716477394104004,12.0
56,80,-1.4699230194091797,1.1303118467330933,1.0
58,0,-12.018844604492188,5.567676544189453,21.0
58,1,-3.7167348861694336,1.8579167127609253,1.0
58,2,-13.00877571105957,13.48738956451416,163.0
58,3,-15.36417007446289,8.978937149047852,8.0
58,4,-3.455937623977661,5.629208087921143,3.0
58,5,-14.767258644104004,1609.4202880859375,113.0
58,6,-10.783909797668457,1.8204907178878784,12.0
58,7,-8.984020233154297,6.030344486236572,6.0
58,8,-11.225482940673828,3.072674512863159,12.0
58,9,-11.311905860900879,9.605934143066406,47.0
58,10,-8.251529693603516,15.65061092376709,8.0
58,11,-0.7656582593917847,1.4664275646209717,1.0
58,12,-4.615068435668945,3.1701128482818604,8.0
58,13,-4.769261360168457,3.2947006225585938,4.0
58,14,-7.084768295288086,4.124536514282227,5.0
58,15,-0.9613323211669922,1.377739429473877,1.0
58,16,-7.159142971038818,2.2154605388641357,15.0
58,17,-5.89414119720459,1.9249588251113892,3.0
58,18,-6.16679573059082,1.9841675758361816,3.0
58,19,-14.112333297729492,10.507145881652832,56.0
58,20,-3.7037453651428223,2.097506046295166,8.0
58,21,-1.8839681148529053,1.873839020729065,2.0
58,22,-4.550371170043945,3.119250774383545,16.0
58,23,-2.586026191711426,1.4469128847122192,1.0
58,24,-9.695713996887207,5.032678604125977,13.0
58,25,-16.914596557617188,11.205121040344238,137.0
58,26,-11.845465660095215,2.9354493618011475,8.0
58,27,-3.553264856338501,2.43103289604187,1.0
58,28,-13.084001541137695,78.36158752441406,457.0
58,29,-61.085777282714844,21.206100463867188,626.0
58,30,-1.489944338798523,1.1800411939620972,1.0
58,31,-3.3735578060150146,3.0787363052368164,6.0
58,32,-2.6219987869262695,1.9261047840118408,2.0
58,33,-0.19474150240421295,1.0282107591629028,1.0
58,34,-4.3022141456604,1.7121959924697876,2.0
58,35,-1.2930033206939697,1.2028752565383911,1.0
58,36,-14.08012580871582,2.953782796859741,25.0
58,37,-26.023530960083008,25.866310119628906,425.0
58,38,-17.874263763427734,4.4349751472473145,16.0
58,39,-18.210811614990234,5.235845565795898,18.0
58,40,-6.0741353034973145,3.36971116065979,20.0
58,41,-13.913312911987305,32.40549850463867,334.0
58,42,-7.212644100189209,6.068800926208496,53.0
58,43,-14.00066089630127,10.313393592834473,2748.0
58,44,-0.9797564744949341,1.386226773262024,2.0
58,45,-1.5074152946472168,1.2073488235473633,1.0
58,46,-2.954472780227661,4.380821704864502,2.0
58,47,-3.1192896366119385,2.1810851097106934,2.0
58,48,-6.446770668029785,25.112991333007812,6.0
58,49,-4.924930572509766,1.5074371099472046,11.0
58,50,-2.6718621253967285,3.8035356998443604,2.0
58,51,-3.7432522773742676,2.549285411834717,6.0
58,52,-21.178913116455078,2.883329391479492,66.0
58,53,-3.5699262619018555,3.2870001792907715,3.0
58,54,-11.94845962524414,4.452908515930176,9.0
58,55,-3.5141000747680664,1.4776537418365479,1.0
58,56,-24.676288604736328,21.857324600219727,103.0
58,57,-10.745367050170898,35.93777847290039,133.0
58,58,-3.449314832687378,5.610598564147949,2.0
58,59,-10.324461936950684,4.370699882507324,7.0
58,60,-3.6009368896484375,6.0524821281433105,3.0
58,61,-5.103358268737793,2.340956687927246,3.0
58,62,-0.9578118920326233,1.3761237859725952,1.0
58,63,-8.920331954956055,9.300638198852539,20.0
58,64,-3.627835273742676,1.4964457750320435,1.0
58,65,-5.682216167449951,17.134742736816406,14.0
58,66,-12.89697265625,631.7453002929688,60.0
58,67,-4.331777572631836,1.7185349464416504,3.0
58,68,-0.4237040579319,1.07317054271698,1.0
58,69,-15.268738746643066,6.743589401245117,13.0
58,70,-25.983423233032227,75.98764038085938,196.0
58,71,-26.1866512298584,6178.8271484375,6457.0
58,72,-6.079704284667969,2.7546327114105225,4.0
58,73,-13.242164611816406,750.7572021484375,230.0
58,74,-11.310672760009766,6.587093353271484,166.0
58,75,-5.928816795349121,2.686223030090332,4.0
58,76,-0.5599315166473389,1.0832765102386475,1.0
58,77,-4.635583877563477,3.186413526535034,4.0
58,78,-6.06959867477417,2.135497808456421,3.0
58,79,-4.8720855712890625,11.427729606628418,12.0
58,80,-1.4626023769378662,1.1296225786209106,1.0
60,0,-11.618168830871582,5.257935047149658,20.0
60,1,-3.7148079872131348,1.8573200702667236,1.0
60,2,-13.031015396118164,13.547514915466309,161.0
60,3,-15.374517440795898,8.992218971252441,8.0
60,4,-3.291713237762451,5.185450077056885,3.0
60,5,-14.552068710327148,1445.245361328125,110.0
60,6,-10.783748626708984,1.8204745054244995,12.0
60,7,-8.978784561157227,6.024033069610596,6.0
60,8,-11.163495063781738,3.0536863803863525,12.0
60,9,-11.391878128051758,9.760811805725098,48.0
60,10,-8.15958309173584,15.178213119506836,8.0
60,11,-0.7641629576683044,1.4653314352035522,1.0
60,12,-4.66189432144165,3.207441568374634,8.0
60,13,-4.784492015838623,3.307269811630249,4.0
60,14,-7.155141830444336,4.1829986572265625,5.0
60,15,-0.9695672392845154,1.3815264701843262,1.0
60,16,-7.333413600921631,2.258777379989624,16.0
60,17,-5.941319942474365,1.935076117515564,3.0
60,18,-6.220507621765137,1.9960447549819946,3.0
60,19,-13.84439468383789,10.04825496673584,53.0
60,20,-3.601663827896118,2.055116891860962,7.0
60,21,-1.8066946268081665,1.8261895179748535,2.0
60,22,-4.450244426727295,3.0421395301818848,15.0
60,23,-2.6721692085266113,1.4648289680480957,1.0
60,24,-9.763785362243652,5.090100288391113,13.0
60,25,-16.857208251953125,11.113633155822754,139.0
60,26,-11.7814302444458,2.918410301208496,7.0
60,27,-3.6379637718200684,2.483058214187622,1.0
60,28,-13.091689109802246,78.5626449584961,465.0
60,29,-61.25889587402344,21.390457153320312,635.0
60,30,-1.5144784450531006,1.1832623481750488,1.0
60,31,-3.470522880554199,3.1798717975616455,6.0
60,32,-2.5362508296966553,1.8852542638778687,2.0
60,33,-0.1778382509946823,1.0257309675216675,1.0
60,34,-4.458776950836182,1.7460343837738037,2.0
60,35,-1.291573166847229,1.202629566192627,1.0
60,36,-13.970393180847168,2.928954601287842,25.0
60,37,-26.03511619567871,25.903797149658203,428.0
60,38,-17.687923431396484,4.366639137268066,16.0
60,39,-18.07944107055664,5.173686981201172,21.0
60,40,-6.0490288734436035,3.3528330326080322,20.0
60,41,-13.868332862854004,32.04314422607422,334.0
60,42,-7.13392972946167,5.95054292678833,51.0
60,43,-13.88761043548584,10.120890617370605,2658.0
60,44,-0.970394492149353,1.38190758228302,1.0
60,45,-1.5326899290084839,1.2111692428588867,1.0
60,46,-2.9197139739990234,4.3053436279296875,2.0
60,47,-3.086245059967041,2.1631410121917725,2.0
60,48,-6.405974388122559,24.60592269897461,6.0
60,49,-4.999189853668213,1.5167943239212036,11.0
60,50,-2.675654411315918,3.8107542991638184,2.0
60,51,-3.7673168182373047,2.5646684169769287,6.0
60,52,-21.131874084472656,2.876555919647217,62.0
60,53,-3.617379665374756,3.339407205581665,3.0
60,54,-12.147710800170898,4.565207004547119,9.0
60,55,-3.6066367626190186,1.4929251670837402,1.0
60,56,-24.850086212158203,22.337364196777344,104.0
60,57,-10.689640045166016,35.276371002197266,131.0
60,58,-3.3998022079467773,5.4734063148498535,2.0
60,59,-10.176139831542969,4.279063701629639,7.0
60,60,-3.60388445854187,6.061408996582031,3.0
60,61,-5.166540145874023,2.3657379150390625,3.0
60,62,-0.9499883055686951,1.3725396394729614,1.0
60,63,-8.842260360717773,9.120868682861328,20.0
60,64,-3.6825082302093506,1.5055639743804932,1.0
60,65,-5.6113386154174805,16.53813934326172,15.0
60,66,-12.876004219055176,625.1565551757812,62.0
60,67,-4.36041784286499,1.7246984243392944,3.0
60,68,-0.42144376039505005,1.0727663040161133,1.0
60,69,-15.210028648376465,6.694281101226807,13.0
60,70,-25.953327178955078,75.60741424560547,182.0
60,71,-26.14054298400879,6084.587890625,6455.0
60,72,-6.078542709350586,2.7540996074676514,4.0
60,73,-13.306632041931152,775.3511352539062,232.0
60,74,-11.30964183807373,6.58596134185791,171.0
60,75,-5.849273681640625,2.650846242904663,4.0
60,76,-0.5694687366485596,1.084753394126892,1.0
60,77,-4.6340413093566895,3.1851847171783447,4.0
60,78,-6.023500442504883,2.123228073120117,3.0
60,79,-4.816680431365967,11.115495681762695,12.0
60,80,-1.4798649549484253,1.1312485933303833,1.0
62,0,-11.73753547668457,5.34836483001709,20.0
62,1,-3.748105049133301,1.867655873298645,1.0
62,2,-12.930020332336426,13.276613235473633,162.0
62,3,-15.34904956817627,8.959562301635742,8.0
62,4,-3.2421715259552,5.058579921722412,3.0
62,5,-14.506925582885742,1412.9892578125,113.0
62,6,-10.707310676574707,1.8127599954605103,12.0
62,7,-9.027462005615234,6.082966327667236,6.0
62,8,-11.093141555786133,3.032278060913086,12.0
62,9,-11.386550903320312,9.750417709350586,50.0
62,10,-8.159663200378418,15.178618431091309,8.0
62,11,-0.7896177172660828,1.484100580215454,1.0
62,12,-4.620381832122803,3.1743264198303223,8.0
62,13,-4.807098388671875,3.3260140419006348,4.0
62,14,-7.171718597412109,4.196889400482178,5.0
62,15,-1.0105266571044922,1.4005179405212402,1.0
62,16,-7.449080467224121,2.287994384765625,19.0
62,17,-5.926795959472656,1.9319558143615723,3.0
62,18,-6.1629743576049805,1.9833253622055054,3.0
62,19,-13.729669570922852,9.857951164245605,52.0
62,20,-3.571188449859619,2.0426290035247803,7.0
62,21,-1.8044151067733765,1.8248025178909302,2.0
62,22,-4.370457172393799,2.982059955596924,14.0
62,23,-2.7006382942199707,1.4707986116409302,1.0
62,24,-9.730463027954102,5.0619096755981445,12.0
62,25,-16.918508529663086,11.211383819580078,140.0
62,26,-11.786934852600098,2.9198713302612305,7.0
62,27,-3.596452474594116,2.4574227333068848,1.0
62,28,-13.107460021972656,78.97674560546875,459.0
62,29,-61.16231155395508,21.28740119934082,624.0
62,30,-1.5925583839416504,1.1935725212097168,1.0
62,31,-3.412155866622925,3.118603229522705,6.0
62,32,-2.5351946353912354,1.8847565650939941,2.0
62,33,-0.17031307518482208,1.024628758430481,1.0
62,34,-4.504311561584473,1.7560007572174072,2.0
62,35,-1.3080642223358154,1.2054661512374878,1.0
62,36,-14.083673477172852,2.9545886516571045,25.0
62,37,-25.9365234375,25.58651351928711,423.0
62,38,-17.738054275512695,4.384919166564941,16.0
62,39,-17.997169494628906,5.135136127471924,18.0
62,40,-6.040003776550293,3.3467869758605957,21.0
62,41,-13.885461807250977,32.1806526184082,346.0
62,42,-7.092239856719971,5.888845920562744,51.0
62,43,-13.907145500183105,10.15389633178711,2722.0
62,44,-0.9344788789749146,1.3654621839523315,1.0
62,45,-1.535730004310608,1.2116296291351318,1.0
62,46,-2.9316213130950928,4.331052780151367,2.0
62,47,-3.052605628967285,2.1450254917144775,2.0
62,48,-6.411417007446289,24.6729736328125,6.0
62,49,-5.046792984008789,1.5228233337402344,11.0
62,50,-2.7170186042785645,3.8903894424438477,2.0
62,51,-3.730470895767212,2.5411524772644043,6.0
62,52,-21.145660400390625,2.878539562225342,64.0
62,53,-3.5817644596099854,3.2999963760375977,3.0
62,54,-12.202495574951172,4.5965776443481445,9.0
62,55,-3.6240737438201904,1.4958205223083496,1.0
62,56,-24.878520965576172,22.416898727416992,104.0
62,57,-10.526138305664062,33.40523910522461,126.0
62,58,-3.4234633445739746,5.538544178009033,2.0
62,59,-10.192145347595215,4.288858890533447,6.0
62,60,-3.5555484294891357,5.916672706604004,3.0
62,61,-5.216908931732178,2.385681629180908,3.0
62,62,-0.9156515002250671,1.3569196462631226,1.0
62,63,-8.852871894836426,9.145097732543945,20.0
62,64,-3.671945571899414,1.503798007965088,1.0
62,65,-5.564502716064453,16.155351638793945,14.0
62,66,-12.817258834838867,607.0610961914062,61.0
62,67,-4.421306610107422,1.7378754615783691,3.0
62,68,-0.41114574670791626,1.070926547050476,1.0
62,69,-15.19845962524414,6.68460750579834,12.0
62,70,-26.087841033935547,77.32159423828125,183.0
62,71,-26.025531768798828,5855.73974609375,6333.0
62,72,-6.06251859664917,2.746753692626953,4.0
62,73,-13.213994979858398,740.257080078125,219.0
62,74,-11.324714660644531,6.602527141571045,171.0
62,75,-5.82361364364624,2.639533758163452,3.0
62,76,-0.5652797222137451,1.0841045379638672,1.0
62,77,-4.652207374572754,3.19968318939209,4.0
62,78,-6.056274890899658,2.131944179534912,3.0
62,79,-4.750761985778809,10.755110740661621,11.0
62,80,-1.4495275020599365,1.1283924579620361,1.0
64,0,-11.710681915283203,5.32788610458374,20.0
64,1,-3.7525506019592285,1.8690402507781982,1.0
64,2,-12.860742568969727,13.093927383422852,161.0
64,3,-15.552841186523438,9.224236488342285,8.0
64,4,-3.422217607498169,5.53509521484375,3.0
64,5,-14.599791526794434,1480.1456298828125,118.0
64,6,-10.640819549560547,1.8060762882232666,12.0
64,7,-9.021689414978027,6.075946807861328,6.0
64,8,-11.17405891418457,3.0569140911102295,12.0
64,9,-11.406669616699219,9.789730072021484,50.0
64,10,-8.264023780822754,15.715927124023438,8.0
64,11,-0.7925360798835754,1.4862676858901978,1.0
64,12,-4.545517444610596,3.1154677867889404,8.0
64,13,-4.744138717651367,3.2740726470947266,4.0
64,14,-7.09995174407959,4.137080192565918,5.0
64,15,-0.9967543482780457,1.3941032886505127,1.0
64,16,-7.43553352355957,2.284552812576294,18.0
64,17,-5.933408737182617,1.9333759546279907,3.0
64,18,-6.1566996574401855,1.9819430112838745,3.0
64,19,-13.755073547363281,9.899776458740234,53.0
64,20,-3.6087238788604736,2.058020830154419,7.0
64,21,-1.8084204196929932,1.8272403478622437,2.0
64,22,-4.411219120025635,3.012603759765625,16.0
64,23,-2.7021536827087402,1.4711170196533203,1.0
64,24,-9.722956657409668,5.055581092834473,12.0
64,25,-16.822376251220703,11.058469772338867,134.0
64,26,-12.076738357543945,2.997819662094116,8.0
64,27,-3.5913186073303223,2.454270839691162,1.0
64,28,-12.949712753295898,74.93122863769531,439.0
64,29,-61.25215530395508,21.38324737548828,638.0
64,30,-1.634379506111145,1.199131727218628,1.0
64,31,-3.515754461288452,3.2281787395477295,7.0
64,32,-2.493959665298462,1.865426778793335,2.0
64,33,-0.1941492110490799,1.0281237363815308,1.0
64,34,-4.4265007972717285,1.739004135131836,2.0
64,35,-1.3062899112701416,1.2051606178283691,1.0
64,36,-14.24270248413086,2.9909543991088867,27.0
64,37,-25.938365936279297,25.592409133911133,424.0
64,38,-17.97804069519043,4.4734954833984375,16.0
64,39,-18.074787139892578,5.171498775482178,18.0
64,40,-6.0359787940979,3.3440937995910645,20.0
64,41,-13.8517427444458,31.910518646240234,351.0
64,42,-7.050963878631592,5.828391075134277,50.0
64,43,-13.831989288330078,10.027501106262207,2653.0
64,44,-0.9120467901229858,1.355290174484253,1.0
64,45,-1.5609959363937378,1.215462327003479,1.0
64,46,-2.974987506866455,4.425988674163818,2.0
64,47,-3.081031560897827,2.16032338142395,2.0
64,48,-6.41403865814209,24.705337524414062,6.0
64,49,-5.0636420249938965,1.5249630212783813,11.0
64,50,-2.683742046356201,3.82619571685791,2.0
64,51,-3.7923707962036133,2.580782651901245,6.0
64,52,-21.09393882751465,2.8711049556732178,67.0
64,53,-3.5899064540863037,3.308964967727661,3.0
64,54,-12.285368919372559,4.6444411277771,9.0
64,55,-3.6430962085723877,1.4989854097366333,1.0
64,56,-24.878318786621094,22.416332244873047,104.0
64,57,-10.600627899169922,34.24506759643555,127.0
64,58,-3.4949142932891846,5.739988327026367,2.0
64,59,-10.241326332092285,4.319098472595215,7.0
64,60,-3.5413968563079834,5.874955177307129,3.0
64,61,-5.147549152374268,2.358262062072754,3.0
64,62,-0.8944487571716309,1.3473633527755737,1.0
64,63,-8.86750602722168,9.178616523742676,20.0
64,64,-3.6335978507995605,1.4974042177200317,1.0
64,65,-5.5970611572265625,16.420499801635742,14.0
64,66,-12.823282241821289,608.8921508789062,62.0
64,67,-4.4524617195129395,1.7446565628051758,3.0
64,68,-0.39151349663734436,1.0674282312393188,1.0
64,69,-15.157394409179688,6.650382041931152,12.0
64,70,-26.018529891967773,76.43353271484375,184.0
64,71,-26.0321044921875,5868.5810546875,6281.0
64,72,-6.071175575256348,2.7507197856903076,4.0
64,73,-13.247720718383789,752.8457641601562,214.0
64,74,-11.380964279174805,6.6647162437438965,171.0
64,75,-5.740139007568359,2.6030654907226562,3.0
64,76,-0.5752975940704346,1.0856571197509766,1.0
64,77,-4.645366191864014,3.1942155361175537,4.0
64,78,-6.10495662689209,2.1449573040008545,2.0
64,79,-4.86004638671875,11.359145164489746,11.0
64,80,-1.3979694843292236,1.1235545873641968,1.0
66,0,-11.754663467407227,5.361466884613037,20.0
66,1,-3.784196376800537,1.8789242506027222,1.0
66,2,-12.839635848999023,13.038768768310547,157.0
66,3,-15.674087524414062,9.38539981842041,8.0
66,4,-3.4468846321105957,5.603785514831543,3.0
66,5,-14.682321548461914,1542.5015869140625,123.0
66,6,-10.696504592895508,1.8116720914840698,12.0
66,7,-8.952214241027832,5.992105484008789,6.0
66,8,-11.212272644042969,3.068618059158325,12.0
66,9,-11.518573760986328,10.011302947998047,51.0
66,10,-8.37501049041748,16.3082332611084,8.0
66,11,-0.759716272354126,1.4620771408081055,1.0
66,12,-4.526853561401367,3.1009650230407715,8.0
66,13,-4.724837779998779,3.258312463760376,4.0
66,14,-7.1262383460998535,4.15888786315918,5.0
66,15,-1.0411591529846191,1.4148917198181152,1.0
66,16,-7.430288314819336,2.283221960067749,16.0
66,17,-5.953166961669922,1.9376251697540283,3.0
66,18,-6.191303730010986,1.989578127861023,3.0
66,19,-13.784890174865723,9.9490966796875,54.0
66,20,-3.5639617443084717,2.0396788120269775,7.0
66,21,-1.8565688133239746,1.8568031787872314,2.0
66,22,-4.34323787689209,2.961836338043213,14.0
66,23,-2.705322504043579,1.4717830419540405,1.0
66,24,-9.66844367980957,5.009856700897217,12.0
66,25,-16.911785125732422,11.20062255859375,133.0
66,26,-12.1940279006958,3.0299556255340576,8.0
66,27,-3.596428632736206,2.4574081897735596,1.0
66,28,-12.972342491149902,75.49861907958984,430.0
66,29,-61.369319915771484,21.508882522583008,610.0
66,30,-1.692256212234497,1.2068678140640259,1.0
66,31,-3.3738465309143066,3.0790326595306396,6.0
66,32,-2.5099430084228516,1.8728957176208496,2.0
66,33,-0.19803282618522644,1.0286943912506104,1.0
66,34,-4.5028815269470215,1.75568687915802,2.0
66,35,-1.354678988456726,1.2135204076766968,1.0
66,36,-14.396941184997559,3.0266518592834473,31.0
66,37,-25.827573776245117,25.240421295166016,411.0
66,38,-18.084735870361328,4.5134477615356445,16.0
66,39,-18.070755004882812,5.16960334777832,17.0
66,40,-6.03201150894165,3.3414413928985596,20.0
66,41,-13.896927833557129,32.273033142089844,327.0
66,42,-7.050210952758789,5.827293872833252,50.0
66,43,-13.941793441772461,10.212701797485352,2749.0
66,44,-0.9205892086029053,1.3591548204421997,1.0
66,45,-1.561021089553833,1.2154661417007446,1.0
66,46,-2.9391427040100098,4.347371578216553,2.0
66,47,-3.103248119354248,2.1723554134368896,2.0
66,48,-6.494997978210449,25.72591781616211,7.0
66,49,-5.081744194030762,1.527265191078186,11.0
66,50,-2.70853853225708,3.873929023742676,2.0
66,51,-3.797593593597412,2.5841546058654785,6.0
66,52,-21.077619552612305,2.8687632083892822,68.0
66,53,-3.5935933589935303,3.3130340576171875,3.0
66,54,-12.249910354614258,4.623901844024658,10.0
66,55,-3.650111198425293,1.5001542568206787,1.0
66,56,-24.99673080444336,22.75059700012207,103.0
66,57,-10.628439903259277,34.564022064208984,120.0
66,58,-3.5335521697998047,5.851956844329834,3.0
66,59,-10.457557678222656,4.4545979499816895,7.0
66,60,-3.5286500453948975,5.837630748748779,3.0
66,61,-5.088344097137451,2.335106134414673,3.0
66,62,-0.9123879075050354,1.355444312095642,1.0
66,63,-8.8397855758667,9.115227699279785,20.0
66,64,-3.6581883430480957,1.5015010833740234,1.0
66,65,-5.61046028137207,16.530879974365234,14.0
66,66,-12.922410011291504,639.8316040039062,65.0
66,67,-4.543823719024658,1.7646950483322144,3.0
66,68,-0.40163952112197876,1.0692312717437744,1.0
66,69,-15.167925834655762,6.65914249420166,12.0
66,70,-26.190467834472656,78.65553283691406,188.0
66,71,-26.157976150512695,6120.046875,6598.0
66,72,-6.074046611785889,2.7520363330841064,4.0
66,73,-13.246016502380371,752.2045288085938,212.0
66,74,-11.355838775634766,6.636865615844727,165.0
66,75,-5.70905876159668,2.589616537094116,3.0
66,76,-0.5905749797821045,1.0880290269851685,1.0
66,77,-4.696863174438477,3.235604763031006,5.0
66,78,-6.121823310852051,2.149484157562256,2.0
66,79,-4.730621337890625,10.647346496582031,11.0
66,80,-1.4105144739151,1.124729871749878,1.0
68,0,-11.800168991088867,5.396434783935547,20.0
68,1,-3.757573366165161,1.870605707168579,1.0
68,2,-12.828609466552734,13.010048866271973,156.0
68,3,-15.83580207824707,9.604745864868164,8.0
68,4,-3.5187935829162598,5.808932304382324,4.0
68,5,-14.62351131439209,1497.804443359375,124.0
68,6,-10.725523948669434,1.8145952224731445,12.0
68,7,-9.0125150680542,6.064808368682861,6.0
68,8,-11.46109390258789,3.1459293365478516,12.0
68,9,-11.512365341186523,9.998879432678223,53.0
68,10,-8.45962142944336,16.77473258972168,8.0
68,11,-0.7662823796272278,1.4668850898742676,1.0
68,12,-4.5144243240356445,3.0913443565368652,8.0
68,13,-4.704341888427734,3.2416598796844482,4.0
68,14,-7.0725507736206055,4.114470481872559,5.0
68,15,-1.029141902923584,1.4092354774475098,1.0
68,16,-7.371609687805176,2.2683839797973633,16.0
68,17,-5.928605556488037,1.9323444366455078,3.0
68,18,-6.145615100860596,1.9795036315917969,3.0
68,19,-13.736433029174805,9.86906909942627,54.0
68,20,-3.554637908935547,2.035878896713257,7.0
68,21,-1.8673210144042969,1.8634699583053589,2.0
68,22,-4.295995712280273,2.9270613193511963,12.0
68,23,-2.6739044189453125,1.4651920795440674,1.0
68,24,-9.735452651977539,5.0661211013793945,12.0
68,25,-16.82213020324707,11.05808162689209,134.0
68,26,-12.25053882598877,3.0455617904663086,8.0
68,27,-3.541391611099243,2.423827648162842,1.0
68,28,-13.068954467773438,77.96952056884766,442.0
68,29,-61.26481628417969,21.396787643432617,626.0
68,30,-1.7283151149749756,1.2117129564285278,1.0
68,31,-3.367647647857666,3.0726771354675293,6.0
68,32,-2.4675045013427734,1.8531301021575928,2.0
68,33,-0.20825418829917908,1.0301975011825562,1.0
68,34,-4.504715919494629,1.756089448928833,2.0
68,35,-1.3406527042388916,1.211091160774231,1.0
68,36,-14.320621490478516,3.0089352130889893,28.0
68,37,-25.997364044189453,25.781843185424805,416.0
68,38,-18.092124938964844,4.516227722167969,16.0
68,39,-18.10019302368164,5.1834564208984375,18.0
68,40,-6.047400951385498,3.3517417907714844,20.0
68,41,-13.892457962036133,32.23699188232422,329.0
68,42,-7.0706963539123535,5.857214450836182,49.0
68,43,-13.97340202331543,10.266645431518555,2771.0
68,44,-0.9296746253967285,1.3632771968841553,1.0
68,45,-1.545518398284912,1.2131130695343018,1.0
68,46,-2.988424301147461,4.455824851989746,2.0
68,47,-3.1184163093566895,2.1806085109710693,2.0
68,48,-6.565103054046631,26.643667221069336,7.0
68,49,-5.1258955001831055,1.5328948497772217,11.0
68,50,-2.575252056121826,3.6241724491119385,2.0
68,51,-3.7883410453796387,2.578184127807617,6.0
68,52,-21.20509147644043,2.887105941772461,68.0
68,53,-3.58087158203125,3.2990148067474365,3.0
68,54,-12.34695053100586,4.680331230163574,9.0
68,55,-3.6584794521331787,1.5015497207641602,1.0
68,56,-24.99486541748047,22.74529266357422,101.0
68,57,-10.730079650878906,35.7551155090332,126.0
68,58,-3.5041086673736572,5.766436576843262,3.0
68,59,-10.607863426208496,4.55128288269043,7.0
68,60,-3.574310779571533,5.972439289093018,3.0
68,61,-5.075189113616943,2.3299920558929443,3.0
68,62,-0.8811883926391602,1.3414208889007568,1.0
68,63,-8.798605918884277,9.021868705749512,20.0
68,64,-3.624323844909668,1.4958620071411133,1.0
68,65,-5.638081073760986,16.760761260986328,14.0
68,66,-12.857622146606445,619.43701171875,65.0
68,67,-4.520451068878174,1.7595469951629639,3.0
68,68,-0.38645684719085693,1.0665290355682373,1.0
68,69,-15.307577133178711,6.7764081954956055,12.0
68,70,-26.092914581298828,77.38703155517578,177.0
68,71,-26.0451717376709,5894.19775390625,6427.0
68,72,-6.067995071411133,2.7492618560791016,4.0
68,73,-13.307377815246582,775.6403198242188,218.0
68,74,-11.3605375289917,6.642065525054932,164.0
68,75,-5.690787315368652,2.581742763519287,3.0
68,76,-0.5784780979156494,1.0861504077911377,1.0
68,77,-4.632522106170654,3.1839752197265625,5.0
68,78,-6.138913154602051,2.154080867767334,2.0
68,79,-4.7772417068481445,10.898453712463379,11.0
68,80,-1.4323281049728394,1.1267763376235962,1.0
70,0,-11.836384773254395,5.424426078796387,20.0
70,1,-3.783092498779297,1.878578543663025,1.0
70,2,-12.875537872314453,13.132730484008789,159.0
70,3,-15.842292785644531,9.61365795135498,8.0
70,4,-3.445404291152954,5.599638938903809,3.0
70,5,-14.579855918884277,1465.4652099609375,123.0
70,6,-10.68552303314209,1.8105671405792236,12.0
70,7,-8.969207763671875,6.012505531311035,6.0
70,8,-11.491829872131348,3.155613899230957,12.0
70,9,-11.530219078063965,10.034647941589355,53.0
70,10,-8.513640403747559,17.079519271850586,8.0
70,11,-0.7548031806945801,1.4584898948669434,1.0
70,12,-4.526234149932861,3.10048508644104,8.0
70,13,-4.707759380340576,3.2444307804107666,4.0
70,14,-7.186026573181152,4.208916664123535,5.0
70,15,-0.9995788335800171,1.3954163789749146,1.0
70,16,-7.397245407104492,2.2748546600341797,16.0
70,17,-5.929399490356445,1.9325147867202759,3.0
70,18,-6.137818813323975,1.9777896404266357,3.0
70,19,-13.613311767578125,9.668617248535156,48.0
70,20,-3.5350520610809326,2.0279195308685303,7.0
70,21,-1.8023858070373535,1.8235684633255005,2.0
70,22,-4.2870612144470215,2.9205305576324463,12.0
70,23,-2.6764636039733887,1.4657278060913086,1.0
70,24,-9.752065658569336,5.080167293548584,10.0
70,25,-16.71293830871582,10.886924743652344,137.0
70,26,-12.172016143798828,3.0238983631134033,8.0
70,27,-3.577723264694214,2.4459431171417236,1.0
70,28,-13.036148071289062,77.12154388427734,440.0
70,29,-61.23408508300781,21.363933563232422,626.0
70,30,-1.7452921867370605,1.2140008211135864,1.0
70,31,-3.4020543098449707,3.1081202030181885,6.0
70,32,-2.456737518310547,1.8481485843658447,2.0
70,33,-0.2106827050447464,1.030555009841919,1.0
70,34,-4.513751029968262,1.7580739259719849,2.0
70,35,-1.3758352994918823,1.217193603515625,1.0
70,36,-14.379653930664062,3.022629737854004,33.0
70,37,-25.84320640563965,25.289793014526367,408.0
70,38,-18.052837371826172,4.501466274261475,16.0
70,39,-18.190763473510742,5.226311206817627,19.0
70,40,-6.053380489349365,3.355752468109131,20.0
70,41,-13.890426635742188,32.22062301635742,339.0
70,42,-7.03794002532959,5.809444904327393,49.0
70,43,-13.978848457336426,10.275967597961426,2789.0
70,44,-0.9517420530319214,1.3733422756195068,1.0
70,45,-1.5490914583206177,1.2136549949645996,1.0
70,46,-3.0383694171905518,4.5684990882873535,2.0
70,47,-3.1694118976593018,2.2085869312286377,3.0
70,48,-6.486598968505859,25.61810874938965,6.0
70,49,-5.119176864624023,1.5320367813110352,11.0
70,50,-2.6166481971740723,3.699967861175537,2.0
70,51,-3.839402198791504,2.6113061904907227,6.0
70,52,-21.17373275756836,2.882582664489746,68.0
70,53,-3.550992488861084,3.2663207054138184,3.0
70,54,-12.283618927001953,4.643425464630127,10.0
70,55,-3.697782278060913,1.508121371269226,1.0
70,56,-24.9632568359375,22.65559959411621,103.0
70,57,-10.74014663696289,35.87529373168945,129.0
70,58,-3.4609763622283936,5.643408298492432,2.0
70,59,-10.419363021850586,4.430357933044434,7.0
70,60,-3.5815677642822266,5.994149208068848,3.0
70,61,-5.157520294189453,2.3621842861175537,3.0
70,62,-0.8725810050964355,1.3375777006149292,1.0
70,63,-8.888055801391602,9.225893020629883,20.0
70,64,-3.6397175788879395,1.4984227418899536,1.0
70,65,-5.663124084472656,16.971952438354492,14.0
70,66,-12.870748519897461,623.515869140625,63.0
70,67,-4.60737419128418,1.7787693738937378,3.0
70,68,-0.37685441970825195,1.0648236274719238,1.0
70,69,-15.29095458984375,6.76234245300293,12.0
70,70,-26.1336669921875,77.91444396972656,178.0
70,71,-26.09558868408203,5994.08984375,6493.0
70,72,-6.050983428955078,2.7414779663085938,4.0
70,73,-13.192695617675781,732.4154052734375,217.0
70,74,-11.362560272216797,6.644305229187012,162.0
70,75,-5.673571586608887,2.574345350265503,3.0
70,76,-0.5777140855789185,1.0860319137573242,1.0
70,77,-4.605538845062256,3.162569046020508,5.0
70,78,-6.240426063537598,2.181588649749756,3.0
70,79,-4.815024375915527,11.106295585632324,11.0
70,80,-1.4618110656738281,1.1295480728149414,1.0
72,0,-11.888160705566406,5.464697360992432,20.0
72,1,-3.845395088195801,1.8981869220733643,1.0
72,2,-12.890155792236328,13.17117977142334,162.0
72,3,-15.734064102172852,9.46615982055664,8.0
72,4,-3.4123454093933105,5.507840633392334,3.0
72,5,-14.48762321472168,1399.4178466796875,116.0
72,6,-10.765091896057129,1.8185884952545166,12.0
72,7,-8.915533065795898,5.948306560516357,6.0
72,8,-11.563475608825684,3.1783032417297363,12.0
72,9,-11.601043701171875,10.177799224853516,54.0
72,10,-8.40095043182373,16.449857711791992,8.0
72,11,-0.7387787103652954,1.4468508958816528,1.0
72,12,-4.524526119232178,3.099161148071289,8.0
72,13,-4.70733642578125,3.2440874576568604,4.0
72,14,-7.2801642417907715,4.288910865783691,5.0
72,15,-0.977769672870636,1.3853089809417725,1.0
72,16,-7.3698225021362305,2.2679338455200195,16.0
72,17,-5.916634559631348,1.9297757148742676,3.0
72,18,-6.062885284423828,1.9613909721374512,3.0
72,19,-13.616363525390625,9.67353630065918,49.0
72,20,-3.5833847522735596,2.0476176738739014,8.0
72,21,-1.810294270515442,1.8283820152282715,2.0
72,22,-4.32952880859375,2.951702833175659,12.0
72,23,-2.6987380981445312,1.4703993797302246,1.0
72,24,-9.92573356628418,5.229360103607178,9.0
72,25,-16.774436950683594,10.982995986938477,136.0
72,26,-12.161436080932617,3.020991563796997,8.0
72,27,-3.6414804458618164,2.4852421283721924,1.0
72,28,-13.11201286315918,79.09667205810547,451.0
72,29,-61.112430572509766,21.2343807220459,606.0
72,30,-1.7502756118774414,1.2146731615066528,1.0
72,31,-3.421224355697632,3.128044843673706,6.0
72,32,-2.521756649017334,1.8784352540969849,2.0
72,33,-0.2144784927368164,1.0311139822006226,1.0
72,34,-4.522521018981934,1.7600022554397583,2.0
72,35,-1.3998639583587646,1.221379041671753,1.0
72,36,-14.352384567260742,3.0162956714630127,29.0
72,37,-25.865623474121094,25.36075782775879,407.0
72,38,-18.080799102783203,4.511967658996582,16.0
72,39,-18.226125717163086,5.24314022064209,21.0
72,40,-6.103559970855713,3.3896002769470215,21.0
72,41,-13.849505424499512,31.892675399780273,330.0
72,42,-7.025536060333252,5.791457653045654,49.0
72,43,-13.904424667358398,10.149292945861816,2699.0
72,44,-0.9806922674179077,1.3866591453552246,1.0
72,45,-1.529977560043335,1.2107586860656738,1.0
72,46,-3.0110979080200195,4.506627082824707,2.0
72,47,-3.1845712661743164,2.216973304748535,3.0
72,48,-6.519919395446777,26.048486709594727,6.0
72,49,-5.1061811447143555,1.5303785800933838,11.0
72,50,-2.56411075592041,3.6040396690368652,2.0
72,51,-3.82174015045166,2.5998013019561768,6.0
72,52,-21.19565200805664,2.8857436180114746,66.0
72,53,-3.5344574451446533,3.2483673095703125,3.0
72,54,-12.506307601928711,4.774496078491211,10.0
72,55,-3.713184118270874,1.5107042789459229,1.0
72,56,-25.044757843017578,22.887588500976562,105.0
72,57,-10.785083770751953,36.416717529296875,130.0
72,58,-3.492565393447876,5.733251094818115,3.0
72,59,-10.456953048706055,4.4542131423950195,7.0
72,60,-3.591766119003296,6.0247931480407715,3.0
72,61,-5.115042209625244,2.345519781112671,3.0
72,62,-0.8944182395935059,1.3473496437072754,1.0
72,63,-8.938521385192871,9.343027114868164,20.0
72,64,-3.6729037761688232,1.5039582252502441,1.0
72,65,-5.658672332763672,16.934215545654297,14.0
72,66,-12.810615539550781,605.0479736328125,59.0
72,67,-4.6116509437561035,1.779720664024353,3.0
72,68,-0.3640140891075134,1.062547206878662,1.0
72,69,-15.30256175994873,6.77216100692749,12.0
72,70,-26.152814865112305,78.16346740722656,182.0
72,71,-25.947738647460938,5705.84423828125,6308.0
72,72,-6.127620220184326,2.776718854904175,4.0
72,73,-13.197985649108887,734.355224609375,213.0
72,74,-11.407347679138184,6.694087028503418,161.0
72,75,-5.696219444274902,2.584080934524536,3.0
72,76,-0.5843098163604736,1.0870556831359863,1.0
72,77,-4.584561824798584,3.146027088165283,5.0
72,78,-6.222464084625244,2.1766958236694336,3.0
72,79,-4.797163009643555,11.007551193237305,11.0
72,80,-1.4769628047943115,1.1309751272201538,1.0
74,0,-11.855452537536621,5.4392218589782715,20.0
74,1,-3.8626112937927246,1.9036412239074707,1.0
74,2,-12.905803680419922,13.2124662399292,161.0
74,3,-15.790249824523926,9.542447090148926,8.0
74,4,-3.375563383102417,5.407472133636475,3.0
74,5,-14.47012710571289,1387.2291259765625,115.0
74,6,-10.796774864196777,1.8217923641204834,12.0
74,7,-8.92189884185791,5.95588493347168,6.0
74,8,-11.643131256103516,3.203721523284912,12.0
74,9,-11.595623016357422,10.166770935058594,54.0
74,10,-8.523813247680664,17.137535095214844,8.0
74,11,-0.7326047420501709,1.442391276359558,1.0
74,12,-4.573856830596924,3.1376190185546875,8.0
74,13,-4.716762542724609,3.251741409301758,4.0
74,14,-7.281914710998535,4.290412902832031,6.0
74,15,-0.9790619015693665,1.3859058618545532,1.0
74,16,-7.323747158050537,2.256352663040161,16.0
74,17,-6.04808235168457,1.9581676721572876,3.0
74,18,-6.134713649749756,1.977107286453247,3.0
74,19,-13.716339111328125,9.83607292175293,52.0
74,20,-3.5335183143615723,2.0272974967956543,7.0
74,21,-1.7646162509918213,1.8007538318634033,2.0
74,22,-4.328729152679443,2.9511125087738037,12.0
74,23,-2.6967835426330566,1.4699889421463013,1.0
74,24,-9.946396827697754,5.247400283813477,9.0
74,25,-16.855209350585938,11.110459327697754,139.0
74,26,-12.173280715942383,3.0242462158203125,8.0
74,27,-3.6011064052581787,2.4602835178375244,1.0
74,28,-12.999265670776367,76.17919921875,437.0
74,29,-61.2448844909668,21.37547492980957,596.0
74,30,-1.7787469625473022,1.2185219526290894,1.0
74,31,-3.3997998237609863,3.105785369873047,6.0
74,32,-2.47440767288208,1.8563309907913208,2.0
74,33,-0.22698548436164856,1.0329580307006836,1.0
74,34,-4.527865409851074,1.7611784934997559,2.0
74,35,-1.4026018381118774,1.221856951713562,1.0
74,36,-14.304941177368164,3.005308151245117,31.0
74,37,-25.966676712036133,25.683135986328125,407.0
74,38,-17.991802215576172,4.478628158569336,16.0
74,39,-18.155414581298828,5.209543228149414,23.0
74,40,-6.064100742340088,3.362955331802368,20.0
74,41,-13.86858081817627,32.045127868652344,334.0
74,42,-7.057653427124023,5.838146686553955,49.0
74,43,-13.94909381866455,10.22513484954834,2772.0
74,44,-0.9735836386680603,1.3833774328231812,1.0
74,45,-1.537178874015808,1.2118490934371948,1.0
74,46,-2.9729671478271484,4.421520233154297,2.0
74,47,-3.1248269081115723,2.1841063499450684,2.0
74,48,-6.4241180419921875,24.83016014099121,6.0
74,49,-5.0979108810424805,1.5293241739273071,11.0
74,50,-2.5543339252471924,3.5864648818969727,2.0
74,51,-3.7827162742614746,2.57456111907959,6.0
74,52,-21.159618377685547,2.8805489540100098,66.0
74,53,-3.558330535888672,3.274319648742676,3.0
74,54,-12.32684326171875,4.668581962585449,9.0
74,55,-3.7824227809906006,1.5223712921142578,1.0
74,56,-24.953086853027344,22.62681770324707,100.0
74,57,-10.76902961730957,36.22235870361328,131.0
74,58,-3.4617209434509277,5.645509719848633,2.0
74,59,-10.392252922058105,4.413233280181885,7.0
74,60,-3.517277479171753,5.804530620574951,3.0
74,61,-5.197192668914795,2.377854824066162,3.0
74,62,-0.9164168834686279,1.357265830039978,1.0
74,63,-8.963748931884766,9.402138710021973,20.0
74,64,-3.6596646308898926,1.5017473697662354,1.0
74,65,-5.643950462341309,16.810020446777344,14.0
74,66,-12.770524978637695,593.0403442382812,60.0
74,67,-4.583619117736816,1.7734953165054321,3.0
74,68,-0.3461562693119049,1.059389352798462,1.0
74,69,-15.30819320678711,6.77692985534668,12.0
74,70,-26.048484802246094,76.81607818603516,178.0
74,71,-25.956806182861328,5723.1142578125,6353.0
74,72,-6.1321702003479,2.778825283050537,4.0
74,73,-13.224279403686523,744.0734252929688,221.0
74,74,-11.395298957824707,6.680658340454102,162.0
74,75,-5.695321083068848,2.5836942195892334,3.0
74,76,-0.5809375643730164,1.0865321159362793,1.0
74,77,-4.568334579467773,3.1332900524139404,5.0
74,78,-6.148022174835205,2.1565349102020264,2.0
74,79,-4.8090362548828125,11.07309341430664,11.0
74,80,-1.498474359512329,1.1330043077468872,1.0
76,0,-11.943111419677734,5.5077643394470215,20.0
76,1,-3.843724250793457,1.8976584672927856,1.0
76,2,-13.015809059143066,13.506375312805176,165.0
76,3,-15.716386795043945,9.44228458404541,8.0
76,4,-3.377418279647827,5.412489414215088,3.0
76,5,-14.349853515625,1306.264404296875,107.0
76,6,-10.772433280944824,1.8193305730819702,12.0
76,7,-8.967547416687012,6.010509490966797,6.0
76,8,-11.585880279541016,3.1854324340820312,12.0
76,9,-11.656095504760742,10.29047966003418,54.0
76,10,-8.401474952697754,16.45273208618164,8.0
76,11,-0.7221688628196716,1.4348846673965454,1.0
76,12,-4.538809776306152,3.110247850418091,8.0
76,13,-4.686944007873535,3.227591037750244,4.0
76,14,-7.245143413543701,4.258975982666016,5.0
76,15,-0.9895790815353394,1.3907729387283325,1.0
76,16,-7.3137664794921875,2.253852128982544,15.0
76,17,-6.0217695236206055,1.9524508714675903,3.0
76,18,-6.0709333419799805,1.9631456136703491,3.0
76,19,-13.65605640411377,9.73774242401123,50.0
76,20,-3.5546746253967285,2.0358939170837402,8.0
76,21,-1.7987093925476074,1.8213350772857666,2.0
76,22,-4.284691333770752,2.9188008308410645,12.0
76,23,-2.725731372833252,1.4760804176330566,1.0
76,24,-9.94736099243164,5.248243808746338,9.0
76,25,-16.620643615722656,10.744325637817383,133.0
76,26,-12.178947448730469,3.0258045196533203,8.0
76,27,-3.74216365814209,2.5485916137695312,1.0
76,28,-12.963117599487305,75.26680755615234,441.0
76,29,-61.22526550292969,21.354516983032227,587.0
76,30,-1.7693843841552734,1.2172549962997437,1.0
76,31,-3.4177591800689697,3.1244335174560547,6.0
76,32,-2.510408878326416,1.873113751411438,2.0
76,33,-0.22591029107570648,1.0327993631362915,1.0
76,34,-4.53225040435791,1.7621440887451172,2.0
76,35,-1.4465869665145874,1.2295587062835693,1.0
76,36,-14.31594467163086,3.0078530311584473,33.0
76,37,-25.955942153930664,25.648696899414062,405.0
76,38,-17.99517059326172,4.479886054992676,16.0
76,39,-18.122901916503906,5.1941680908203125,22.0
76,40,-6.071991443634033,3.3682665824890137,20.0
76,41,-13.935898780822754,32.58899688720703,344.0
76,42,-6.980340480804443,5.726389408111572,49.0
76,43,-13.943188667297363,10.215076446533203,2739.0
76,44,-1.0002191066741943,1.395714282989502,2.0
76,45,-1.5615265369415283,1.2155429124832153,1.0
76,46,-2.9985804557800293,4.478509426116943,2.0
76,47,-3.111362934112549,2.176766872406006,2.0
76,48,-6.512473106384277,25.95168685913086,6.0
76,49,-5.110147953033447,1.5308845043182373,11.0
76,50,-2.555480480194092,3.5885214805603027,2.0
76,51,-3.821054458618164,2.599355697631836,6.0
76,52,-21.26886749267578,2.896327018737793,64.0
76,53,-3.540942430496216,3.255396842956543,3.0
76,54,-12.485390663146973,4.762028694152832,9.0
76,55,-3.791672468185425,1.5239367485046387,1.0
76,56,-24.95205307006836,22.6238956451416,103.0
76,57,-10.742539405822754,35.90392303466797,130.0
76,58,-3.464813709259033,5.6542463302612305,2.0
76,59,-10.319393157958984,4.3675360679626465,7.0
76,60,-3.566711664199829,5.949790000915527,3.0
76,61,-5.231747627258301,2.3915889263153076,3.0
76,62,-0.8955108523368835,1.347840428352356,1.0
76,63,-8.999998092651367,9.487730979919434,20.0
76,64,-3.700119733810425,1.50851309299469,1.0
76,65,-5.624207019805908,16.644895553588867,14.0
76,66,-12.811631202697754,605.3552856445312,61.0
76,67,-4.684112548828125,1.7959139347076416,3.0
76,68,-0.3535333275794983,1.0606927871704102,1.0
76,69,-15.334661483764648,6.799388885498047,12.0
76,70,-26.00176239013672,76.22025299072266,179.0
76,71,-25.956026077270508,5721.63037109375,6199.0
76,72,-6.1815080642700195,2.801769971847534,4.0
76,73,-13.207938194274902,738.0186767578125,222.0
76,74,-11.37297248840332,6.6558451652526855,158.0
76,75,-5.662537097930908,2.569615364074707,3.0
76,76,-0.5938160419464111,1.0885329246520996,1.0
76,77,-4.541086196899414,3.112018346786499,4.0
76,78,-6.180131912231445,2.165208101272583,3.0
76,79,-4.838723182678223,11.23868179321289,11.0
76,80,-1.47096848487854,1.1304103136062622,1.0
78,0,-11.863604545593262,5.445559978485107,20.0
78,1,-3.8602089881896973,1.902879238128662,1.0
78,2,-12.953386306762695,13.338802337646484,162.0
78,3,-15.6370849609375,9.335920333862305,8.0
78,4,-3.421964645385742,5.534395217895508,3.0
78,5,-14.37566089630127,1323.2293701171875,119.0
78,6,-10.714526176452637,1.813486933708191,12.0
78,7,-8.873466491699219,5.898471832275391,6.0
78,8,-11.559720993041992,3.177110433578491,12.0
78,9,-11.568790435791016,10.112357139587402,54.0
78,10,-8.435999870300293,16.643171310424805,9.0
78,11,-0.7356241345405579,1.444570541381836,1.0
78,12,-4.523442268371582,3.0983216762542725,8.0
78,13,-4.682858467102051,3.2242960929870605,4.0
78,14,-7.300922870635986,4.3067545890808105,5.0
78,15,-1.0047988891601562,1.3978465795516968,1.0
78,16,-7.372811317443848,2.2686867713928223,18.0
78,17,-5.99817419052124,1.9473389387130737,3.0
78,18,-6.150308132171631,1.9805361032485962,3.0
78,19,-13.760196685791016,9.908234596252441,54.0
78,20,-3.5448191165924072,2.0318846702575684,7.0
78,21,-1.8210481405258179,1.8349478244781494,2.0
78,22,-4.270334243774414,2.9083433151245117,12.0
78,23,-2.7177653312683105,1.474401593208313,1.0
78,24,-9.946314811706543,5.247328281402588,9.0
78,25,-16.717702865600586,10.89433765411377,135.0
78,26,-12.258785247802734,3.0478458404541016,8.0
78,27,-3.6315462589263916,2.4790775775909424,1.0
78,28,-13.007155418395996,76.37982177734375,439.0
78,29,-61.205810546875,21.333755493164062,597.0
78,30,-1.7920944690704346,1.2203303575515747,1.0
78,31,-3.4977946281433105,3.2089107036590576,6.0
78,32,-2.5019381046295166,1.8691513538360596,2.0
78,33,-0.21987050771713257,1.031908631324768,1.0
78,34,-4.498438835144043,1.7547121047973633,2.0
78,35,-1.4284406900405884,1.2263753414154053,1.0
78,36,-14.315210342407227,3.007683038711548,33.0
78,37,-25.770465850830078,25.060882568359375,402.0
78,38,-18.104551315307617,4.520906925201416,16.0
78,39,-18.174379348754883,5.218533039093018,22.0
78,40,-6.0728440284729,3.3688414096832275,20.0
78,41,-13.885443687438965,32.180511474609375,348.0
78,42,-6.974954605102539,5.71868371963501,49.0
78,43,-13.946160316467285,10.220138549804688,2746.0
78,44,-0.9465407133102417,1.370963215827942,1.0
78,45,-1.5389831066131592,1.2121223211288452,1.0
78,46,-2.9784786701202393,4.433722019195557,2.0
78,47,-3.1570663452148438,2.2017810344696045,3.0
78,48,-6.44162654876709,25.048480987548828,6.0
78,49,-5.130970001220703,1.5335432291030884,11.0
78,50,-2.5573346614837646,3.5918495655059814,2.0
78,51,-3.8023600578308105,2.587235689163208,6.0
78,52,-21.2518253326416,2.893860340118408,66.0
78,53,-3.5813369750976562,3.2995264530181885,3.0
78,54,-12.372729301452637,4.695436954498291,9.0
78,55,-3.8015646934509277,1.525612711906433,1.0
78,56,-25.05477523803711,22.9162654876709,106.0
78,57,-10.6752347946167,35.10738754272461,128.0
78,58,-3.450808048248291,5.614789009094238,2.0
78,59,-10.293087005615234,4.351153373718262,7.0
78,60,-3.5098507404327393,5.783016204833984,3.0
78,61,-5.193980693817139,2.376582384109497,3.0
78,62,-0.9000887274742126,1.3498986959457397,1.0
78,63,-8.978346824645996,9.436514854431152,20.0
78,64,-3.6885251998901367,1.5065709352493286,1.0
78,65,-5.638396739959717,16.76340675354004,14.0
78,66,-12.820622444152832,608.0828857421875,61.0
78,67,-4.6952314376831055,1.7984117269515991,3.0
78,68,-0.3355923295021057,1.057525873184204,1.0
78,69,-15.267537117004395,6.742576599121094,12.0
78,70,-26.165325164794922,78.32662200927734,184.0
78,71,-25.943702697753906,5698.1708984375,6323.0
78,72,-6.165594100952148,2.7943484783172607,4.0
78,73,-13.14939022064209,716.7271118164062,221.0
78,74,-11.410902976989746,6.698055267333984,161.0
78,75,-5.554776191711426,2.523876428604126,3.0
78,76,-0.585139811038971,1.0871846675872803,1.0
78,77,-4.542706489562988,3.113279342651367,4.0
78,78,-6.187511444091797,2.1672065258026123,3.0
78,79,-4.835688591003418,11.221643447875977,11.0
78,80,-1.4922548532485962,1.1324173212051392,1.0
80,0,-11.72313404083252,5.337371826171875,20.0
80,1,-3.830643653869629,1.8935258388519287,1.0
80,2,-12.913142204284668,13.231871604919434,162.0
80,3,-15.696245193481445,9.415156364440918,8.0
80,4,-3.440452814102173,5.5857930183410645,3.0
80,5,-14.43557357788086,1363.4681396484375,114.0
80,6,-10.727176666259766,1.8147618770599365,12.0
80,7,-8.946128845214844,5.984817028045654,6.0
80,8,-11.487128257751465,3.154130458831787,12.0
80,9,-11.506476402282715,9.987110137939453,53.0
80,10,-8.38430404663086,16.358835220336914,8.0
80,11,-0.7537801265716553,1.4577441215515137,1.0
80,12,-4.492390155792236,3.0743625164031982,8.0
80,13,-4.685312271118164,3.2262744903564453,4.0
80,14,-7.31871223449707,4.3221049308776855,5.0
80,15,-0.988869309425354,1.3904439210891724,1.0
80,16,-7.417577743530273,2.2799994945526123,18.0
80,17,-5.9974365234375,1.9471793174743652,3.0
80,18,-6.044773578643799,1.95744788646698,3.0
80,19,-13.740596771240234,9.8759183883667,54.0
80,20,-3.5820016860961914,2.047051191329956,8.0
80,21,-1.770717740058899,1.8044201135635376,2.0
80,22,-4.2531843185424805,2.8959004878997803,12.0
80,23,-2.6837682723999023,1.467258095741272,1.0
80,24,-9.938742637634277,5.240710735321045,9.0
80,25,-16.66637420654297,10.814746856689453,135.0
80,26,-12.236592292785645,3.0417027473449707,8.0
80,27,-3.7244973182678223,2.537360668182373,1.0
80,28,-13.04115104675293,77.25025177001953,443.0
80,29,-61.2110710144043,21.339365005493164,600.0
80,30,-1.804004192352295,1.221946358680725,1.0
80,31,-3.4699442386627197,3.1792585849761963,6.0
80,32,-2.5099124908447266,1.872881293296814,2.0
80,33,-0.23579902946949005,1.03425931930542,1.0
80,34,-4.5788350105285645,1.772435188293457,2.0
80,35,-1.42581307888031,1.2259150743484497,1.0
80,36,-14.305878639221191,3.0055246353149414,31.0
80,37,-25.817398071289062,25.208335876464844,402.0
80,38,-18.08827018737793,4.514777183532715,16.0
80,39,-18.329238891601562,5.292520046234131,21.0
80,40,-6.019328594207764,3.3329765796661377,20.0
80,41,-13.920615196228027,32.46471405029297,348.0
80,42,-6.988804817199707,5.738519668579102,49.0
80,43,-13.969390869140625,10.259784698486328,2781.0
80,44,-0.9631465673446655,1.378572940826416,1.0
80,45,-1.550917148590088,1.213931918144226,1.0
80,46,-2.9898531436920166,4.459009170532227,2.0
80,47,-3.1413350105285645,2.193138599395752,2.0
80,48,-6.467452049255371,25.374025344848633,6.0
80,49,-5.151847839355469,1.5362136363983154,11.0
80,50,-2.5952439308166504,3.660581350326538,2.0
80,51,-3.8279147148132324,2.6038174629211426,6.0
80,52,-21.34488296508789,2.9073562622070312,67.0
80,53,-3.5821056365966797,3.3003718852996826,3.0
80,54,-12.431754112243652,4.730208396911621,10.0
80,55,-3.7758028507232666,1.521251916885376,1.0
80,56,-25.00157928466797,22.764389038085938,101.0
80,57,-10.695274353027344,35.342681884765625,129.0
80,58,-3.451690673828125,5.61726713180542,2.0
80,59,-10.431791305541992,4.438231468200684,7.0
80,60,-3.5071353912353516,5.775169849395752,3.0
80,61,-5.268761157989502,2.4063880443573,3.0
80,62,-0.8980799913406372,1.3489952087402344,1.0
80,63,-9.008200645446777,9.507206916809082,20.0
80,64,-3.6944878101348877,1.507569432258606,1.0
80,65,-5.651552677154541,16.874040603637695,14.0
80,66,-12.774612426757812,594.253662109375,63.0
80,67,-4.646725654602051,1.7875406742095947,3.0
80,68,-0.3370593190193176,1.0577844381332397,1.0
80,69,-15.269964218139648,6.744622707366943,12.0
80,70,-26.129566192626953,77.8611831665039,185.0
80,71,-25.882461547851562,5583.03125,6295.0
80,72,-6.176235675811768,2.799309015274048,4.0
80,73,-13.238433837890625,749.3580932617188,221.0
80,74,-11.396306991577148,6.681780815124512,160.0
80,75,-5.708193302154541,2.589243173599243,3.0
80,76,-0.5990415811538696,1.0893458127975464,1.0
80,77,-4.537897109985352,3.1095385551452637,4.0
80,78,-6.25919246673584,2.1867120265960693,3.0
80,79,-4.862578392028809,11.373536109924316,11.0
80,80,-1.5114620923995972,1.1342313289642334,1.0
82,0,-11.854463577270508,5.438453674316406,20.0
82,1,-3.817243814468384,1.8893016576766968,1.0
82,2,-12.963403701782227,13.365551948547363,163.0
82,3,-15.640865325927734,9.340962409973145,8.0
82,4,-3.4651246070861816,5.655125617980957,3.0
82,5,-14.362727165222168,1314.69970703125,116.0
82,6,-10.64903736114502,1.8069008588790894,12.0
82,7,-8.928237915039062,5.963440895080566,6.0
82,8,-11.55033016204834,3.1741280555725098,12.0
82,9,-11.43766975402832,9.850616455078125,51.0
82,10,-8.516945838928223,17.09834861755371,9.0
82,11,-0.745014488697052,1.451369047164917,1.0
82,12,-4.4946699142456055,3.076115131378174,8.0
82,13,-4.694070816040039,3.233346462249756,4.0
82,14,-7.267866134643555,4.278374671936035,5.0
82,15,-0.9962164163589478,1.3938533067703247,1.0
82,16,-7.381475448608398,2.270872116088867,17.0
82,17,-5.996070384979248,1.9468837976455688,3.0
82,18,-6.042911052703857,1.9570428133010864,3.0
82,19,-13.643922805786133,9.718070030212402,52.0
82,20,-3.5866212844848633,2.048943281173706,8.0
82,21,-1.7926322221755981,1.817649245262146,2.0
82,22,-4.264988422393799,2.904458999633789,12.0
82,23,-2.67641544342041,1.4657177925109863,1.0
82,24,-9.967105865478516,5.265543460845947,9.0
82,25,-16.66526985168457,10.813040733337402,135.0
82,26,-12.213624954223633,3.035358428955078,8.0
82,27,-3.6314494609832764,2.479017734527588,1.0
82,28,-12.946918487548828,74.86148071289062,438.0
82,29,-61.229026794433594,21.358535766601562,607.0
82,30,-1.812958002090454,1.2231626510620117,1.0
82,31,-3.510411500930786,3.2224345207214355,6.0
82,32,-2.481405258178711,1.8595811128616333,2.0
82,33,-0.23634073138237,1.034339427947998,1.0
82,34,-4.5598578453063965,1.7682355642318726,2.0
82,35,-1.4133473634719849,1.223733901977539,1.0
82,36,-14.266709327697754,2.9964826107025146,30.0
82,37,-25.883403778076172,25.417184829711914,398.0
82,38,-18.10466766357422,4.5209503173828125,16.0
82,39,-18.125568389892578,5.195427894592285,19.0
82,40,-5.9902167320251465,3.313627004623413,20.0
82,41,-13.99957275390625,33.111915588378906,359.0
82,42,-7.046118259429932,5.8213348388671875,49.0
82,43,-13.980697631835938,10.279136657714844,2788.0
82,44,-0.9742411375045776,1.3836805820465088,1.0
82,45,-1.5439186096191406,1.212870478630066,1.0
82,46,-2.9601664543151855,4.393311023712158,2.0
82,47,-3.146195888519287,2.195805549621582,2.0
82,48,-6.4702606201171875,25.409683227539062,6.0
82,49,-5.153782844543457,1.536461353302002,11.0
82,50,-2.590648651123047,3.6521804332733154,2.0
82,51,-3.80716872215271,2.5903480052948,6.0
82,52,-21.223663330078125,2.8897879123687744,67.0
82,53,-3.6232500076293945,3.345947742462158,3.0
82,54,-12.367565155029297,4.69240665435791,10.0
82,55,-3.815502166748047,1.5279769897460938,1.0
82,56,-25.026355743408203,22.83500099182129,102.0
82,57,-10.649456024169922,34.8070068359375,126.0
82,58,-3.5341598987579346,5.853735446929932,3.0
82,59,-10.52518367767334,4.4978413581848145,7.0
82,60,-3.515070676803589,5.798129558563232,3.0
82,61,-5.226315498352051,2.3894245624542236,3.0
82,62,-0.9126991033554077,1.355584979057312,1.0
82,63,-8.975720405578613,9.430320739746094,20.0
82,64,-3.6983609199523926,1.5082182884216309,1.0
82,65,-5.636961460113525,16.751380920410156,14.0
82,66,-12.871672630310059,623.8040771484375,59.0
82,67,-4.65667724609375,1.7897655963897705,3.0
82,68,-0.3372964859008789,1.057826280593872,1.0
82,69,-15.154873847961426,6.648287296295166,12.0
82,70,-26.150564193725586,78.1341781616211,179.0
82,71,-25.951560974121094,5713.11865234375,6383.0
82,72,-6.181989669799805,2.801994800567627,4.0
82,73,-13.249746322631836,753.608642578125,221.0
82,74,-11.403958320617676,6.690306663513184,161.0
82,75,-5.589200973510742,2.5383989810943604,3.0
82,76,-0.596972644329071,1.0890238285064697,1.0
82,77,-4.527605056762695,3.101547956466675,4.0
82,78,-6.212843894958496,2.1740798950195312,3.0
82,79,-4.877050399780273,11.456132888793945,11.0
82,80,-1.5318621397018433,1.1361610889434814,1.0
84,0,-11.765042304992676,5.36942195892334,20.0
84,1,-3.821928024291992,1.890777349472046,1.0
84,2,-12.867501258850098,13.111638069152832,163.0
84,3,-15.772350311279297,9.518077850341797,8.0
84,4,-3.454364776611328,5.624783039093018,3.0
84,5,-14.427204132080078,1357.774169921875,121.0
84,6,-10.7544527053833,1.8175139427185059,12.0
84,7,-8.88789176940918,5.915513515472412,6.0
84,8,-11.544517517089844,3.17228364944458,12.0
84,9,-11.650861740112305,10.279712677001953,55.0
84,10,-8.41341781616211,16.51836395263672,9.0
84,11,-0.724152147769928,1.4363082647323608,1.0
84,12,-4.548700332641602,3.117947816848755,8.0
84,13,-4.682379245758057,3.223909616470337,4.0
84,14,-7.229091167449951,4.24532413482666,5.0
84,15,-1.000394344329834,1.3957958221435547,1.0
84,16,-7.324686527252197,2.2565882205963135,16.0
84,17,-6.017531394958496,1.9515318870544434,3.0
84,18,-6.079822540283203,1.9650856256484985,3.0
84,19,-13.595589637756348,9.640100479125977,47.0
84,20,-3.5733492374420166,2.0435118675231934,7.0
84,21,-1.7967621088027954,1.8201533555984497,2.0
84,22,-4.268209457397461,2.9067986011505127,12.0
84,23,-2.690985679626465,1.4687718152999878,1.0
84,24,-9.938017845153809,5.240077495574951,9.0
84,25,-16.678438186645508,10.833399772644043,135.0
84,26,-12.306427001953125,3.061074733734131,8.0
84,27,-3.775830030441284,2.5701324939727783,1.0
84,28,-13.061910629272461,77.78666687011719,442.0
84,29,-61.21779251098633,21.346542358398438,610.0
84,30,-1.8211596012115479,1.2242777347564697,1.0
84,31,-3.4897587299346924,3.200326919555664,6.0
84,32,-2.499586582183838,1.8680528402328491,2.0
84,33,-0.2357509434223175,1.0342521667480469,1.0
84,34,-4.509921550750732,1.757232666015625,2.0
84,35,-1.454397201538086,1.230931282043457,1.0
84,36,-14.293197631835938,3.002594232559204,33.0
84,37,-25.766727447509766,25.049175262451172,389.0
84,38,-18.16464614868164,4.543603897094727,16.0
84,39,-18.12462043762207,5.194980144500732,21.0
84,40,-6.08725643157959,3.378565788269043,20.0
84,41,-13.918403625488281,32.44676971435547,347.0
84,42,-6.974536418914795,5.718085765838623,49.0
84,43,-13.975136756896973,10.269615173339844,2785.0
84,44,-0.9600130319595337,1.3771337270736694,1.0
84,45,-1.5441169738769531,1.2129005193710327,1.0
84,46,-2.9892079830169678,4.457571029663086,2.0
84,47,-3.1485087871551514,2.197075605392456,3.0
84,48,-6.499210357666016,25.78015899658203,7.0
84,49,-5.145442962646484,1.5353938341140747,11.0
84,50,-2.5460782051086426,3.571690797805786,2.0
84,51,-3.8098983764648438,2.592116355895996,6.0
84,52,-21.21457290649414,2.888474941253662,66.0
84,53,-3.5860977172851562,3.304766893386841,3.0
84,54,-12.290108680725098,4.647193908691406,10.0
84,55,-3.8496224880218506,1.5337809324264526,1.0
84,56,-25.095048904418945,23.03192138671875,101.0
84,57,-10.713370323181152,35.556514739990234,131.0
84,58,-3.4729199409484863,5.677210330963135,2.0
84,59,-10.45663070678711,4.454007625579834,7.0
84,60,-3.5158133506774902,5.800282955169678,3.0
84,61,-5.1935224533081055,2.3764007091522217,3.0
84,62,-0.8947134017944336,1.3474822044372559,1.0
84,63,-8.944754600524902,9.357598304748535,20.0
84,64,-3.6367299556732178,1.4979254007339478,1.0
84,65,-5.629673480987549,16.69045066833496,14.0
84,66,-12.776716232299805,594.8790283203125,61.0
84,67,-4.634190082550049,1.784741759300232,3.0
84,68,-0.32456260919570923,1.0555835962295532,1.0
84,69,-15.19869613647461,6.684804916381836,12.0
84,70,-26.121829986572266,77.76085662841797,185.0
84,71,-26.0058536529541,5817.455078125,6582.0
84,72,-6.142960548400879,2.783827304840088,4.0
84,73,-13.233404159545898,747.4759521484375,227.0
84,74,-11.382664680480957,6.6666059494018555,161.0
84,75,-5.565731048583984,2.528488874435425,3.0
84,76,-0.584577202796936,1.08709716796875,1.0
84,77,-4.539638996124268,3.1108927726745605,4.0
84,78,-6.236486911773682,2.180514335632324,3.0
84,79,-4.795281410217285,10.997200012207031,11.0
84,80,-1.5226267576217651,1.1352870464324951,1.0
86,0,-11.784188270568848,5.384129047393799,21.0
86,1,-3.7961862087249756,1.8826826810836792,1.0
86,2,-12.923260688781738,13.25867748260498,162.0
86,3,-15.774556159973145,9.521078109741211,8.0
86,4,-3.445953845977783,5.60117769241333,3.0
86,5,-14.377026557922363,1324.1331787109375,112.0
86,6,-10.69749641418457,1.8117719888687134,12.0
86,7,-8.860807418823242,5.883556842803955,6.0
86,8,-11.538912773132324,3.170506477355957,12.0
86,9,-11.632095336914062,10.241204261779785,54.0
86,10,-8.502933502197266,17.018674850463867,8.0
86,11,-0.7237886190414429,1.4360471963882446,1.0
86,12,-4.518266677856445,3.09431529045105,8.0
86,13,-4.718729019165039,3.253340482711792,4.0
86,14,-7.254656791687012,4.267086505889893,5.0
86,15,-1.006724238395691,1.398743987083435,1.0
86,16,-7.408184051513672,2.277621269226074,18.0
86,17,-6.007804870605469,1.9494237899780273,3.0
86,18,-6.112341403961182,1.972198724746704,3.0
86,19,-13.70656967163086,9.82007122039795,53.0
86,20,-3.6004559993743896,2.0546207427978516,8.0
86,21,-1.7490049600601196,1.791407585144043,2.0
86,22,-4.233831405639648,2.8819234371185303,12.0
86,23,-2.7121236324310303,1.473213791847229,1.0
86,24,-9.879975318908691,5.18963098526001,9.0
86,25,-16.690841674804688,10.852612495422363,136.0
86,26,-12.192878723144531,3.0296390056610107,8.0
86,27,-3.765511989593506,2.563511371612549,1.0
86,28,-13.048929214477539,77.4508285522461,451.0
86,29,-61.315345764160156,21.45091438293457,613.0
86,30,-1.7876043319702148,1.2197216749191284,1.0
86,31,-3.537818193435669,3.2520084381103516,6.0
86,32,-2.4982292652130127,1.8674190044403076,2.0
86,33,-0.24033665657043457,1.0349299907684326,1.0
86,34,-4.54035758972168,1.7639306783676147,2.0
86,35,-1.4286084175109863,1.2264047861099243,1.0
86,36,-14.326090812683105,3.0102016925811768,32.0
86,37,-25.91260528564453,25.510129928588867,399.0
86,38,-18.089553833007812,4.515260219573975,16.0
86,39,-18.360084533691406,5.307381629943848,22.0
86,40,-6.069862365722656,3.366832733154297,20.0
86,41,-13.842120170593262,31.833845138549805,334.0
86,42,-6.999078750610352,5.753277778625488,49.0
86,43,-13.964744567871094,10.251842498779297,2797.0
86,44,-0.9431411623954773,1.369410514831543,1.0
86,45,-1.5366382598876953,1.2117671966552734,1.0
86,46,-2.975724935531616,4.427620887756348,2.0
86,47,-3.1507134437561035,2.198286771774292,2.0
86,48,-6.457980632781982,25.254146575927734,6.0
86,49,-5.17687463760376,1.5394208431243896,11.0
86,50,-2.54660701751709,3.5726351737976074,2.0
86,51,-3.8380393981933594,2.6104166507720947,6.0
86,52,-21.272411346435547,2.8968403339385986,67.0
86,53,-3.5898890495300293,3.308945894241333,3.0
86,54,-12.379273414611816,4.699279308319092,10.0
86,55,-3.8546414375305176,1.5346364974975586,1.0
86,56,-25.116989135742188,23.095172882080078,101.0
86,57,-10.656505584716797,34.88889694213867,129.0
86,58,-3.5415782928466797,5.87548828125,3.0
86,59,-10.398756980895996,4.417335510253906,7.0
86,60,-3.4862329959869385,5.715126991271973,3.0
86,61,-5.176044940948486,2.3694887161254883,3.0
86,62,-0.864349365234375,1.3339126110076904,1.0
86,63,-8.999996185302734,9.487727165222168,20.0
86,64,-3.6492018699645996,1.5000026226043701,1.0
86,65,-5.656606674194336,16.91673469543457,14.0
86,66,-12.794397354125977,600.1614379882812,63.0
86,67,-4.640810012817383,1.7862193584442139,3.0
86,68,-0.3164706230163574,1.0541608333587646,1.0
86,69,-15.286072731018066,6.7582173347473145,12.0
86,70,-26.120283126831055,77.74083709716797,181.0
86,71,-25.985363006591797,5777.8564453125,6538.0
86,72,-6.1794915199279785,2.800828456878662,4.0
86,73,-13.211804389953613,739.4467163085938,224.0
86,74,-11.388100624084473,6.6726484298706055,161.0
86,75,-5.598527431488037,2.5423476696014404,3.0
86,76,-0.5792555809020996,1.086271047592163,1.0
86,77,-4.527621269226074,3.101560354232788,4.0
86,78,-6.258583068847656,2.1865453720092773,3.0
86,79,-4.869624137878418,11.413673400878906,11.0
86,80,-1.513810157775879,1.134453296661377,1.0
88,0,-11.79574203491211,5.3930230140686035,20.0
88,1,-3.817049980163574,1.8892406225204468,1.0
88,2,-12.929421424865723,13.275023460388184,162.0
88,3,-15.792221069335938,9.545133590698242,8.0
88,4,-3.478405237197876,5.692802429199219,4.0
88,5,-14.442203521728516,1367.9954833984375,123.0
88,6,-10.632333755493164,1.805224895477295,12.0
88,7,-8.905683517456055,5.936601161956787,6.0
88,8,-11.656877517700195,3.2081286907196045,12.0
88,9,-11.582374572753906,10.139867782592773,53.0
88,10,-8.429983139038086,16.609825134277344,9.0
88,11,-0.7203578948974609,1.4335858821868896,1.0
88,12,-4.488070487976074,3.0710442066192627,8.0
88,13,-4.676581382751465,3.219240188598633,4.0
88,14,-7.210732460021973,4.22976541519165,5.0
88,15,-1.005281686782837,1.3980716466903687,1.0
88,16,-7.324747085571289,2.256603479385376,15.0
88,17,-5.9796319007873535,1.943331003189087,3.0
88,18,-6.026205539703369,1.953413486480713,3.0
88,19,-13.678277969360352,9.773874282836914,50.0
88,20,-3.619058847427368,2.062278985977173,8.0
88,21,-1.8121464252471924,1.8295111656188965,2.0
88,22,-4.228430271148682,2.8780345916748047,12.0
88,23,-2.680361747741699,1.466544270515442,1.0
88,24,-9.964250564575195,5.26303768157959,9.0
88,25,-16.654277801513672,10.796074867248535,136.0
88,26,-12.278848648071289,3.053410053253174,8.0
88,27,-3.6108686923980713,2.4662952423095703,1.0
88,28,-12.939586639404297,74.67875671386719,433.0
88,29,-61.24358367919922,21.374082565307617,603.0
88,30,-1.7851667404174805,1.2193913459777832,1.0
88,31,-3.412221670150757,3.1186716556549072,6.0
88,32,-2.4988701343536377,1.86771821975708,2.0
88,33,-0.23190969228744507,1.0336848497390747,1.0
88,34,-4.5273942947387695,1.7610746622085571,2.0
88,35,-1.4231230020523071,1.2254440784454346,1.0
88,36,-14.310567855834961,3.0066092014312744,30.0
88,37,-25.691104888916016,24.813507080078125,390.0
88,38,-18.056604385375977,4.5028791427612305,16.0
88,39,-18.24432373046875,5.251821041107178,21.0
88,40,-6.077365398406982,3.3718886375427246,20.0
88,41,-13.954015731811523,32.736934661865234,351.0
88,42,-7.000013828277588,5.754622936248779,49.0
88,43,-13.888965606689453,10.123178482055664,2743.0
88,44,-0.9406646490097046,1.3682805299758911,1.0
88,45,-1.555947184562683,1.2146954536437988,1.0
88,46,-2.9548263549804688,4.381596565246582,2.0
88,47,-3.1661930084228516,2.206810474395752,3.0
88,48,-6.450173854827881,25.15576171875,6.0
88,49,-5.140599727630615,1.5347743034362793,11.0
88,50,-2.5624887943267822,3.601118326187134,2.0
88,51,-3.801997661590576,2.5870015621185303,6.0
88,52,-21.126466751098633,2.8757784366607666,66.0
88,53,-3.607473850250244,3.3283984661102295,3.0
88,54,-12.389326095581055,4.705187797546387,8.0
88,55,-3.7958343029022217,1.5246416330337524,1.0
88,56,-25.08490562438965,23.00273895263672,101.0
88,57,-10.68256950378418,35.193328857421875,128.0
88,58,-3.473616600036621,5.679188251495361,2.0
88,59,-10.55489730834961,4.516974449157715,7.0
88,60,-3.524413824081421,5.825279235839844,3.0
88,61,-5.192039489746094,2.3758134841918945,3.0
88,62,-0.8809056282043457,1.341294527053833,1.0
88,63,-9.019388198852539,9.533835411071777,20.0
88,64,-3.6531362533569336,1.5006585121154785,1.0
88,65,-5.627217769622803,16.66996955871582,14.0
88,66,-12.809033393859863,604.5695190429688,59.0
88,67,-4.692450523376465,1.7977867126464844,3.0
88,68,-0.3092486560344696,1.0528929233551025,1.0
88,69,-15.212260246276855,6.696148872375488,12.0
88,70,-26.152257919311523,78.15623474121094,177.0
88,71,-25.98697853088379,5780.96484375,6682.0
88,72,-6.089989185333252,2.7593584060668945,4.0
88,73,-13.136650085449219,712.1759643554688,221.0
88,74,-11.386322021484375,6.670670509338379,162.0
88,75,-5.6420440673828125,2.560853958129883,3.0
88,76,-0.5858331322669983,1.0872923135757446,1.0
88,77,-4.532420635223389,3.105283737182617,5.0
88,78,-6.268718242645264,2.189317226409912,3.0
88,79,-4.810917377471924,11.083512306213379,11.0
88,80,-1.5286695957183838,1.1358588933944702,1.0
90,0,-11.833124160766602,5.421899795532227,21.0
90,1,-3.7763235569000244,1.8764604330062866,1.0
90,2,-12.957376480102539,13.349451065063477,163.0
90,3,-15.721929550170898,9.449766159057617,8.0
90,4,-3.5093002319335938,5.7814249992370605,3.0
90,5,-14.350091934204102,1306.420166015625,123.0
90,6,-10.620734214782715,1.804062008857727,12.0
90,7,-8.868896484375,5.893083095550537,6.0
90,8,-11.479228019714355,3.151639461517334,12.0
90,9,-11.638589859008789,10.254514694213867,55.0
90,10,-8.381845474243164,16.34543228149414,9.0
90,11,-0.7099630236625671,1.426154375076294,1.0
90,12,-4.53367280960083,3.1062562465667725,8.0
90,13,-4.729069709777832,3.261761426925659,4.0
90,14,-7.294602394104004,4.301313877105713,5.0
90,15,-0.9977607131004333,1.39457106590271,1.0
90,16,-7.4251933097839355,2.2819297313690186,18.0
90,17,-5.99083948135376,1.945752501487732,3.0
90,18,-6.024912357330322,1.9531329870224,3.0
90,19,-13.66446304321289,9.751396179199219,51.0
90,20,-3.6087687015533447,2.058039426803589,8.0
90,21,-1.8075979948043823,1.8267395496368408,2.0
90,22,-4.227177619934082,2.877133369445801,12.0
90,23,-2.6814403533935547,1.4667702913284302,1.0
90,24,-9.932572364807129,5.235324382781982,9.0
90,25,-16.611366271972656,10.730093955993652,132.0
90,26,-12.250521659851074,3.0455570220947266,8.0
90,27,-3.7468786239624023,2.5515975952148438,1.0
90,28,-13.008039474487305,76.40234375,442.0
90,29,-61.24363708496094,21.374143600463867,606.0
90,30,-1.7897100448608398,1.220007061958313,1.0
90,31,-3.432067394256592,3.139370918273926,6.0
90,32,-2.483086585998535,1.8603630065917969,2.0
90,33,-0.23114991188049316,1.0335726737976074,1.0
90,34,-4.520017623901367,1.7594516277313232,2.0
90,35,-1.4068689346313477,1.2226018905639648,1.0
90,36,-14.395746231079102,3.0263736248016357,33.0
90,37,-25.68771743774414,24.803003311157227,397.0
90,38,-18.129268646240234,4.530228137969971,16.0
90,39,-18.13107681274414,5.198029518127441,21.0
90,40,-6.08880090713501,3.3796095848083496,20.0
90,41,-13.923803329467773,32.4906005859375,344.0
90,42,-6.9960432052612305,5.748913288116455,49.0
90,43,-13.924760818481445,10.183751106262207,2753.0
90,44,-0.9273354411125183,1.3622145652770996,1.0
90,45,-1.5593845844268799,1.2152174711227417,1.0
90,46,-2.9849648475646973,4.448123931884766,2.0
90,47,-3.1185390949249268,2.180675506591797,2.0
90,48,-6.456393241882324,25.23410987854004,6.0
90,49,-5.143882751464844,1.5351942777633667,11.0
90,50,-2.5463626384735107,3.5721991062164307,2.0
90,51,-3.816354513168335,2.5963032245635986,6.0
90,52,-21.212162017822266,2.888126850128174,67.0
90,53,-3.510249614715576,3.2222607135772705,3.0
90,54,-12.282820701599121,4.642962455749512,10.0
90,55,-3.806880474090576,1.5265140533447266,1.0
90,56,-25.080005645751953,22.9886531829834,101.0
90,57,-10.663301467895508,34.968017578125,128.0
90,58,-3.538017988204956,5.8650383949279785,3.0
90,59,-10.471336364746094,4.463374614715576,7.0
90,60,-3.5288121700286865,5.838104248046875,3.0
90,61,-5.16605806350708,2.3655478954315186,3.0
90,62,-0.8903275728225708,1.3455137014389038,1.0
90,63,-8.931367874145508,9.326333999633789,20.0
90,64,-3.6512627601623535,1.500346064567566,1.0
90,65,-5.642991542816162,16.801963806152344,14.0
90,66,-12.719254493713379,578.0308837890625,59.0
90,67,-4.6636962890625,1.7913366556167603,3.0
90,68,-0.3098280429840088,1.0529944896697998,1.0
90,69,-15.23415470123291,6.7144999504089355,12.0
90,70,-26.192127227783203,78.67729187011719,181.0
90,71,-26.00360870361328,5813.1015625,6636.0
90,72,-6.152845859527588,2.7884175777435303,4.0
90,73,-13.172346115112305,725.0009765625,220.0
90,74,-11.338327407836914,6.617524147033691,158.0
90,75,-5.628762722015381,2.5551912784576416,3.0
90,76,-0.583725094795227,1.0869649648666382,1.0
90,77,-4.528502464294434,3.102243661880493,4.0
90,78,-6.264220714569092,2.188086986541748,3.0
90,79,-4.777677536010742,10.90082836151123,11.0
90,80,-1.514113187789917,1.1344819068908691,1.0
92,0,-11.839595794677734,5.426914691925049,21.0
92,1,-3.8403549194335938,1.8965930938720703,1.0
92,2,-12.940940856933594,13.305642127990723,162.0
92,3,-15.707279205322266,9.430007934570312,8.0
92,4,-3.461306095123291,5.644338607788086,3.0
92,5,-14.470104217529297,1387.213134765625,120.0
92,6,-10.76703929901123,1.818785309791565,12.0
92,7,-8.900331497192383,5.930249214172363,6.0
92,8,-11.539756774902344,3.170773983001709,12.0
92,9,-11.637394905090332,10.252062797546387,54.0
92,10,-8.463225364685059,16.794898986816406,9.0
92,11,-0.7048379182815552,1.4225044250488281,1.0
92,12,-4.50337028503418,3.082813262939453,8.0
92,13,-4.69777774810791,3.236344575881958,4.0
92,14,-7.262418270111084,4.273715972900391,5.0
92,15,-1.008198618888855,1.3994317054748535,1.0
92,16,-7.341934680938721,2.2609169483184814,17.0
92,17,-6.001949310302734,1.9481558799743652,3.0
92,18,-6.037528038024902,1.955872654914856,3.0
92,19,-13.734989166259766,9.866693496704102,55.0
92,20,-3.5495316982269287,2.0338006019592285,7.0
92,21,-1.7818689346313477,1.8111395835876465,2.0
92,22,-4.259018421173096,2.9001271724700928,12.0
92,23,-2.7048239707946777,1.4716782569885254,1.0
92,24,-9.938087463378906,5.240138053894043,9.0
92,25,-16.62284278869629,10.747699737548828,133.0
92,26,-12.241443634033203,3.0430448055267334,8.0
92,27,-3.729990243911743,2.5408473014831543,1.0
92,28,-13.048860549926758,77.44905090332031,442.0
92,29,-61.30092239379883,21.435449600219727,605.0
92,30,-1.8052396774291992,1.222114086151123,1.0
92,31,-3.441995620727539,3.14977765083313,6.0
92,32,-2.459174871444702,1.8492751121520996,2.0
92,33,-0.241140678524971,1.0350488424301147,1.0
92,34,-4.519377708435059,1.7593109607696533,2.0
92,35,-1.4255235195159912,1.2258644104003906,1.0
92,36,-14.295360565185547,3.003093957901001,33.0
92,37,-25.686084747314453,24.797941207885742,395.0
92,38,-18.11679458618164,4.525521278381348,16.0
92,39,-18.062047958374023,5.165513038635254,19.0
92,40,-6.0523362159729,3.3550517559051514,20.0
92,41,-13.858545303344727,31.964832305908203,340.0
92,42,-6.963652610778809,5.702548980712891,49.0
92,43,-13.972025871276855,10.264290809631348,2802.0
92,44,-0.9322524070739746,1.364449143409729,1.0
92,45,-1.5637743473052979,1.2158844470977783,1.0
92,46,-2.9861903190612793,4.450850486755371,2.0
92,47,-3.1397979259490967,2.192296266555786,2.0
92,48,-6.460768222808838,25.289369583129883,6.0
92,49,-5.185265064239502,1.5404974222183228,11.0
92,50,-2.6026480197906494,3.6741580963134766,2.0
92,51,-3.8547098636627197,2.6213185787200928,6.0
92,52,-21.240184783935547,2.8921761512756348,66.0
92,53,-3.5491690635681152,3.264335870742798,3.0
92,54,-12.286809921264648,4.645277976989746,9.0
92,55,-3.8065614700317383,1.5264599323272705,1.0
92,56,-25.177732467651367,23.27120018005371,102.0
92,57,-10.622489929199219,34.49553298950195,124.0
92,58,-3.536668062210083,5.861081123352051,3.0
92,59,-10.477455139160156,4.467278003692627,7.0
92,60,-3.5181162357330322,5.8069658279418945,3.0
92,61,-5.183015823364258,2.3722431659698486,3.0
92,62,-0.9079641699790955,1.3534469604492188,1.0
92,63,-8.94027328491211,9.34712028503418,20.0
92,64,-3.6811602115631104,1.5053385496139526,1.0
92,65,-5.6325483322143555,16.714460372924805,14.0
92,66,-12.75456428527832,588.3265991210938,62.0
92,67,-4.683267116546631,1.7957241535186768,3.0
92,68,-0.2970059812068939,1.0507466793060303,1.0
92,69,-15.247306823730469,6.725547790527344,12.0
92,70,-26.160369873046875,78.261962890625,179.0
92,71,-25.94784927368164,5706.05615234375,6453.0
92,72,-6.166767120361328,2.7948946952819824,4.0
92,73,-13.188272476196289,730.79736328125,227.0
92,74,-11.353171348571777,6.633915901184082,158.0
92,75,-5.665476322174072,2.5708742141723633,3.0
92,76,-0.5824557542800903,1.0867677927017212,1.0
92,77,-4.507336139678955,3.0858712196350098,4.0
92,78,-6.231148719787598,2.1790599822998047,3.0
92,79,-4.772401809692383,10.872111320495605,11.0
92,80,-1.5309112071990967,1.1360710859298706,1.0
94,0,-11.812097549438477,5.405638217926025,21.0
94,1,-3.84552001953125,1.898226261138916,1.0
94,2,-12.957767486572266,13.350494384765625,163.0
94,3,-15.7900972366333,9.542240142822266,8.0
94,4,-3.43516206741333,5.571035861968994,3.0
94,5,-14.397705078125,1337.894775390625,115.0
94,6,-10.698416709899902,1.8118644952774048,12.0
94,7,-8.891377449035645,5.9196391105651855,6.0
94,8,-11.521059036254883,3.164850950241089,12.0
94,9,-11.656513214111328,10.291338920593262,55.0
94,10,-8.420379638671875,16.556737899780273,9.0
94,11,-0.7108258008956909,1.426769733428955,1.0
94,12,-4.49454927444458,3.0760223865509033,8.0
94,13,-4.697057247161865,3.2357616424560547,4.0
94,14,-7.172001838684082,4.197127342224121,5.0
94,15,-1.0051380395889282,1.3980047702789307,1.0
94,16,-7.375804901123047,2.269441604614258,15.0
94,17,-6.026009559631348,1.9533710479736328,3.0
94,18,-6.05978536605835,1.9607155323028564,3.0
94,19,-13.689424514770508,9.792048454284668,51.0
94,20,-3.567434310913086,2.041095733642578,8.0
94,21,-1.8032960891723633,1.8241218328475952,2.0
94,22,-4.258651256561279,2.8998608589172363,12.0
94,23,-2.6644463539123535,1.4632136821746826,1.0
94,24,-9.951472282409668,5.2518415451049805,9.0
94,25,-16.59992027282715,10.712563514709473,137.0
94,26,-12.225259780883789,3.0385706424713135,8.0
94,27,-3.677293062210083,2.5075929164886475,1.0
94,28,-13.022022247314453,76.75924682617188,447.0
94,29,-61.036224365234375,21.153623580932617,575.0
94,30,-1.8262712955474854,1.2249733209609985,2.0
94,31,-3.457683563232422,3.1662919521331787,6.0
94,32,-2.508908271789551,1.8724112510681152,2.0
94,33,-0.2317359745502472,1.0336592197418213,1.0
94,34,-4.528284549713135,1.7612707614898682,2.0
94,35,-1.4124150276184082,1.2235709428787231,1.0
94,36,-14.273118019104004,2.997960090637207,31.0
94,37,-25.730331420898438,24.935474395751953,399.0
94,38,-18.114500045776367,4.524656295776367,16.0
94,39,-18.281272888183594,5.269491672515869,21.0
94,40,-6.038146495819092,3.3455440998077393,20.0
94,41,-13.918489456176758,32.44746398925781,348.0
94,42,-6.920365333557129,5.64116907119751,49.0
94,43,-13.977622985839844,10.273871421813965,2769.0
94,44,-0.9455515742301941,1.3705112934112549,1.0
94,45,-1.5501792430877686,1.213819980621338,1.0
94,46,-2.9547762870788574,4.381486892700195,2.0
94,47,-3.146735906600952,2.1961019039154053,2.0
94,48,-6.464867115020752,25.341251373291016,7.0
94,49,-5.133504867553711,1.5338671207427979,11.0
94,50,-2.5972557067871094,3.6642653942108154,2.0
94,51,-3.817401885986328,2.5969831943511963,6.0
94,52,-21.222503662109375,2.889620542526245,67.0
94,53,-3.5040171146392822,3.21557354927063,3.0
94,54,-12.471420288085938,4.753720283508301,10.0
94,55,-3.8192076683044434,1.5286062955856323,1.0
94,56,-25.1094913482666,23.073537826538086,101.0
94,57,-10.696388244628906,35.355812072753906,128.0
94,58,-3.5442018508911133,5.883200645446777,3.0
94,59,-10.437973022460938,4.442152500152588,7.0
94,60,-3.5419387817382812,5.876547336578369,3.0
94,61,-5.182373046875,2.3719890117645264,3.0
94,62,-0.8848612308502197,1.343064308166504,1.0
94,63,-9.065118789672852,9.643457412719727,20.0
94,64,-3.6238083839416504,1.4957764148712158,1.0
94,65,-5.633707046508789,16.724145889282227,14.0
94,66,-12.727323532104492,580.3676147460938,61.0
94,67,-4.688403129577637,1.7968775033950806,3.0
94,68,-0.2919660806655884,1.049864411354065,1.0
94,69,-15.184518814086914,6.672968864440918,12.0
94,70,-26.177772521972656,78.48929595947266,181.0
94,71,-25.880062103271484,5578.56591796875,6190.0
94,72,-6.096593379974365,2.762397289276123,4.0
94,73,-13.11947250366211,706.08544921875,218.0
94,74,-11.38408088684082,6.668179512023926,160.0
94,75,-5.7072882652282715,2.588852643966675,3.0
94,76,-0.5829821825027466,1.086849570274353,1.0
94,77,-4.517593860626221,3.093794822692871,4.0
94,78,-6.223389625549316,2.176947593688965,3.0
94,79,-4.8098931312561035,11.077838897705078,11.0
94,80,-1.5254532098770142,1.135554552078247,1.0
96,0,-11.84208869934082,5.428847789764404,21.0
96,1,-3.8590540885925293,1.902513027191162,1.0
96,2,-12.866342544555664,13.108598709106445,162.0
96,3,-15.702982902526855,9.424222946166992,8.0
96,4,-3.4678585529327393,5.662861347198486,3.0
96,5,-14.434946060180664,1363.0404052734375,121.0
96,6,-10.64561939239502,1.8065577745437622,12.0
96,7,-8.877349853515625,5.903055191040039,6.0
96,8,-11.567944526672363,3.1797242164611816,12.0
96,9,-11.647873878479004,10.27357292175293,54.0
96,10,-8.436188697814941,16.64422035217285,8.0
96,11,-0.7190262675285339,1.4326318502426147,1.0
96,12,-4.528440475463867,3.1021955013275146,8.0
96,13,-4.709012985229492,3.2454476356506348,4.0
96,14,-7.244685649871826,4.258586406707764,5.0
96,15,-1.00998055934906,1.4002630710601807,1.0
96,16,-7.3375563621521,2.259817361831665,17.0
96,17,-6.026790142059326,1.953540325164795,3.0
96,18,-6.015746593475342,1.9511446952819824,3.0
96,19,-13.772687911987305,9.92888355255127,53.0
96,20,-3.597175359725952,2.0532729625701904,8.0
96,21,-1.7761058807373047,1.8076637983322144,2.0
96,22,-4.267102241516113,2.905994176864624,12.0
96,23,-2.683781623840332,1.4672610759735107,1.0
96,24,-9.97680377960205,5.27406120300293,9.0
96,25,-16.549602508544922,10.635834693908691,133.0
96,26,-12.103397369384766,3.005094051361084,8.0
96,27,-3.77392840385437,2.568911075592041,1.0
96,28,-12.936386108398438,74.59910583496094,435.0
96,29,-61.24622344970703,21.376907348632812,602.0
96,30,-1.8070486783981323,1.2223597764968872,1.0
96,31,-3.457444906234741,3.1660401821136475,6.0
96,32,-2.4740309715270996,1.8561561107635498,2.0
96,33,-0.24725565314292908,1.035953402519226,1.0
96,34,-4.511086463928223,1.757488489151001,2.0
96,35,-1.4236983060836792,1.225544810295105,1.0
96,36,-14.435676574707031,3.0356836318969727,33.0
96,37,-25.74777603149414,24.989906311035156,397.0
96,38,-18.04197120666504,4.497391700744629,16.0
96,39,-18.125185012817383,5.19524621963501,21.0
96,40,-6.003220081329346,3.3222556114196777,20.0
96,41,-13.896162033081055,32.2668571472168,343.0
96,42,-6.9411163330078125,5.670510292053223,49.0
96,43,-13.929800033569336,10.19230842590332,2755.0
96,44,-0.9513954520225525,1.3731834888458252,1.0
96,45,-1.574323058128357,1.2174887657165527,1.0
96,46,-3.0047993659973145,4.492456912994385,2.0
96,47,-3.1472113132476807,2.1963629722595215,2.0
96,48,-6.461335182189941,25.296539306640625,6.0
96,49,-5.157153129577637,1.5368928909301758,11.0
96,50,-2.606931209564209,3.682034969329834,2.0
96,51,-3.8430755138397217,2.6137053966522217,6.0
96,52,-21.315750122070312,2.9031243324279785,66.0
96,53,-3.5949034690856934,3.314481496810913,3.0
96,54,-12.402349472045898,4.712854385375977,10.0
96,55,-3.7861223220825195,1.522997260093689,1.0
96,56,-25.1485595703125,23.186494827270508,101.0
96,57,-10.651420593261719,34.829803466796875,125.0
96,58,-3.5095300674438477,5.7820892333984375,2.0
96,59,-10.377622604370117,4.404018402099609,7.0
96,60,-3.5304508209228516,5.842889785766602,3.0
96,61,-5.177357196807861,2.370006799697876,3.0
96,62,-0.8910452127456665,1.345835566520691,1.0
96,63,-8.999699592590332,9.48702335357666,20.0
96,64,-3.6646342277526855,1.5025769472122192,1.0
96,65,-5.660203456878662,16.947185516357422,15.0
96,66,-12.798444747924805,601.377197265625,63.0
96,67,-4.716371059417725,1.8031703233718872,3.0
96,68,-0.31261953711509705,1.053484559059143,1.0
96,69,-15.189035415649414,6.676737308502197,12.0
96,70,-26.152000427246094,78.15287780761719,183.0
96,71,-26.013721466064453,5832.732421875,6368.0
96,72,-6.134852409362793,2.7800676822662354,4.0
96,73,-13.20531940460205,737.052978515625,224.0
96,74,-11.337449073791504,6.616555690765381,156.0
96,75,-5.614945411682129,2.549314022064209,3.0
96,76,-0.5853484272956848,1.0872169733047485,1.0
96,77,-4.516636848449707,3.09305477142334,4.0
96,78,-6.248222351074219,2.183715581893921,3.0
96,79,-4.782086372375488,10.924884796142578,11.0
96,80,-1.5130327939987183,1.1343797445297241,1.0
98,0,-11.840437889099121,5.427567958831787,21.0
98,1,-3.844447135925293,1.897886872291565,1.0
98,2,-12.956465721130371,13.34701919555664,162.0
98,3,-15.761248588562012,9.502994537353516,8.0
98,4,-3.4710586071014404,5.671929359436035,4.0
98,5,-14.358545303344727,1311.9537353515625,116.0
98,6,-10.615137100219727,1.8035011291503906,12.0
98,7,-8.866406440734863,5.8901495933532715,6.0
98,8,-11.618812561035156,3.195939779281616,12.0
98,9,-11.627280235290527,10.231346130371094,54.0
98,10,-8.489290237426758,16.941452026367188,9.0
98,11,-0.6973661184310913,1.417199969291687,1.0
98,12,-4.493340492248535,3.0750927925109863,8.0
98,13,-4.687107086181641,3.227722406387329,4.0
98,14,-7.249312877655029,4.262528896331787,5.0
98,15,-1.016021966934204,1.4030858278274536,1.0
98,16,-7.381988525390625,2.2710015773773193,18.0
98,17,-6.025642395019531,1.9532912969589233,3.0
98,18,-6.068124771118164,1.9625329971313477,3.0
98,19,-13.744773864746094,9.882797241210938,54.0
98,20,-3.5861597061157227,2.0487542152404785,8.0
98,21,-1.8041744232177734,1.8246561288833618,2.0
98,22,-4.222245216369629,2.8735878467559814,12.0
98,23,-2.665493965148926,1.4634326696395874,1.0
98,24,-10.042024612426758,5.331703186035156,9.0
98,25,-16.652019500732422,10.792593002319336,133.0
98,26,-12.155256271362305,3.0192947387695312,8.0
98,27,-3.688481092453003,2.5146164894104004,1.0
98,28,-12.96416187286377,75.29301452636719,436.0
98,29,-61.16790008544922,21.293352127075195,610.0
98,30,-1.7862424850463867,1.2195371389389038,1.0
98,31,-3.488814115524292,3.1993188858032227,6.0
98,32,-2.4676170349121094,1.853182077407837,2.0
98,33,-0.24615229666233063,1.035790205001831,1.0
98,34,-4.548347473144531,1.7656933069229126,2.0
98,35,-1.4386786222457886,1.2281702756881714,1.0
98,36,-14.316679000854492,3.0080227851867676,33.0
98,37,-25.720516204833984,24.90489959716797,402.0
98,38,-18.03036880493164,4.493045330047607,16.0
98,39,-18.17477798461914,5.218722343444824,21.0
98,40,-6.078054428100586,3.3723533153533936,20.0
98,41,-13.844306945800781,31.851255416870117,341.0
98,42,-6.966624736785889,5.706787586212158,49.0
98,43,-13.98689079284668,10.289751052856445,2803.0
98,44,-0.9282952547073364,1.3626506328582764,1.0
98,45,-1.5572807788848877,1.2148979902267456,1.0
98,46,-2.975407361984253,4.4269185066223145,2.0
98,47,-3.1512889862060547,2.1986031532287598,2.0
98,48,-6.4728217124938965,25.442241668701172,7.0
98,49,-5.153594970703125,1.5364371538162231,11.0
98,50,-2.636521339416504,3.7369158267974854,2.0
98,51,-3.8391547203063965,2.611144542694092,6.0
98,52,-21.304811477661133,2.9015369415283203,67.0
98,53,-3.616783380508423,3.338742971420288,3.0
98,54,-12.414934158325195,4.720273494720459,10.0
98,55,-3.811199188232422,1.5272467136383057,1.0
98,56,-25.1041202545166,23.05805206298828,104.0
98,57,-10.703083038330078,35.43479919433594,130.0
98,58,-3.5400753021240234,5.871074676513672,3.0
98,59,-10.423309326171875,4.432856559753418,7.0
98,60,-3.558084726333618,5.924180507659912,3.0
98,61,-5.214465141296387,2.3847098350524902,3.0
98,62,-0.8759357929229736,1.3390743732452393,1.0
98,63,-9.029342651367188,9.55759048461914,20.0
98,64,-3.6576826572418213,1.501416802406311,1.0
98,65,-5.6498236656188965,16.859458923339844,14.0
98,66,-12.84967041015625,616.9791259765625,63.0
98,67,-4.679072380065918,1.7947828769683838,3.0
98,68,-0.29771870374679565,1.05087149143219,1.0
98,69,-15.262726783752441,6.738523483276367,12.0
98,70,-26.184444427490234,78.57662200927734,178.0
98,71,-25.914459228515625,5642.89794921875,6499.0
98,72,-6.0930304527282715,2.7607574462890625,4.0
98,73,-13.218317031860352,741.8585205078125,230.0
98,74,-11.38968276977539,6.674407958984375,159.0
98,75,-5.644639015197754,2.5619616508483887,3.0
98,76,-0.5734602212905884,1.0853720903396606,1.0
98,77,-4.490488529205322,3.0729012489318848,4.0
98,78,-6.24425745010376,2.182633638381958,3.0
98,79,-4.815027236938477,11.10631275177002,11.0
98,80,-1.5302703380584717,1.1360104084014893,1.0
100,0,-11.68966007232666,5.3119096755981445,20.0
100,1,-3.8088629245758057,1.8866645097732544,1.0
100,2,-12.930543899536133,13.278002738952637,162.0
100,3,-15.724431037902832,9.453142166137695,8.0
100,4,-3.474677562713623,5.682201862335205,3.0
100,5,-14.375898361206055,1323.386474609375,113.0
100,6,-10.64323616027832,1.8063186407089233,12.0
100,7,-8.912163734436035,5.944300174713135,6.0
100,8,-11.502426147460938,3.158959150314331,12.0
100,9,-11.635274887084961,10.24771785736084,55.0
100,10,-8.489789009094238,16.94426727294922,9.0
100,11,-0.7043188214302063,1.4221352338790894,1.0
100,12,-4.513057708740234,3.0902884006500244,8.0
100,13,-4.713271141052246,3.2489044666290283,4.0
100,14,-7.248301982879639,4.261667251586914,5.0
100,15,-1.0004372596740723,1.3958157300949097,1.0
100,16,-7.43064546585083,2.2833125591278076,18.0
100,17,-5.996420383453369,1.9469594955444336,3.0
100,18,-6.038641452789307,1.956114649772644,3.0
100,19,-13.688032150268555,9.789777755737305,54.0
100,20,-3.5859110355377197,2.048652410507202,8.0
100,21,-1.800276756286621,1.8222869634628296,2.0
100,22,-4.25294303894043,2.895725727081299,12.0
100,23,-2.70302152633667,1.471299409866333,1.0
100,24,-9.9785737991333,5.275616645812988,9.0
100,25,-16.684452056884766,10.842711448669434,137.0
100,26,-12.193522453308105,3.029816150665283,8.0
100,27,-3.7584221363067627,2.558971881866455,1.0
100,28,-12.988747596740723,75.91260528564453,443.0
100,29,-61.26546859741211,21.397485733032227,612.0
100,30,-1.8100695610046387,1.222770094871521,1.0
100,31,-3.509753704071045,3.2217280864715576,6.0
100,32,-2.4847733974456787,1.8611477613449097,2.0
100,33,-0.2377995252609253,1.0345549583435059,1.0
100,34,-4.483648777008057,1.7514711618423462,2.0
100,35,-1.4362313747406006,1.227741003036499,1.0
100,36,-14.231525421142578,2.9883840084075928,30.0
100,37,-25.7462215423584,24.985050201416016,411.0
100,38,-18.13055992126465,4.5307159423828125,16.0
100,39,-18.10144805908203,5.184047222137451,21.0
100,40,-6.110114574432373,3.3940465450286865,20.0
100,41,-13.812761306762695,31.601049423217773,336.0
100,42,-6.965794086456299,5.705602645874023,49.0
100,43,-13.888046264648438,10.121626853942871,2747.0
100,44,-0.9076058864593506,1.3532854318618774,1.0
100,45,-1.566847801208496,1.2163516283035278,1.0
100,46,-2.943117618560791,4.356019973754883,2.0
100,47,-3.158546209335327,2.2025957107543945,2.0
100,48,-6.543272495269775,26.35442543029785,7.0
100,49,-5.136020660400391,1.5341888666152954,11.0
100,50,-2.589010715484619,3.6491904258728027,2.0
100,51,-3.8366599082946777,2.6095166206359863,6.0
100,52,-21.18645477294922,2.8844168186187744,66.0
100,53,-3.5614070892333984,3.277679443359375,3.0
100,54,-12.53542423248291,4.791904926300049,10.0
100,55,-3.846248149871826,1.5332058668136597,1.0
100,56,-25.138526916503906,23.157434463500977,101.0
100,57,-10.66855239868164,35.029273986816406,125.0
100,58,-3.5068039894104004,5.7742133140563965,3.0
100,59,-10.450977325439453,4.450412750244141,7.0
100,60,-3.545515537261963,5.887066841125488,3.0
100,61,-5.203790664672852,2.3804709911346436,3.0
100,62,-0.879804790019989,1.3408024311065674,1.0
100,63,-9.02357292175293,9.543814659118652,20.0
100,64,-3.6792047023773193,1.5050115585327148,1.0
100,65,-5.63545036315918,16.73872947692871,14.0
100,66,-12.76399040222168,591.1058959960938,60.0
100,67,-4.624542236328125,1.7825907468795776,3.0
100,68,-0.3010631203651428,1.051457405090332,1.0
100,69,-15.15473747253418,6.648173809051514,12.0
100,70,-26.046791076660156,76.79439544677734,179.0
100,71,-25.950227737426758,5710.580078125,6546.0
100,72,-6.080877304077148,2.755171298980713,4.0
100,73,-13.126846313476562,708.6935424804688,223.0
100,74,-11.318699836730957,6.595911026000977,159.0
100,75,-5.739687442779541,2.6028695106506348,3.0
100,76,-0.5795074701309204,1.0863101482391357,1.0
100,77,-4.5167436599731445,3.093137264251709,4.0
100,78,-6.274885654449463,2.1910057067871094,4.0
100,79,-4.795093536376953,10.996167182922363,11.0
100,80,-1.5383055210113525,1.1367714405059814,1.0
