step,probe_index,log_prob,perplexity,target_rank
0,0,-26.28492546081543,79.9035873413086,216.0
0,1,-4.345054626464844,2.963181734085083,2.0
0,2,-16.436105728149414,239.5355987548828,55.0
0,3,-9.519752502441406,23.885005950927734,85.0
0,4,-25.453868865966797,37.94990539550781,95.0
0,5,-33.63384246826172,41.9758186340332,252.0
0,6,-41.64363098144531,102.2141342163086,3405.0
0,7,-16.618005752563477,10.740276336669922,374.0
0,8,-6.314418792724609,8.205513000488281,5.0
0,9,-31.88947868347168,588.687744140625,904.0
0,10,-26.39276885986328,733.7675170898438,1867.0
0,11,-24.32738494873047,129.73281860351562,65.0
0,12,-7.264626979827881,6.148184299468994,2.0
0,13,-36.969505310058594,196.63670349121094,1614.0
0,14,-20.666532516479492,981.2664184570312,734.0
0,15,-36.98813247680664,101.85157012939453,44.0
0,16,-9.655853271484375,11.178175926208496,29.0
0,17,-14.705195426940918,134.52256774902344,100.0
0,18,-20.099159240722656,23146.0546875,1321.0
0,19,-23.143545150756836,27.28182601928711,87.0
0,20,-16.3720760345459,26.427766799926758,20.0
0,21,-13.079429626464844,78.24226379394531,78.0
0,22,-11.02193832397461,9.064699172973633,23.0
0,23,-7.408066749572754,2.8814547061920166,2.0
0,24,-7.801369667053223,13.469884872436523,9.0
0,25,-4.566627025604248,4.582336902618408,3.0
0,26,-8.795032501220703,9.013813018798828,19.0
0,27,-23.746707916259766,115.5082015991211,522.0
0,28,-42.86381530761719,212.29502868652344,306.0
0,29,-23.125720977783203,27.212446212768555,151.0
0,30,-21.270023345947266,70.38671112060547,42.0
0,31,-8.510069847106934,17.059206008911133,26.0
0,32,-11.00616455078125,15.66675853729248,264.0
0,33,-31.637340545654297,52.1783447265625,218.0
0,34,-14.624052047729492,130.93275451660156,229.0
0,35,-8.513188362121582,17.076948165893555,36.0
0,36,-21.828697204589844,1445.5313720703125,1645.0
0,37,-24.559370040893555,11.657350540161133,186.0
0,38,-45.593475341796875,63.10886001586914,11390.0
0,39,-11.147860527038574,41.09775924682617,59.0
0,40,-12.350615501403809,61.366973876953125,101.0
0,41,-12.163522720336914,20.923662185668945,56.0
0,42,-11.040472984313965,249.69407653808594,316.0
0,43,-39.26301956176758,694.9476318359375,3332.0
0,44,-4.516100883483887,9.564424514770508,5.0
0,45,-11.170038223266602,6.434493064880371,13.0
0,46,-16.900737762451172,279.66131591796875,234.0
0,47,-10.68071174621582,14.44253921508789,44.0
0,48,-25.48546600341797,584.8564453125,3895.0
0,49,-19.36536407470703,8.599527359008789,33.0
0,50,-18.860336303710938,537.41943359375,4172.0
0,51,-14.556734085083008,128.02748107910156,132.0
0,52,-9.358210563659668,6.498960018157959,40.0
0,53,-10.346712112426758,31.46588706970215,155.0
0,54,-34.8937873840332,335.5031433105469,6439.0
0,55,-18.217945098876953,20.828542709350586,32.0
0,56,-9.372082710266113,22.73777198791504,21.0
0,57,-8.97882080078125,9.43763256072998,3.0
0,58,-15.288990020751953,45.706817626953125,332.0
0,59,-32.17826461791992,99.17587280273438,748.0
0,60,-12.362506866455078,21.990856170654297,125.0
0,61,-12.308908462524414,60.519744873046875,32.0
0,62,-23.249805450439453,334.4379577636719,166.0
0,63,-11.834633827209473,5.423069477081299,15.0
0,64,-23.737932205200195,115.30562591552734,54.0
0,65,-7.323276042938232,11.485576629638672,13.0
0,66,-15.280967712402344,12.766544342041016,7.0
0,67,-17.740583419799805,34.7478141784668,27.0
0,68,-27.756912231445312,32.12434005737305,234.0
0,69,-8.79985237121582,18.789234161376953,9.0
0,70,-10.738738059997559,14.65357780456543,46.0
0,71,-72.28862762451172,91.65570831298828,58817.0
0,72,-13.56265640258789,29.68566131591797,27.0
0,73,-14.752447128295898,39.96930694580078,22.0
0,74,-12.328389167785645,60.91400909423828,41.0
0,75,-15.19398307800293,3.5472238063812256,8.0
0,76,-8.273884773254395,5.231912612915039,10.0
0,77,-14.428723335266113,17.916902542114258,66.0
0,78,-25.348876953125,68.3617172241211,177.0
0,79,-24.010717391967773,11.03499698638916,53.0
0,80,-9.855287551879883,7.178264141082764,32.0
0,81,-10.938416481018066,3.9247477054595947,99.0
0,82,-12.473241806030273,12.117472648620605,4.0
0,83,-27.256587982177734,11.915876388549805,203.0
0,84,-6.857272624969482,9.83313274383545,21.0
0,85,-4.5375237464904785,9.667424201965332,3.0
0,86,-9.022964477539062,20.239879608154297,11.0
0,87,-32.58049011230469,58.70713424682617,116.0
0,88,-31.240463256835938,49.652957916259766,31.0
0,89,-16.420467376708984,26.68478012084961,98.0
0,90,-13.394099235534668,14.567891120910645,177.0
0,91,-19.524147033691406,25.89434242248535,46.0
0,92,-5.643612861633301,6.561401844024658,3.0
0,93,-27.63779067993164,251.5290069580078,156.0
0,94,-14.531269073486328,18.28816032409668,5.0
0,95,-16.138364791870117,5.0220417976379395,29.0
0,96,-9.096686363220215,20.743412017822266,23.0
0,97,-5.128900051116943,5.526934623718262,5.0
0,98,-27.414321899414062,12.087974548339844,53.0
0,99,-16.273006439208984,7.645565986633301,194.0
0,100,-23.6201229095459,29.20393180847168,472.0
0,101,-28.77706527709961,13.68221378326416,373.0
0,102,-19.720726013183594,138.40463256835938,68.0
0,103,-17.535327911376953,345.5403747558594,2718.0
0,104,-26.185741424560547,6176.95361328125,16952.0
0,105,-49.64822769165039,143.28314208984375,742.0
0,106,-35.549922943115234,160.5427703857422,327.0
0,107,-12.54619312286377,65.50093841552734,29.0
0,108,-22.613903045654297,92.09130096435547,118.0
0,109,-8.592257499694824,17.533018112182617,11.0
0,110,-19.09908103942871,118.48310089111328,1630.0
0,111,-10.343725204467773,5.606654644012451,17.0
0,112,-30.613422393798828,456.08740234375,737.0
0,113,-13.430611610412598,28.721698760986328,36.0
0,114,-8.115021705627441,7.604615688323975,8.0
0,115,-32.455406188964844,223.46047973632812,1239.0
0,116,-16.123733520507812,14.691792488098145,36.0
0,117,-4.547360420227051,1.9148186445236206,1.0
0,118,-25.586193084716797,4.143144607543945,61.0
0,119,-6.132682800292969,2.1524040699005127,5.0
0,120,-10.429349899291992,32.34469223022461,89.0
0,121,-14.192509651184082,10.648490905761719,57.0
0,122,-23.97526741027832,8.842500686645508,66.0
0,123,-6.586255073547363,5.189118385314941,2.0
0,124,-18.647605895996094,22.374774932861328,55.0
0,125,-15.44483757019043,47.522789001464844,191.0
0,126,-12.669394493103027,68.24687957763672,620.0
0,127,-14.869142532348633,142.0786590576172,219.0
0,128,-21.260311126708984,34.583797454833984,11.0
0,129,-25.78482437133789,39.78723907470703,96.0
0,130,-14.630867004394531,1503.3233642578125,1704.0
0,131,-41.586021423339844,180.95578002929688,930.0
0,132,-27.13297462463379,92.0344009399414,432.0
0,133,-16.635183334350586,15.999070167541504,50.0
0,134,-20.816558837890625,1031.586181640625,719.0
0,135,-11.139820098876953,262.4104919433594,48.0
0,136,-2.500551462173462,2.301398992538452,2.0
0,137,-9.049352645874023,9.605522155761719,5.0
0,138,-10.948434829711914,6.20117712020874,5.0
0,139,-18.818557739257812,14.707615852355957,58.0
0,140,-18.619600296020508,41.42647171020508,26.0
0,141,-13.7167329788208,15.538902282714844,44.0
0,142,-8.151796340942383,7.6748528480529785,2.0
0,143,-9.990382194519043,27.941904067993164,140.0
0,144,-10.411043167114258,32.147918701171875,85.0
0,145,-9.471120834350586,10.673672676086426,12.0
0,146,-6.951088905334473,32.3154182434082,11.0
0,147,-11.186498641967773,4.943488121032715,19.0
0,148,-2.636270523071289,2.4079043865203857,2.0
0,149,-32.07256317138672,610.64306640625,594.0
0,150,-12.728533744812012,69.60557556152344,29.0
0,151,-20.212257385253906,56.965816497802734,53.0
0,152,-10.297609329223633,30.955055236816406,44.0
0,153,-13.519871711730957,14.938984870910645,19.0
0,154,-22.892234802246094,305.8389587402344,844.0
0,155,-20.153959274291992,154.23690795898438,83.0
0,156,-11.961586952209473,53.90351486206055,77.0
0,157,-15.59780216217041,181.1394805908203,217.0
0,158,-7.186381816864014,6.029086112976074,10.0
0,159,-12.975025177001953,656.8873901367188,1157.0
0,160,-11.484850883483887,45.983543395996094,24.0
0,161,-15.854162216186523,14.046319961547852,35.0
0,162,-20.606796264648438,9.87142276763916,137.0
0,163,-6.1177873611450195,7.684939861297607,10.0
0,164,-10.366002082824707,31.66886329650879,11.0
0,165,-20.535192489624023,30.64691734313965,38.0
0,166,-21.89418601989746,2.7052390575408936,34.0
0,167,-20.650146484375,19.106353759765625,108.0
0,168,-5.392977237701416,2.9405462741851807,3.0
0,169,-11.703734397888184,18.651630401611328,19.0
0,170,-21.013668060302734,33.190975189208984,44.0
0,171,-18.60941505432129,41.34217071533203,278.0
0,172,-14.603097915649414,11.402693748474121,26.0
0,173,-12.668095588684082,12.599021911621094,277.0
0,174,-24.20058822631836,31.72886848449707,20.0
0,175,-25.627260208129883,168.2501678466797,246.0
0,176,-16.977306365966797,16.93785285949707,23.0
0,177,-17.628398895263672,2.8206424713134766,13.0
0,178,-27.34160804748535,6.18900203704834,20.0
0,179,-15.478763580322266,2297.0517578125,6934.0
0,180,-19.4967098236084,130.86647033691406,53.0
0,181,-14.054943084716797,108.30819702148438,321.0
0,182,-19.289276123046875,124.2529067993164,67.0
0,183,-13.865466117858887,32.02018356323242,22.0
0,184,-41.19319152832031,359.5099182128906,814.0
0,185,-15.00295352935791,8.527353286743164,71.0
0,186,-17.282249450683594,31.704227447509766,305.0
0,187,-12.701545715332031,572.935302734375,1561.0
0,188,-13.402215003967285,87.13031768798828,2241.0
0,189,-10.062642097473145,28.623096466064453,18.0
0,190,-30.903100967407227,47.60261154174805,61.0
0,191,-23.139436721801758,102.2977066040039,1691.0
0,192,-17.36374282836914,18.064653396606445,31.0
0,193,-12.579654693603516,23.21767234802246,24.0
0,194,-16.648374557495117,4122.3857421875,454.0
0,195,-9.185998916625977,9.9393310546875,59.0
0,196,-20.911813735961914,186.41090393066406,8577.0
0,197,-11.796141624450684,19.08753204345703,892.0
0,198,-30.13802719116211,20.364694595336914,471.0
0,199,-30.063156127929688,408.5570068359375,7762.0
0,200,-64.09200286865234,138.4008026123047,23466.0
0,201,-9.414138793945312,110.72718811035156,120.0
0,202,-7.654950141906738,45.94638442993164,52.0
0,203,-44.50782775878906,85.6939926147461,4262.0
0,204,-12.227747917175293,21.262331008911133,6.0
0,205,-16.382482528686523,26.482826232910156,476.0
0,206,-7.451375961303711,6.4420318603515625,45.0
0,207,-19.426467895507812,128.5884552001953,1879.0
0,208,-25.384119033813477,4728.5478515625,2894.0
0,209,-25.563114166259766,24.419677734375,2539.0
0,210,-20.38970184326172,59.02378463745117,82.0
0,211,-24.430124282836914,3440.50830078125,11285.0
0,212,-9.35171890258789,10.359766960144043,14.0
0,213,-19.199270248413086,601.69873046875,1480.0
0,214,-18.625226974487305,105.24666595458984,373.0
0,215,-50.320960998535156,66.24852752685547,119.0
0,216,-14.025362014770508,33.326087951660156,65.0
0,217,-18.080501556396484,414.4009704589844,367.0
0,218,-11.656517028808594,18.432756423950195,16.0
0,219,-28.2550048828125,1168.8214111328125,612.0
0,220,-23.436269760131836,2470.28759765625,16625.0
0,221,-6.642959117889404,3.7757229804992676,4.0
0,222,-22.863527297973633,26.21202278137207,175.0
0,223,-5.041412353515625,5.3680830001831055,4.0
0,224,-2.3074734210968018,3.170016288757324,1.0
0,225,-17.772628784179688,12.666325569152832,215.0
0,226,-15.893632888793945,199.91209411621094,327.0
0,227,-14.412529945373535,36.71305847167969,171.0
0,228,-11.74802303314209,5.356383800506592,69.0
0,229,-38.79253387451172,25.348285675048828,171.0
0,230,-23.9700927734375,10.990259170532227,244.0
0,231,-11.06438159942627,6.322177410125732,4.0
0,232,-1.9885238409042358,1.9402973651885986,1.0
0,233,-11.376011848449707,44.34517288208008,167.0
0,234,-15.571561813354492,49.052467346191406,77.0
0,235,-18.03504180908203,90.80918884277344,187.0
0,236,-9.856319427490234,26.720731735229492,31.0
0,237,-46.94566345214844,11957.7216796875,14974.0
0,238,-64.59486389160156,217.6537628173828,9318.0
0,239,-9.059854507446289,4.526620864868164,6.0
0,240,-19.18729591369629,24.480640411376953,1054.0
0,241,-10.544733047485352,33.61293411254883,155.0
0,242,-40.57427215576172,329.0878601074219,1528.0
0,243,-32.97203063964844,111.08436584472656,772.0
0,244,-6.785651683807373,9.601160049438477,3.0
0,245,-12.578629493713379,12.375588417053223,42.0
0,246,-10.303556442260742,13.142997741699219,44.0
0,247,-23.150775909423828,47.392433166503906,229.0
0,248,-12.594402313232422,6.044811248779297,5.0
0,249,-14.107744216918945,16.8028564453125,43.0
0,250,-34.995784759521484,79.39799499511719,1459.0
0,251,-20.280696868896484,57.75093460083008,294.0
0,252,-22.460601806640625,16.569690704345703,34.0
0,253,-34.608421325683594,1014.0264282226562,729.0
0,254,-20.199880599975586,28.981184005737305,179.0
0,255,-20.2078857421875,17.936555862426758,66.0
0,256,-17.90587615966797,87.92366790771484,127.0
0,257,-15.193796157836914,44.63190460205078,654.0
0,258,-8.858817100524902,5.881215572357178,8.0
0,259,-21.076839447021484,67.71907043457031,1920.0
0,260,-9.842671394348145,26.599449157714844,79.0
0,261,-56.931396484375,114.92539978027344,2324.0
0,262,-14.021509170532227,107.10784912109375,95.0
0,263,-22.902679443359375,97.56665802001953,250.0
0,264,-8.387822151184082,16.378026962280273,71.0
0,265,-10.804381370544434,36.65172576904297,347.0
0,266,-11.217982292175293,42.06968688964844,573.0
0,267,-16.945648193359375,69.15927124023438,209.0
0,268,-22.58394432067871,43.12016296386719,197.0
0,269,-3.5983726978302,2.053764581680298,1.0
0,270,-4.020854949951172,2.2348430156707764,1.0
0,271,-16.901031494140625,16.723894119262695,136.0
0,272,-8.780759811401367,18.67003631591797,12.0
0,273,-12.272842407226562,21.50339126586914,43.0
0,274,-15.620504379272461,49.656341552734375,930.0
0,275,-9.50808334350586,10.772761344909668,78.0
0,276,-14.82433795928955,8.312518119812012,14.0
0,277,-21.15806770324707,198.2476348876953,997.0
0,278,-41.94459915161133,400.2484130859375,1004.0
0,279,-20.100845336914062,55.71053695678711,1240.0
0,280,-17.912586212158203,9.38463020324707,56.0
0,281,-13.236373901367188,82.44444274902344,202.0
0,282,-11.208617210388184,41.93856430053711,50.0
0,283,-15.114751815795898,154.1999969482422,830.0
0,284,-14.554300308227539,18.37259292602539,567.0
0,285,-40.6723747253418,40.345848083496094,159.0
0,286,-44.28583908081055,56.035491943359375,231.0
0,287,-3.372378349304199,5.398867607116699,3.0
0,288,-21.176753997802734,69.08589935302734,859.0
0,289,-42.15205001831055,67.70806121826172,507.0
0,290,-20.90501594543457,186.09437561035156,245.0
0,291,-12.654487609863281,23.6561222076416,218.0
0,292,-10.260466575622559,13.002175331115723,12.0
0,293,-2.389072895050049,1.817147970199585,1.0
0,294,-20.380407333374023,163.220458984375,302.0
0,295,-6.3261590003967285,23.643293380737305,58.0
0,296,-32.303131103515625,36.20642852783203,199.0
0,297,-25.853660583496094,40.1804313659668,280.0
0,298,-26.657115936279297,206.7320098876953,4418.0
0,299,-19.477069854736328,16958.677734375,1053.0
0,300,-25.578311920166016,358310.75,7392.0
0,301,-29.874799728393555,27.64437484741211,686.0
0,302,-12.048687934875488,20.331512451171875,38.0
0,303,-23.584121704101562,111.81263732910156,1740.0
2,0,-26.281349182128906,79.85597229003906,220.0
2,1,-4.339451789855957,2.9590342044830322,2.0
2,2,-16.405515670776367,237.1055450439453,53.0
2,3,-9.568561553955078,24.27678680419922,89.0
2,4,-25.405963897705078,37.691078186035156,96.0
2,5,-33.68025207519531,42.19282913208008,254.0
2,6,-41.667335510253906,102.48372650146484,3335.0
2,7,-16.586397171020508,10.691888809204102,374.0
2,8,-6.289056777954102,8.136436462402344,5.0
2,9,-31.754358291625977,572.9918823242188,859.0
2,10,-26.304262161254883,717.7099609375,1822.0
2,11,-24.222379684448242,127.03666687011719,64.0
2,12,-7.246298313140869,6.120076656341553,2.0
2,13,-37.02934265136719,198.3247833251953,1590.0
2,14,-20.71501922607422,997.2548828125,758.0
2,15,-36.6973876953125,98.2164306640625,43.0
2,16,-9.65652847290039,11.180063247680664,29.0
2,17,-14.649307250976562,132.0396728515625,99.0
2,18,-20.140417098999023,23628.4921875,1302.0
2,19,-23.124401092529297,27.20731544494629,87.0
2,20,-16.392438888549805,26.535614013671875,20.0
2,21,-13.042885780334473,77.2949447631836,75.0
2,22,-10.99532699584961,9.016583442687988,23.0
2,23,-7.37013578414917,2.8658833503723145,2.0
2,24,-7.764330863952637,13.304604530334473,9.0
2,25,-4.571765899658203,4.590192794799805,3.0
2,26,-8.829362869262695,9.091506958007812,20.0
2,27,-23.636371612548828,112.9871826171875,492.0
2,28,-42.64508056640625,206.56910705566406,295.0
2,29,-23.122358322143555,27.199377059936523,151.0
2,30,-21.183290481567383,69.1762924194336,40.0
2,31,-8.518878936767578,17.109371185302734,25.0
2,32,-10.977392196655273,15.554469108581543,261.0
2,33,-31.418439865112305,50.76996612548828,195.0
2,34,-14.71052360534668,134.76165771484375,234.0
2,35,-8.489920616149902,16.945011138916016,36.0
2,36,-21.87085723876953,1465.9893798828125,1657.0
2,37,-24.627643585205078,11.737211227416992,191.0
2,38,-45.471744537353516,62.41432189941406,11264.0
2,39,-11.12105655670166,40.73219680786133,59.0
2,40,-12.253924369812012,59.42062759399414,93.0
2,41,-12.179656982421875,21.008228302001953,57.0
2,42,-11.003167152404785,245.07972717285156,313.0
2,43,-39.235687255859375,691.7892456054688,3277.0
2,44,-4.511667251586914,9.543245315551758,5.0
2,45,-11.181861877441406,6.447185516357422,13.0
2,46,-16.910709381103516,280.5924377441406,238.0
2,47,-10.665543556213379,14.387876510620117,43.0
2,48,-25.299707412719727,558.3169555664062,3810.0
2,49,-19.329322814941406,8.565156936645508,33.0
2,50,-18.850242614746094,535.6143188476562,4198.0
2,51,-14.605504989624023,130.12579345703125,134.0
2,52,-9.438728332519531,6.60446310043335,41.0
2,53,-10.39078140258789,31.9315242767334,157.0
2,54,-34.955345153808594,338.9630126953125,6777.0
2,55,-18.27382469177246,21.023426055908203,31.0
2,56,-9.393915176391602,22.903850555419922,21.0
2,57,-8.994669914245605,9.475101470947266,3.0
2,58,-15.293920516967773,45.7631950378418,331.0
2,59,-32.18665313720703,99.29483032226562,750.0
2,60,-12.357805252075195,21.965023040771484,124.0
2,61,-12.309982299804688,60.54138946533203,32.0
2,62,-23.18167495727539,328.78985595703125,163.0
2,63,-11.814647674560547,5.4076080322265625,15.0
2,64,-23.760150909423828,115.81920623779297,58.0
2,65,-7.310744285583496,11.437697410583496,13.0
2,66,-15.2948637008667,12.796146392822266,7.0
2,67,-17.743549346923828,34.7684326171875,28.0
2,68,-27.59775161743164,31.491539001464844,234.0
2,69,-8.809436798095703,18.84935760498047,9.0
2,70,-10.70766544342041,14.540186882019043,45.0
2,71,-72.13416290283203,90.77511596679688,58372.0
2,72,-13.521636009216309,29.38278579711914,28.0
2,73,-14.718798637390137,39.63448715209961,22.0
2,74,-12.374658584594727,61.860755920410156,41.0
2,75,-15.195664405822754,3.5477206707000732,8.0
2,76,-8.308021545410156,5.267755031585693,10.0
2,77,-14.439265251159668,17.954721450805664,68.0
2,78,-25.257083892822266,67.32382202148438,171.0
2,79,-23.927799224853516,10.943873405456543,52.0
2,80,-9.83268928527832,7.145893573760986,30.0
2,81,-10.921943664550781,3.9166743755340576,93.0
2,82,-12.352315902709961,11.827924728393555,4.0
2,83,-27.164003372192383,11.81600284576416,196.0
2,84,-6.833184719085693,9.754495620727539,20.0
2,85,-4.567466735839844,9.813248634338379,3.0
2,86,-9.055227279663086,20.458717346191406,11.0
2,87,-32.579986572265625,58.70344161987305,114.0
2,88,-31.118574142456055,48.90216827392578,29.0
2,89,-16.43865966796875,26.78205108642578,99.0
2,90,-13.432305335998535,14.679632186889648,186.0
2,91,-19.54278564453125,25.974905014038086,46.0
2,92,-5.631072998046875,6.534032344818115,3.0
2,93,-27.57097053527832,248.1898651123047,158.0
2,94,-14.404422760009766,17.830039978027344,5.0
2,95,-16.009315490722656,4.957648277282715,28.0
2,96,-9.140084266662598,21.045669555664062,23.0
2,97,-5.12984037399292,5.528667449951172,5.0
2,98,-27.45275115966797,12.130278587341309,53.0
2,99,-16.214691162109375,7.590036869049072,197.0
2,100,-23.584653854370117,29.056325912475586,472.0
2,101,-28.68230628967285,13.564857482910156,350.0
2,102,-19.65970230102539,136.3091583251953,68.0
2,103,-17.48491668701172,339.7825012207031,2784.0
2,104,-26.101594924926758,6006.1064453125,16603.0
2,105,-49.51703643798828,141.41566467285156,738.0
2,106,-35.50630569458008,159.54556274414062,326.0
2,107,-12.504172325134277,64.58985900878906,29.0
2,108,-22.668270111083984,93.09814453125,118.0
2,109,-8.608592987060547,17.628747940063477,11.0
2,110,-19.2087459564209,121.77638244628906,1628.0
2,111,-10.379623413085938,5.6402997970581055,17.0
2,112,-30.484878540039062,444.511474609375,674.0
2,113,-13.403911590576172,28.530620574951172,35.0
2,114,-8.101016998291016,7.578037261962891,8.0
2,115,-32.36591720581055,220.1522979736328,1210.0
2,116,-16.09339141845703,14.617682456970215,36.0
2,117,-4.57260799407959,1.9217374324798584,1.0
2,118,-25.549413681030273,4.134687900543213,56.0
2,119,-6.157404899597168,2.1590657234191895,5.0
2,120,-10.438549041748047,32.44402313232422,88.0
2,121,-14.268017768859863,10.783346176147461,58.0
2,122,-23.878732681274414,8.765238761901855,66.0
2,123,-6.642165184020996,5.262158393859863,2.0
2,124,-18.586355209350586,22.14752769470215,56.0
2,125,-15.497581481933594,48.1535758972168,201.0
2,126,-12.665793418884277,68.16498565673828,618.0
2,127,-14.832489013671875,140.35330200195312,218.0
2,128,-21.228837966918945,34.40285873413086,11.0
2,129,-25.78002166748047,39.75994873046875,97.0
2,130,-14.73949909210205,1587.2362060546875,1796.0
2,131,-41.4305419921875,177.47286987304688,948.0
2,132,-27.17005157470703,92.60487365722656,431.0
2,133,-16.68380355834961,16.129241943359375,51.0
2,134,-20.787940979003906,1021.7924194335938,709.0
2,135,-11.175360679626465,267.11529541015625,50.0
2,136,-2.5147881507873535,2.3123462200164795,2.0
2,137,-9.034293174743652,9.569426536560059,5.0
2,138,-10.926292419433594,6.178334712982178,5.0
2,139,-18.871307373046875,14.818866729736328,58.0
2,140,-18.60613250732422,41.315032958984375,26.0
2,141,-13.675844192504883,15.412347793579102,44.0
2,142,-8.174692153930664,7.71890926361084,2.0
2,143,-10.017898559570312,28.199363708496094,141.0
2,144,-10.371173858642578,31.7235050201416,81.0
2,145,-9.457576751708984,10.637593269348145,12.0
2,146,-6.953843116760254,32.35995101928711,11.0
2,147,-11.224531173706055,4.9704203605651855,19.0
2,148,-2.6575090885162354,2.42501163482666,2.0
2,149,-32.1416130065918,619.1346435546875,609.0
2,150,-12.740309715270996,69.87933349609375,31.0
2,151,-20.223459243774414,57.09360122680664,52.0
2,152,-10.295724868774414,30.935623168945312,44.0
2,153,-13.545694351196289,15.016339302062988,19.0
2,154,-22.94131851196289,309.6150207519531,875.0
2,155,-20.076618194580078,151.28335571289062,80.0
2,156,-11.973533630371094,54.11859130859375,77.0
2,157,-15.550820350646973,178.32479858398438,211.0
2,158,-7.153196334838867,5.979273796081543,10.0
2,159,-12.963539123535156,653.1256713867188,1162.0
2,160,-11.49957275390625,46.209754943847656,24.0
2,161,-15.811613082885742,13.947063446044922,35.0
2,162,-20.59845733642578,9.86228084564209,133.0
2,163,-6.10505485534668,7.6523919105529785,10.0
2,164,-10.355416297912598,31.55731201171875,11.0
2,165,-20.45661163330078,30.248157501220703,37.0
2,166,-21.947433471679688,2.71179461479187,34.0
2,167,-20.628639221191406,19.047740936279297,108.0
2,168,-5.39390754699707,2.941093683242798,3.0
2,169,-11.6654052734375,18.4737606048584,19.0
2,170,-20.95488739013672,32.86739730834961,44.0
2,171,-18.621417999267578,41.44153594970703,271.0
2,172,-14.614481925964355,11.424348831176758,26.0
2,173,-12.661787986755371,12.583138465881348,275.0
2,174,-24.172870635986328,31.603483200073242,18.0
2,175,-25.68889045715332,170.33689880371094,250.0
2,176,-17.01370620727539,17.040925979614258,23.0
2,177,-17.622169494628906,2.8196091651916504,13.0
2,178,-27.358646392822266,6.196035861968994,20.0
2,179,-15.404470443725586,2213.289794921875,6764.0
2,180,-19.563013076782227,133.0537567138672,52.0
2,181,-14.077107429504395,109.11135864257812,323.0
2,182,-19.268577575683594,123.61160278320312,67.0
2,183,-13.89330768585205,32.243839263916016,22.0
2,184,-41.222412109375,361.0137634277344,810.0
2,185,-14.979174613952637,8.498435974121094,71.0
2,186,-17.259132385253906,31.557981491088867,300.0
2,187,-12.729690551757812,581.0548706054688,1603.0
2,188,-13.318975448608398,84.74600982666016,2164.0
2,189,-10.020094871520996,28.22001838684082,18.0
2,190,-30.901588439941406,47.59361267089844,62.0
2,191,-23.13439178466797,102.19453430175781,1689.0
2,192,-17.450321197509766,18.327211380004883,31.0
2,193,-12.568719863891602,23.154287338256836,24.0
2,194,-16.619529724121094,4063.357177734375,452.0
2,195,-9.137373924255371,9.819236755371094,56.0
2,196,-20.921934127807617,186.88314819335938,8533.0
2,197,-11.791084289550781,19.06341552734375,892.0
2,198,-30.190706253051758,20.472257614135742,453.0
2,199,-29.97603416442871,401.4997253417969,7759.0
2,200,-63.948646545410156,136.88299560546875,23245.0
2,201,-9.394408226013184,109.64019775390625,119.0
2,202,-7.651202201843262,45.86035919189453,51.0
2,203,-44.45225524902344,85.21910858154297,4299.0
2,204,-12.211206436157227,21.174585342407227,6.0
2,205,-16.383195877075195,26.48660659790039,482.0
2,206,-7.438094139099121,6.420677185058594,45.0
2,207,-19.445737838745117,129.20941162109375,1882.0
2,208,-25.396133422851562,4747.52099609375,2881.0
2,209,-25.510719299316406,24.26026725769043,2483.0
2,210,-20.383657455444336,58.95248031616211,81.0
2,211,-24.39116668701172,3396.121337890625,11208.0
2,212,-9.37896728515625,10.430580139160156,14.0
2,213,-19.248592376708984,611.6726684570312,1525.0
2,214,-18.664674758911133,106.28973388671875,379.0
2,215,-50.21796417236328,65.6823501586914,119.0
2,216,-14.05376148223877,33.563541412353516,66.0
2,217,-18.13753890991211,422.3551025390625,373.0
2,218,-11.67380142211914,18.5125789642334,16.0
2,219,-28.125362396240234,1131.5465087890625,629.0
2,220,-23.45928192138672,2489.309814453125,16594.0
2,221,-6.639524936676025,3.773130178451538,4.0
2,222,-22.885435104370117,26.294187545776367,180.0
2,223,-5.042306900024414,5.369683742523193,4.0
2,224,-2.3137905597686768,3.180044651031494,1.0
2,225,-17.767127990722656,12.65637493133545,210.0
2,226,-15.933980941772461,202.61892700195312,331.0
2,227,-14.52930736541748,37.8006706237793,177.0
2,228,-11.893938064575195,5.469208717346191,72.0
2,229,-38.699886322021484,25.153337478637695,172.0
2,230,-24.00375747680664,11.027320861816406,244.0
2,231,-11.065774917602539,6.32364559173584,4.0
2,232,-1.9864513874053955,1.9389574527740479,1.0
2,233,-11.366657257080078,44.20711898803711,168.0
2,234,-15.652457237243652,50.05459213256836,76.0
2,235,-17.998605728149414,89.98575592041016,183.0
2,236,-9.944526672363281,27.51805305480957,32.0
2,237,-47.24937438964844,12706.5751953125,14468.0
2,238,-64.52989959716797,216.47854614257812,9327.0
2,239,-9.028274536132812,4.502858638763428,6.0
2,240,-19.177350997924805,24.44009780883789,1043.0
2,241,-10.56573486328125,33.84907150268555,156.0
2,242,-40.62953186035156,331.6959533691406,1531.0
2,243,-32.828250885009766,108.82599639892578,732.0
2,244,-6.7979817390441895,9.640700340270996,3.0
2,245,-12.538537979125977,12.276755332946777,41.0
2,246,-10.281051635742188,13.069260597229004,42.0
2,247,-23.070955276489258,46.766136169433594,223.0
2,248,-12.621868133544922,6.068576812744141,5.0
2,249,-14.18381118774414,17.06043815612793,45.0
2,250,-34.881900787353516,78.2757339477539,1441.0
2,251,-20.22647476196289,57.12802505493164,289.0
2,252,-22.49502944946289,16.64115333557129,34.0
2,253,-34.59172821044922,1010.6464233398438,749.0
2,254,-20.292482376098633,29.431934356689453,182.0
2,255,-20.259239196777344,18.06862449645996,67.0
2,256,-17.847373962402344,86.6470947265625,123.0
2,257,-15.197332382202148,44.671382904052734,655.0
2,258,-8.862930297851562,5.886055946350098,8.0
2,259,-21.01382827758789,66.87100982666016,1879.0
2,260,-9.824834823608398,26.4417724609375,79.0
2,261,-56.83021926879883,113.96048736572266,2248.0
2,262,-13.92778205871582,103.81327819824219,94.0
2,263,-22.922130584716797,97.94693756103516,249.0
2,264,-8.40461540222168,16.4699649810791,72.0
2,265,-10.774127006530762,36.28395462036133,346.0
2,266,-11.261065483093262,42.6782112121582,591.0
2,267,-16.90411376953125,68.44485473632812,206.0
2,268,-22.664562225341797,43.70344543457031,204.0
2,269,-3.5754690170288086,2.0443785190582275,1.0
2,270,-4.021679878234863,2.2352118492126465,1.0
2,271,-16.833908081054688,16.537845611572266,133.0
2,272,-8.733559608459473,18.378591537475586,12.0
2,273,-12.268312454223633,21.47905158996582,42.0
2,274,-15.622119903564453,49.6764030456543,940.0
2,275,-9.461910247802734,10.649123191833496,73.0
2,276,-14.7897367477417,8.271529197692871,15.0
2,277,-21.140274047851562,197.36770629882812,1007.0
2,278,-41.927146911621094,399.2519226074219,998.0
2,279,-20.012374877929688,54.733436584472656,1181.0
2,280,-17.897266387939453,9.366676330566406,57.0
2,281,-13.146541595458984,80.0123291015625,195.0
2,282,-11.238799095153809,42.36261749267578,54.0
2,283,-15.144194602966309,155.72079467773438,823.0
2,284,-14.550463676452637,18.358503341674805,564.0
2,285,-40.620880126953125,40.15741729736328,156.0
2,286,-44.25334930419922,55.870235443115234,229.0
2,287,-3.364955425262451,5.378867149353027,3.0
2,288,-21.12188148498535,68.33186340332031,847.0
2,289,-42.17035675048828,67.83211517333984,499.0
2,290,-20.92131233215332,186.85409545898438,250.0
2,291,-12.633245468139648,23.53082847595215,223.0
2,292,-10.265138626098633,13.01737117767334,12.0
2,293,-2.40049409866333,1.8223438262939453,1.0
2,294,-20.438777923583984,165.6197509765625,296.0
2,295,-6.334310531616211,23.73985481262207,60.0
2,296,-32.2795524597168,36.11170196533203,202.0
2,297,-25.823863983154297,40.00975799560547,294.0
2,298,-26.689144134521484,208.06044006347656,4466.0
2,299,-19.427173614501953,16540.82421875,1060.0
2,300,-25.51833724975586,347725.46875,7384.0
2,301,-29.86142349243164,27.603317260742188,670.0
2,302,-12.060050964355469,20.38935089111328,38.0
2,303,-23.59166717529297,111.98145294189453,1726.0
4,0,-26.181529998779297,78.5384521484375,205.0
4,1,-4.265451431274414,2.9047951698303223,2.0
4,2,-16.335819244384766,231.66050720214844,55.0
4,3,-9.677918434143066,25.178058624267578,102.0
4,4,-24.074729919433594,31.16348648071289,96.0
4,5,-33.644351959228516,42.02485275268555,258.0
4,6,-41.67772674560547,102.60210418701172,3402.0
4,7,-16.49536895751953,10.553750991821289,376.0
4,8,-6.343707084655762,8.28601360321045,5.0
4,9,-31.006149291992188,493.3555603027344,625.0
4,10,-25.846969604492188,640.175537109375,1675.0
4,11,-23.294458389282227,105.51907348632812,66.0
4,12,-7.363376617431641,6.30185604095459,3.0
4,13,-36.53851318359375,184.89491271972656,1507.0
4,14,-20.623090744018555,967.1594848632812,748.0
4,15,-33.42794418334961,65.26742553710938,30.0
4,16,-9.607616424560547,11.044185638427734,29.0
4,17,-14.681788444519043,133.47703552246094,100.0
4,18,-20.156179428100586,23815.447265625,1367.0
4,19,-23.050582885742188,26.921907424926758,85.0
4,20,-16.373336791992188,26.43442726135254,21.0
4,21,-12.95352554321289,75.02655029296875,71.0
4,22,-10.928224563598633,8.896384239196777,23.0
4,23,-7.245302200317383,2.815227746963501,2.0
4,24,-7.636386871337891,12.749122619628906,9.0
4,25,-4.545995712280273,4.550931453704834,3.0
4,26,-8.545001029968262,8.467626571655273,18.0
4,27,-22.633811950683594,92.458740234375,314.0
4,28,-38.91297149658203,129.5570526123047,190.0
4,29,-22.956859588623047,26.5638484954834,142.0
4,30,-20.047855377197266,55.12321853637695,30.0
4,31,-8.47274398803711,16.8482723236084,26.0
4,32,-10.966593742370605,15.512535095214844,266.0
4,33,-29.314022064208984,39.02696228027344,99.0
4,34,-14.618409156799316,130.68675231933594,225.0
4,35,-8.477132797241211,16.87293815612793,35.0
4,36,-21.71117401123047,1389.998779296875,1643.0
4,37,-24.51184844970703,11.60208511352539,184.0
4,38,-45.249122619628906,61.163856506347656,11501.0
4,39,-11.06379508972168,39.96210861206055,60.0
4,40,-12.244743347167969,59.23905563354492,96.0
4,41,-12.121479034423828,20.70488739013672,53.0
4,42,-11.071859359741211,253.64349365234375,335.0
4,43,-39.32911682128906,702.6458129882812,3162.0
4,44,-4.571942329406738,9.835232734680176,5.0
4,45,-11.228981018066406,6.498015403747559,13.0
4,46,-16.75664520263672,266.5464172363281,213.0
4,47,-10.678403854370117,14.434208869934082,41.0
4,48,-25.089157104492188,529.6885986328125,3869.0
4,49,-19.356359481811523,8.590926170349121,34.0
4,50,-18.721824645996094,513.1705322265625,4106.0
4,51,-14.5394287109375,127.2910385131836,136.0
4,52,-9.444931983947754,6.6126627922058105,40.0
4,53,-10.355365753173828,31.556785583496094,159.0
4,54,-34.75202941894531,327.66937255859375,6599.0
4,55,-18.288299560546875,21.074207305908203,33.0
4,56,-9.305864334106445,22.241384506225586,21.0
4,57,-8.964778900146484,9.404560089111328,3.0
4,58,-15.225252151489258,44.984275817871094,350.0
4,59,-31.977279663085938,96.36884307861328,722.0
4,60,-12.3614501953125,21.98504638671875,130.0
4,61,-12.224571228027344,58.842079162597656,32.0
4,62,-23.020282745361328,315.7878723144531,159.0
4,63,-11.856618881225586,5.440128326416016,15.0
4,64,-22.84372901916504,96.42308044433594,45.0
4,65,-7.297926902770996,11.388935089111328,14.0
4,66,-15.244433403015137,12.689042091369629,6.0
4,67,-16.880889892578125,29.258731842041016,19.0
4,68,-26.200565338134766,26.445093154907227,228.0
4,69,-8.768949508666992,18.596681594848633,9.0
4,70,-10.610414505004883,14.190938949584961,43.0
4,71,-70.22618103027344,80.57080078125,54305.0
4,72,-13.434672355651855,28.750871658325195,26.0
4,73,-14.672779083251953,39.18111038208008,22.0
4,74,-12.456367492675781,63.568782806396484,48.0
4,75,-15.033814430236816,3.500192165374756,8.0
4,76,-8.269976615905762,5.227824687957764,10.0
4,77,-14.4661865234375,18.051654815673828,67.0
4,78,-24.358972549438477,57.96438217163086,112.0
4,79,-22.546289443969727,9.531754493713379,54.0
4,80,-9.776668548583984,7.066277027130127,30.0
4,81,-10.946630477905273,3.928779363632202,98.0
4,82,-10.936566352844238,8.911239624023438,4.0
4,83,-27.225555419921875,11.882306098937988,201.0
4,84,-6.861859321594238,9.84817886352539,21.0
4,85,-4.511696815490723,9.543386459350586,3.0
4,86,-8.985161781311035,19.986440658569336,11.0
4,87,-32.555908203125,58.527015686035156,114.0
4,88,-29.03689193725586,37.69816589355469,30.0
4,89,-16.318584442138672,26.146541595458984,93.0
4,90,-13.484272956848145,14.833003044128418,191.0
4,91,-19.503808975219727,25.806720733642578,45.0
4,92,-5.634238243103027,6.54093074798584,3.0
4,93,-26.445884704589844,198.1802520751953,156.0
4,94,-12.963353157043457,13.365418434143066,5.0
4,95,-15.95207405090332,4.929351329803467,28.0
4,96,-9.174269676208496,21.2868595123291,23.0
4,97,-5.090456008911133,5.4565606117248535,5.0
4,98,-27.241436004638672,11.8994722366333,53.0
4,99,-16.20602035522461,7.581814765930176,189.0
4,100,-23.156980514526367,27.334238052368164,408.0
4,101,-28.570056915283203,13.42713737487793,348.0
4,102,-19.692842483520508,137.4431915283203,68.0
4,103,-17.06573486328125,295.47320556640625,2691.0
4,104,-26.017967224121094,5840.99267578125,16987.0
4,105,-48.10807800292969,122.8307876586914,731.0
4,106,-35.138832092285156,151.3860321044922,342.0
4,107,-12.508432388305664,64.68164825439453,29.0
4,108,-22.612443923950195,92.06442260742188,116.0
4,109,-8.60396957397461,17.601600646972656,11.0
4,110,-19.056697845458984,117.23429870605469,1623.0
4,111,-10.312854766845703,5.577881813049316,16.0
4,112,-29.452404022216797,361.57916259765625,499.0
4,113,-13.409263610839844,28.56882095336914,36.0
4,114,-7.997325420379639,7.384117126464844,8.0
4,115,-31.372800827026367,186.56884765625,960.0
4,116,-15.956960678100586,14.289050102233887,36.0
4,117,-4.53195858001709,1.9106101989746094,1.0
4,118,-24.384849548339844,3.8756520748138428,25.0
4,119,-6.181552886962891,2.165592908859253,5.0
4,120,-10.374393463134766,31.757568359375,85.0
4,121,-14.207490921020508,10.675113677978516,57.0
4,122,-23.865962982177734,8.755069732666016,61.0
4,123,-6.65059757232666,5.273263454437256,2.0
4,124,-18.53396987915039,21.954999923706055,54.0
4,125,-15.408422470092773,47.09211730957031,190.0
4,126,-12.7447509765625,69.98287200927734,647.0
4,127,-14.72554874420166,135.43832397460938,208.0
4,128,-20.602659225463867,30.993473052978516,13.0
4,129,-25.64333152770996,38.9910888671875,97.0
4,130,-14.531583786010742,1430.5179443359375,1709.0
4,131,-39.37560272216797,137.27008056640625,916.0
4,132,-27.17658805847168,92.70582580566406,432.0
4,133,-16.648700714111328,16.035154342651367,47.0
4,134,-20.75048065185547,1009.1127319335938,660.0
4,135,-11.12253189086914,260.1519775390625,49.0
4,136,-2.5236008167266846,2.3191490173339844,2.0
4,137,-8.884210586547852,9.217028617858887,5.0
4,138,-10.921161651611328,6.173053741455078,5.0
4,139,-19.030759811401367,15.160295486450195,60.0
4,140,-18.56370735168457,40.96595764160156,25.0
4,141,-13.662324905395508,15.37073040008545,45.0
4,142,-8.126535415649414,7.626537322998047,2.0
4,143,-9.917654991149902,27.272668838500977,135.0
4,144,-10.333150863647461,31.323970794677734,84.0
4,145,-9.461355209350586,10.647644996643066,12.0
4,146,-6.940208911895752,32.14010238647461,11.0
4,147,-11.16378116607666,4.927470684051514,19.0
4,148,-2.667968273162842,2.433480978012085,2.0
4,149,-32.12924575805664,617.6049194335938,594.0
4,150,-12.625298500061035,67.25105285644531,32.0
4,151,-20.195859909057617,56.779319763183594,54.0
4,152,-10.292377471923828,30.901123046875,44.0
4,153,-13.334163665771484,14.394306182861328,19.0
4,154,-22.83059310913086,301.1620178222656,903.0
4,155,-20.008493423461914,148.7286376953125,73.0
4,156,-11.973690032958984,54.12141799926758,78.0
4,157,-15.42273998260498,170.8717803955078,203.0
4,158,-7.012888431549072,5.77317476272583,9.0
4,159,-12.976037979125977,657.2201538085938,1193.0
4,160,-11.417634010314941,44.96470642089844,24.0
4,161,-15.739720344543457,13.780943870544434,36.0
4,162,-20.49884796142578,9.753730773925781,131.0
4,163,-6.0721049308776855,7.568803310394287,10.0
4,164,-10.281150817871094,30.785701751708984,11.0
4,165,-20.37936782836914,29.861242294311523,37.0
4,166,-21.780982971191406,2.691354751586914,34.0
4,167,-20.679790496826172,19.18743896484375,106.0
4,168,-5.424749374389648,2.9592912197113037,3.0
4,169,-11.567293167114258,18.026147842407227,17.0
4,170,-20.899812698364258,32.56708526611328,44.0
4,171,-18.475200653076172,40.2471923828125,273.0
4,172,-14.617652893066406,11.430389404296875,26.0
4,173,-12.465608596801758,12.09898567199707,265.0
4,174,-22.87722396850586,26.263362884521484,12.0
4,175,-25.35318946838379,159.27586364746094,234.0
4,176,-17.136585235595703,17.39351463317871,23.0
4,177,-17.546998977661133,2.80716872215271,13.0
4,178,-27.323524475097656,6.181545257568359,20.0
4,179,-15.293771743774414,2094.1142578125,6637.0
4,180,-19.29743194580078,124.50650024414062,50.0
4,181,-14.133264541625977,111.1730728149414,344.0
4,182,-19.232219696044922,122.49312591552734,66.0
4,183,-13.907999038696289,32.36248016357422,22.0
4,184,-41.140647888183594,356.8214111328125,856.0
4,185,-14.87536907196045,8.37333869934082,70.0
4,186,-16.63722801208496,27.867063522338867,234.0
4,187,-12.620452880859375,550.1694946289062,1565.0
4,188,-13.392450332641602,86.84716796875,2259.0
4,189,-9.925250053405762,27.341798782348633,18.0
4,190,-31.016565322875977,48.282569885253906,62.0
4,191,-22.846660614013672,96.47965240478516,1627.0
4,192,-17.411766052246094,18.209821701049805,32.0
4,193,-12.555967330932617,23.08058738708496,24.0
4,194,-16.574155807495117,3972.2099609375,452.0
4,195,-9.208525657653809,9.995464324951172,60.0
4,196,-20.869441986083984,184.44671630859375,8680.0
4,197,-11.741389274597168,18.828041076660156,900.0
4,198,-29.73897933959961,19.56804656982422,408.0
4,199,-29.736858367919922,382.7459716796875,6806.0
4,200,-62.278953552246094,120.38423156738281,17547.0
4,201,-9.458500862121582,113.21067810058594,126.0
4,202,-7.6512017250061035,45.860347747802734,50.0
4,203,-44.33667755126953,84.23981475830078,4219.0
4,204,-12.279703140258789,21.54030418395996,6.0
4,205,-16.23098373413086,25.692440032958984,500.0
4,206,-7.43831729888916,6.421035289764404,45.0
4,207,-19.32541275024414,125.3805160522461,1899.0
4,208,-25.084514617919922,4279.1279296875,2851.0
4,209,-25.44293975830078,24.055591583251953,2446.0
4,210,-19.39415740966797,48.36765670776367,51.0
4,211,-24.241798400878906,3231.170654296875,11574.0
4,212,-9.382843017578125,10.440690994262695,13.0
4,213,-19.089839935302734,580.14599609375,1503.0
4,214,-18.398223876953125,99.44014739990234,332.0
4,215,-48.61627197265625,57.4753303527832,118.0
4,216,-13.838920593261719,31.808391571044922,61.0
4,217,-18.131053924560547,421.4429626464844,377.0
4,218,-11.753278732299805,18.88408851623535,16.0
4,219,-26.832416534423828,819.0164794921875,581.0
4,220,-23.357357025146484,2406.156005859375,16607.0
4,221,-6.616946697235107,3.7561304569244385,4.0
4,222,-22.97980499267578,26.65106964111328,182.0
4,223,-4.964328765869141,5.231909275054932,3.0
4,224,-2.331287145614624,3.207986831665039,1.0
4,225,-17.17516326904297,11.630078315734863,186.0
4,226,-15.755916595458984,190.94247436523438,326.0
4,227,-14.442095756530762,36.98542785644531,173.0
4,228,-11.45360279083252,5.135765552520752,64.0
4,229,-38.07548522949219,23.87799072265625,163.0
4,230,-24.091262817382812,11.124237060546875,241.0
4,231,-10.979126930236816,6.232980251312256,5.0
4,232,-1.9881737232208252,1.9400709867477417,1.0
4,233,-11.276762962341309,42.90210723876953,159.0
4,234,-15.654478073120117,50.07988739013672,82.0
4,235,-18.11151123046875,92.56192016601562,193.0
4,236,-9.961798667907715,27.676939010620117,32.0
4,237,-46.856143951416016,11745.5439453125,14184.0
4,238,-63.45036315917969,197.8542022705078,9517.0
4,239,-9.001762390136719,4.483005523681641,7.0
4,240,-19.22774887084961,24.64625358581543,1108.0
4,241,-10.420246124267578,32.24668884277344,149.0
4,242,-40.48773193359375,325.04437255859375,1536.0
4,243,-31.719850540161133,92.88919830322266,474.0
4,244,-6.815760612487793,9.698004722595215,3.0
4,245,-12.538778305053711,12.277345657348633,43.0
4,246,-10.203508377075195,12.818342208862305,42.0
4,247,-22.937942504882812,45.740787506103516,224.0
4,248,-12.532621383666992,5.991695880889893,4.0
4,249,-13.957454681396484,16.305313110351562,45.0
4,250,-34.77384567260742,77.22557830810547,1482.0
4,251,-20.1655216217041,56.43584060668945,281.0
4,252,-22.63917350769043,16.943710327148438,34.0
4,253,-34.44891357421875,982.1881713867188,754.0
4,254,-19.894344329833984,27.54233169555664,159.0
4,255,-20.05040740966797,17.53754234313965,57.0
4,256,-17.867095947265625,87.07536315917969,121.0
4,257,-15.256549835205078,45.3376350402832,694.0
4,258,-8.733716011047363,5.735891819000244,6.0
4,259,-20.837121963500977,64.5489730834961,1735.0
4,260,-9.738211631774902,25.689199447631836,75.0
4,261,-55.784881591796875,104.45331573486328,1732.0
4,262,-13.915163040161133,103.3775405883789,94.0
4,263,-22.81430435180664,95.85733032226562,253.0
4,264,-8.356902122497559,16.210092544555664,73.0
4,265,-10.697690963745117,35.37116622924805,333.0
4,266,-11.194376945495605,41.73995590209961,585.0
4,267,-16.786331176757812,66.4588394165039,198.0
4,268,-22.61649513244629,43.354732513427734,195.0
4,269,-3.5698623657226562,2.0420873165130615,1.0
4,270,-4.0210442543029785,2.2349276542663574,1.0
4,271,-16.860088348388672,16.61016273498535,135.0
4,272,-8.639402389526367,17.81072425842285,12.0
4,273,-12.274110794067383,21.510210037231445,43.0
4,274,-15.62453842163086,49.706443786621094,951.0
4,275,-9.40407943725586,10.496269226074219,77.0
4,276,-14.826058387756348,8.31456184387207,14.0
4,277,-21.12018585205078,196.37901306152344,1020.0
4,278,-41.749664306640625,389.2561950683594,938.0
4,279,-19.832637786865234,52.80086135864258,1141.0
4,280,-17.892929077148438,9.36159896850586,57.0
4,281,-13.18212604522705,80.96703338623047,197.0
4,282,-11.080636024475098,40.18707275390625,49.0
4,283,-15.1728515625,157.2154541015625,857.0
4,284,-14.594812393188477,18.522062301635742,546.0
4,285,-40.601844787597656,40.087989807128906,163.0
4,286,-44.06245422363281,54.90902328491211,231.0
4,287,-3.361067533493042,5.3684210777282715,3.0
4,288,-20.898714065551758,65.34904479980469,786.0
4,289,-42.16510009765625,67.79644775390625,510.0
4,290,-20.67131805419922,175.53341674804688,243.0
4,291,-12.490983009338379,22.708646774291992,209.0
4,292,-10.204389572143555,12.8211669921875,11.0
4,293,-2.3698153495788574,1.8084205389022827,1.0
4,294,-20.28240966796875,159.27023315429688,291.0
4,295,-6.403793811798096,24.579111099243164,61.0
4,296,-32.31446838378906,36.252071380615234,211.0
4,297,-25.892057418823242,40.40143966674805,307.0
4,298,-26.358694076538086,194.7543487548828,4281.0
4,299,-19.281566619873047,15379.3857421875,1042.0
4,300,-25.44099998474121,334536.09375,7416.0
4,301,-29.78022575378418,27.35540008544922,648.0
4,302,-12.012710571289062,20.149463653564453,38.0
4,303,-23.268983840942383,104.98281860351562,1634.0
6,0,-25.976341247558594,75.89797973632812,189.0
6,1,-4.1059465408325195,2.7912418842315674,2.0
6,2,-16.18020248413086,219.95010375976562,64.0
6,3,-9.837034225463867,26.549516677856445,117.0
6,4,-20.648578643798828,19.102073669433594,91.0
6,5,-33.401519775390625,40.9061279296875,242.0
6,6,-41.492916107177734,100.5167007446289,3164.0
6,7,-16.253847122192383,10.195822715759277,377.0
6,8,-6.283715724945068,8.121962547302246,5.0
6,9,-28.0754451751709,274.5378112792969,641.0
6,10,-24.635408401489258,472.8849182128906,1309.0
6,11,-20.484785079956055,60.15696334838867,70.0
6,12,-7.672144889831543,6.807576656341553,3.0
6,13,-35.51962661743164,159.84947204589844,1290.0
6,14,-20.437061309814453,909.0077514648438,767.0
6,15,-23.2278995513916,18.237638473510742,10.0
6,16,-9.591229438781738,10.99903392791748,30.0
6,17,-14.464975357055664,124.1708755493164,93.0
6,18,-20.13742446899414,23593.1640625,1425.0
6,19,-22.959510803222656,26.573915481567383,80.0
6,20,-16.38542938232422,26.49843978881836,23.0
6,21,-12.780107498168945,70.81253051757812,64.0
6,22,-10.779203414916992,8.635146141052246,22.0
6,23,-6.894997596740723,2.6778111457824707,2.0
6,24,-7.312111854553223,11.442912101745605,8.0
6,25,-4.425858020782471,4.372286319732666,2.0
6,26,-8.083773612976074,7.545440673828125,14.0
6,27,-18.795835494995117,42.91267395019531,63.0
6,28,-27.306955337524414,30.36739158630371,72.0
6,29,-22.417531967163086,24.594051361083984,119.0
6,30,-16.48731231689453,27.043926239013672,15.0
6,31,-8.420379638671875,16.556737899780273,25.0
6,32,-11.002294540405273,15.651607513427734,268.0
6,33,-22.56938362121582,16.796541213989258,34.0
6,34,-14.452259063720703,123.64562225341797,213.0
6,35,-8.3624267578125,16.239971160888672,34.0
6,36,-21.19792938232422,1171.4254150390625,1562.0
6,37,-24.50863265991211,11.598356246948242,174.0
6,38,-44.79228210449219,58.67570495605469,11216.0
6,39,-10.909820556640625,37.96281051635742,59.0
6,40,-11.969476699829102,54.04545593261719,89.0
6,41,-12.03538703918457,20.26401710510254,57.0
6,42,-10.901086807250977,232.88467407226562,336.0
6,43,-39.438045501708984,715.5186157226562,2968.0
6,44,-4.651484489440918,10.234273910522461,5.0
6,45,-11.30227279663086,6.577877998352051,13.0
6,46,-16.511802673339844,245.6565399169922,219.0
6,47,-10.855640411376953,15.088156700134277,42.0
6,48,-24.70745277404785,481.4792785644531,3926.0
6,49,-19.4946231842041,8.72392463684082,42.0
6,50,-18.575014114379883,488.66217041015625,4099.0
6,51,-14.653228759765625,132.21237182617188,152.0
6,52,-9.582474708557129,6.797092914581299,38.0
6,53,-10.290518760681152,30.881982803344727,158.0
6,54,-34.61353302001953,320.1925048828125,6872.0
6,55,-18.31502342224121,21.16827964782715,28.0
6,56,-9.26416301727295,21.934362411499023,22.0
6,57,-8.950053215026855,9.370001792907715,3.0
6,58,-15.167533874511719,44.33983612060547,389.0
6,59,-31.110145568847656,85.14080047607422,622.0
6,60,-12.324966430664062,21.78543472290039,133.0
6,61,-11.995624542236328,54.518577575683594,31.0
6,62,-22.574359893798828,282.4749755859375,170.0
6,63,-11.961719512939453,5.522425651550293,15.0
6,64,-19.68082046508789,51.221744537353516,42.0
6,65,-7.323781967163086,11.487512588500977,14.0
6,66,-15.267009735107422,12.73687744140625,6.0
6,67,-14.557106971740723,18.38290786743164,9.0
6,68,-22.03797149658203,15.717055320739746,202.0
6,69,-8.512951850891113,17.075599670410156,9.0
6,70,-10.63786506652832,14.288661003112793,40.0
6,71,-63.96178436279297,54.4678955078125,39705.0
6,72,-13.101411819458008,26.45256233215332,23.0
6,73,-14.511598587036133,37.633689880371094,20.0
6,74,-12.665699005126953,68.162841796875,59.0
6,75,-14.75113582611084,3.418703079223633,8.0
6,76,-8.203018188476562,5.158282279968262,10.0
6,77,-14.578962326049805,18.463438034057617,72.0
6,78,-21.181636810302734,34.13327407836914,23.0
6,79,-18.942325592041016,6.647445201873779,52.0
6,80,-9.58248519897461,6.797106742858887,25.0
6,81,-10.935270309448242,3.923204183578491,96.0
6,82,-7.842069625854492,4.799030780792236,3.0
6,83,-27.08855438232422,11.735236167907715,203.0
6,84,-6.801916599273682,9.653355598449707,22.0
6,85,-4.356877326965332,8.832505226135254,3.0
6,86,-8.825531005859375,18.950754165649414,10.0
6,87,-32.3618049621582,57.12407302856445,110.0
6,88,-24.19440460205078,20.579607009887695,28.0
6,89,-16.27914047241211,25.94108772277832,98.0
6,90,-13.784690856933594,15.751541137695312,210.0
6,91,-19.429357528686523,25.48847007751465,47.0
6,92,-5.52390193939209,6.3047332763671875,3.0
6,93,-22.880535125732422,97.13550567626953,157.0
6,94,-9.728536605834961,6.998580455780029,4.0
6,95,-15.908390045166016,4.907865047454834,31.0
6,96,-9.273818969726562,22.00507354736328,25.0
6,97,-4.827445030212402,4.998552322387695,5.0
6,98,-26.766948699951172,11.397100448608398,52.0
6,99,-16.169687271118164,7.547459125518799,179.0
6,100,-22.393482208251953,24.50969696044922,337.0
6,101,-27.9171142578125,12.653318405151367,293.0
6,102,-19.34773826599121,126.08226776123047,66.0
6,103,-15.949840545654297,203.6929473876953,2527.0
6,104,-25.921741485595703,5656.61083984375,17346.0
6,105,-44.71659851074219,87.50182342529297,646.0
6,106,-34.53098678588867,138.79502868652344,371.0
6,107,-12.413013458251953,62.6567268371582,30.0
6,108,-22.552711486816406,90.97114562988281,110.0
6,109,-8.662775039672852,17.950027465820312,11.0
6,110,-18.92587661743164,113.4621353149414,1614.0
6,111,-10.272636413574219,5.540618419647217,16.0
6,112,-26.120075225830078,185.67823791503906,163.0
6,113,-13.395833969116211,28.473064422607422,38.0
6,114,-7.813791751861572,7.052964210510254,6.0
6,115,-28.40974235534668,113.85858917236328,402.0
6,116,-15.7901611328125,13.897286415100098,36.0
6,117,-4.594204425811768,1.9276756048202515,1.0
6,118,-19.928707122802734,3.025723934173584,14.0
6,119,-6.1926774978637695,2.1686062812805176,5.0
6,120,-10.367840766906738,31.68828010559082,87.0
6,121,-14.102008819580078,10.489081382751465,54.0
6,122,-23.824077606201172,8.721795082092285,63.0
6,123,-6.6787261962890625,5.310476303100586,2.0
6,124,-18.468904495239258,21.718202590942383,54.0
6,125,-15.121332168579102,43.83063507080078,150.0
6,126,-12.784530639648438,70.9170150756836,664.0
6,127,-14.360370635986328,119.9158706665039,177.0
6,128,-18.327529907226562,21.21245002746582,13.0
6,129,-25.34442138671875,37.36116027832031,100.0
6,130,-14.258148193359375,1247.72119140625,1645.0
6,131,-33.2442512512207,63.785850524902344,847.0
6,132,-26.944908142089844,89.19438171386719,423.0
6,133,-16.59042739868164,15.880169868469238,40.0
6,134,-20.450138092041016,912.97900390625,554.0
6,135,-11.106210708618164,258.0376281738281,50.0
6,136,-2.6053783893585205,2.3832366466522217,2.0
6,137,-8.400810241699219,8.167824745178223,5.0
6,138,-10.845521926879883,6.0957207679748535,5.0
6,139,-20.22492027282715,17.98025894165039,73.0
6,140,-18.34808349609375,39.23686218261719,26.0
6,141,-13.726419448852539,15.569032669067383,45.0
6,142,-8.011026382446289,7.40945291519165,2.0
6,143,-9.817239761352539,26.37491226196289,132.0
6,144,-10.147384643554688,29.443159103393555,80.0
6,145,-9.489789009094238,10.723603248596191,13.0
6,146,-6.93651008605957,32.08071517944336,11.0
6,147,-10.951213836669922,4.780088424682617,19.0
6,148,-2.7220380306243896,2.4777379035949707,2.0
6,149,-31.912933349609375,591.45556640625,563.0
6,150,-12.324917793273926,60.84355926513672,32.0
6,151,-19.95130729675293,54.06903076171875,52.0
6,152,-10.239524841308594,30.36148452758789,44.0
6,153,-12.98486328125,13.423041343688965,18.0
6,154,-22.61528778076172,285.38006591796875,906.0
6,155,-19.637035369873047,135.53892517089844,58.0
6,156,-11.863555908203125,52.170570373535156,84.0
6,157,-15.259946823120117,161.84658813476562,203.0
6,158,-6.711915016174316,5.354721546173096,7.0
6,159,-12.863393783569336,621.2272338867188,1181.0
6,160,-11.175352096557617,41.476104736328125,24.0
6,161,-15.602096557617188,13.468443870544434,36.0
6,162,-20.339492797851562,9.582550048828125,122.0
6,163,-6.057811737060547,7.532829284667969,10.0
6,164,-10.148197174072266,29.45113182067871,10.0
6,165,-19.891019821166992,27.527074813842773,37.0
6,166,-21.34054946899414,2.6380105018615723,34.0
6,167,-20.56385612487793,18.872272491455078,109.0
6,168,-5.403461456298828,2.94671893119812,3.0
6,169,-11.231236457824707,16.57356834411621,14.0
6,170,-20.670244216918945,31.344558715820312,43.0
6,171,-18.23749351501465,38.37854766845703,280.0
6,172,-14.576911926269531,11.35303783416748,24.0
6,173,-12.163981437683105,11.3906888961792,267.0
6,174,-19.59588623046875,16.43498420715332,13.0
6,175,-25.039031982421875,149.5762481689453,223.0
6,176,-17.273326873779297,17.79447364807129,23.0
6,177,-17.27770233154297,2.7630510330200195,14.0
6,178,-27.395978927612305,6.211476802825928,21.0
6,179,-15.105982780456543,1906.4371337890625,6487.0
6,180,-18.82213592529297,110.55730438232422,46.0
6,181,-14.225152015686035,114.63090515136719,378.0
6,182,-19.226139068603516,122.30706024169922,67.0
6,183,-13.880369186401367,32.13970947265625,22.0
6,184,-40.860145568847656,342.8055725097656,893.0
6,185,-14.492530822753906,7.927689552307129,66.0
6,186,-14.816883087158203,19.36324119567871,115.0
6,187,-12.421585083007812,498.0958557128906,1517.0
6,188,-13.35191535949707,85.68161010742188,2312.0
6,189,-9.58239459991455,24.38898468017578,17.0
6,190,-31.224681854248047,49.55510330200195,59.0
6,191,-22.135347366333008,83.68582916259766,1419.0
6,192,-17.50115966796875,18.483156204223633,35.0
6,193,-12.485006332397461,22.674741744995117,22.0
6,194,-16.44017791748047,3714.8330078125,464.0
6,195,-9.2203369140625,10.025022506713867,62.0
6,196,-20.467361450195312,166.80747985839844,8344.0
6,197,-11.688470840454102,18.580595016479492,931.0
6,198,-29.186466217041016,18.516210556030273,345.0
6,199,-29.057701110839844,334.1333312988281,5157.0
6,200,-57.92771911621094,86.14038848876953,9306.0
6,201,-9.618947982788086,122.66707611083984,148.0
6,202,-7.834343433380127,50.25810241699219,62.0
6,203,-44.39043045043945,84.69385528564453,4261.0
6,204,-12.559462547302246,23.10076332092285,6.0
6,205,-15.85095500946045,23.812034606933594,507.0
6,206,-7.264584541320801,6.14811897277832,43.0
6,207,-19.007335662841797,115.79644775390625,1843.0
6,208,-24.611957550048828,3655.49267578125,2852.0
6,209,-25.3033504486084,23.639495849609375,2464.0
6,210,-16.12929916381836,25.175212860107422,18.0
6,211,-23.900142669677734,2883.3681640625,12551.0
6,212,-9.341894149780273,10.334352493286133,12.0
6,213,-18.63628578186035,498.74517822265625,1461.0
6,214,-18.048198699951172,91.10836791992188,273.0
6,215,-44.385894775390625,40.3997917175293,108.0
6,216,-13.443113327026367,28.811607360839844,49.0
6,217,-18.17898941040039,428.2312316894531,434.0
6,218,-11.881002426147461,19.49680519104004,22.0
6,219,-22.368053436279297,268.27520751953125,508.0
6,220,-22.952049255371094,2102.080810546875,16195.0
6,221,-6.515585899353027,3.6807520389556885,3.0
6,222,-23.136564254760742,27.25463104248047,190.0
6,223,-4.882123947143555,5.0904927253723145,3.0
6,224,-2.3551249504089355,3.2464513778686523,1.0
6,225,-16.3758544921875,10.375089645385742,167.0
6,226,-15.34261703491211,166.3686065673828,292.0
6,227,-14.384578704833984,36.4574089050293,182.0
6,228,-10.96838092803955,4.791826248168945,49.0
6,229,-35.986724853515625,20.063329696655273,162.0
6,230,-24.72906494140625,11.856860160827637,261.0
6,231,-10.795684814453125,6.045298099517822,5.0
6,232,-1.9511780738830566,1.9162931442260742,1.0
6,233,-11.104548454284668,40.50867462158203,151.0
6,234,-15.630345344543457,49.778656005859375,83.0
6,235,-18.09523582458496,92.18606567382812,202.0
6,236,-10.127772331237793,29.25130271911621,33.0
6,237,-46.130096435546875,10158.021484375,14006.0
6,238,-60.57672882080078,155.72021484375,9709.0
6,239,-8.778047561645508,4.3189311027526855,7.0
6,240,-19.382116317749023,25.28857421875,1340.0
6,241,-10.08023452758789,28.791439056396484,126.0
6,242,-39.801429748535156,294.6883544921875,1483.0
6,243,-27.766311645507812,52.80552673339844,45.0
6,244,-6.91314697265625,10.017989158630371,6.0
6,245,-12.40106201171875,11.943801879882812,44.0
6,246,-10.013467788696289,12.223581314086914,36.0
6,247,-22.32891845703125,41.32577133178711,228.0
6,248,-12.343794822692871,5.832229137420654,4.0
6,249,-13.81226634979248,15.838652610778809,51.0
6,250,-34.62732696533203,75.82408142089844,1599.0
6,251,-19.914871215820312,53.676448822021484,235.0
6,252,-22.68688201904297,17.04505729675293,27.0
6,253,-34.29304122924805,952.0411376953125,804.0
6,254,-19.264450073242188,24.797473907470703,118.0
6,255,-19.782634735107422,16.879343032836914,60.0
6,256,-17.78176498413086,85.23748016357422,117.0
6,257,-15.333433151245117,46.21748733520508,730.0
6,258,-8.502304077148438,5.476470470428467,6.0
6,259,-20.495899200439453,60.29081726074219,1456.0
6,260,-9.556327819824219,24.177988052368164,69.0
6,261,-52.20524215698242,77.51229858398438,1117.0
6,262,-13.62260627746582,93.77223205566406,88.0
6,263,-22.526290893554688,90.49169158935547,247.0
6,264,-8.402619361877441,16.459009170532227,75.0
6,265,-10.494973182678223,33.06000900268555,324.0
6,266,-11.040843963623047,39.657554626464844,573.0
6,267,-16.665557861328125,64.48221588134766,202.0
6,268,-22.52936553955078,42.72970199584961,190.0
6,269,-3.5585365295410156,2.0374667644500732,1.0
6,270,-3.988483190536499,2.2204205989837646,1.0
6,271,-16.911422729492188,16.752883911132812,133.0
6,272,-8.382410049438477,16.3485107421875,11.0
6,273,-12.308281898498535,21.694753646850586,41.0
6,274,-15.279126167297363,45.5942497253418,937.0
6,275,-9.136484146118164,9.81705379486084,69.0
6,276,-14.933456420898438,8.443111419677734,14.0
6,277,-21.03073501586914,192.0361785888672,1088.0
6,278,-41.02458953857422,350.9542236328125,793.0
6,279,-19.309814453125,47.55860900878906,926.0
6,280,-17.88628387451172,9.353826522827148,56.0
6,281,-12.951676368713379,74.98030090332031,171.0
6,282,-10.860400199890137,37.34254837036133,45.0
6,283,-15.388238906860352,168.91795349121094,920.0
6,284,-14.529398918151855,18.281320571899414,517.0
6,285,-40.864803314208984,41.0578498840332,190.0
6,286,-43.770137786865234,53.46906661987305,260.0
6,287,-3.321775197982788,5.263981342315674,3.0
6,288,-20.27189826965332,57.64937973022461,681.0
6,289,-42.31189727783203,68.79903411865234,509.0
6,290,-20.06842803955078,150.97390747070312,252.0
6,291,-12.0621919631958,20.400266647338867,193.0
6,292,-9.983607292175293,12.132670402526855,10.0
6,293,-2.2566614151000977,1.7579798698425293,1.0
6,294,-20.033205032348633,149.65029907226562,291.0
6,295,-6.499760150909424,25.787248611450195,66.0
6,296,-32.26178741455078,36.04049301147461,205.0
6,297,-25.759096145629883,39.641273498535156,293.0
6,298,-25.4674072265625,162.95620727539062,3624.0
6,299,-19.001686096191406,13370.994140625,1050.0
6,300,-25.148513793945312,289021.65625,7392.0
6,301,-29.335988998413086,26.037931442260742,594.0
6,302,-12.082741737365723,20.505342483520508,36.0
6,303,-22.483924865722656,89.72820281982422,1421.0
8,0,-25.65782928466797,71.97398376464844,158.0
8,1,-4.014838695526123,2.728384494781494,2.0
8,2,-16.05059814453125,210.6502685546875,81.0
8,3,-10.103405952453613,29.014680862426758,155.0
8,4,-18.035396575927734,13.150834083557129,92.0
8,5,-32.87718963623047,38.5910758972168,210.0
8,6,-41.45586013793945,100.10372161865234,3022.0
8,7,-16.114246368408203,9.994501113891602,389.0
8,8,-6.284031867980957,8.122818946838379,5.0
8,9,-20.726661682128906,63.13860321044922,657.0
8,10,-22.648765563964844,287.7785949707031,784.0
8,11,-14.816779136657715,19.362838745117188,80.0
8,12,-8.05933952331543,7.4994893074035645,3.0
8,13,-33.9193115234375,127.18158721923828,863.0
8,14,-20.524892807006836,936.0144653320312,790.0
8,15,-11.013219833374023,3.961617946624756,11.0
8,16,-9.612300872802734,11.057126998901367,37.0
8,17,-14.472248077392578,124.47225952148438,117.0
8,18,-20.402416229248047,26935.708984375,1583.0
8,19,-22.40259552001953,24.541627883911133,74.0
8,20,-16.474185943603516,26.9730224609375,28.0
8,21,-12.672547340393066,68.31864166259766,58.0
8,22,-10.797872543334961,8.667448997497559,26.0
8,23,-6.41552734375,2.500533103942871,2.0
8,24,-6.762314319610596,9.526761054992676,5.0
8,25,-4.426948547363281,4.373875617980957,2.0
8,26,-7.134133815765381,5.9508466720581055,9.0
8,27,-14.604156494140625,18.556705474853516,59.0
8,28,-14.672465324401855,6.259235858917236,46.0
8,29,-21.88286590576172,22.785484313964844,105.0
8,30,-10.102436065673828,7.541999816894531,12.0
8,31,-8.295544624328613,15.88192367553711,22.0
8,32,-11.035829544067383,15.783378601074219,257.0
8,33,-14.499956130981445,6.125709533691406,20.0
8,34,-14.593555450439453,129.6085205078125,220.0
8,35,-7.972517013549805,14.260675430297852,32.0
8,36,-20.44335174560547,910.9160766601562,1410.0
8,37,-24.399927139282227,11.472957611083984,170.0
8,38,-45.04346466064453,60.030967712402344,11832.0
8,39,-10.580865859985352,34.020233154296875,61.0
8,40,-11.796953201293945,51.02510452270508,80.0
8,41,-12.075475692749023,20.468128204345703,55.0
8,42,-11.051323890686035,251.05245971679688,393.0
8,43,-39.70147705078125,747.6334228515625,2828.0
8,44,-4.788188934326172,10.958270072937012,6.0
8,45,-11.599050521850586,6.9114203453063965,12.0
8,46,-15.84253978729248,196.53619384765625,239.0
8,47,-10.987350463867188,15.593242645263672,40.0
8,48,-24.021575927734375,405.61077880859375,3848.0
8,49,-19.359989166259766,8.594392776489258,42.0
8,50,-18.402103424072266,461.2935485839844,4005.0
8,51,-14.88045883178711,142.61563110351562,177.0
8,52,-9.703390121459961,6.963470458984375,40.0
8,53,-10.709609985351562,35.51197814941406,203.0
8,54,-34.21752166748047,299.7414855957031,7637.0
8,55,-18.722537994384766,22.655963897705078,26.0
8,56,-9.124128341674805,20.934030532836914,26.0
8,57,-8.887094497680664,9.223675727844238,3.0
8,58,-15.138544082641602,44.01964569091797,413.0
8,59,-29.760482788085938,70.21048736572266,389.0
8,60,-12.097654342651367,20.581932067871094,127.0
8,61,-11.75810432434082,50.36860275268555,32.0
8,62,-22.533828735351562,279.6271667480469,184.0
8,63,-12.289739608764648,5.787365436553955,15.0
8,64,-13.333181381225586,14.391477584838867,33.0
8,65,-7.37127685546875,11.67082691192627,13.0
8,66,-15.128320693969727,12.445845603942871,6.0
8,67,-8.026927947998047,4.979779243469238,7.0
8,68,-18.54339599609375,10.154576301574707,183.0
8,69,-8.312275886535645,15.970746040344238,9.0
8,70,-10.485970497131348,13.756240844726562,39.0
8,71,-45.61632537841797,17.305431365966797,1544.0
8,72,-12.808065414428711,24.582046508789062,22.0
8,73,-14.423650741577148,36.81527328491211,20.0
8,74,-13.127304077148438,79.50088500976562,113.0
8,75,-13.924065589904785,3.191014051437378,7.0
8,76,-8.021178245544434,4.974055767059326,10.0
8,77,-14.908931732177734,19.7230167388916,77.0
8,78,-13.560489654541016,9.583869934082031,14.0
8,79,-15.831466674804688,4.8702569007873535,52.0
8,80,-8.934440612792969,5.9708428382873535,19.0
8,81,-11.158426284790039,4.034181118011475,105.0
8,82,-4.761457443237305,2.591641664505005,3.0
8,83,-26.631887435913086,11.258018493652344,214.0
8,84,-7.034633636474609,10.431999206542969,25.0
8,85,-4.309455871582031,8.625543594360352,3.0
8,86,-9.091985702514648,20.710935592651367,5.0
8,87,-32.49913787841797,58.11316680908203,110.0
8,88,-16.321056365966797,7.691624641418457,27.0
8,89,-15.920600891113281,24.146034240722656,70.0
8,90,-14.153432846069336,16.95709800720215,236.0
8,91,-18.988018035888672,23.68092155456543,28.0
8,92,-5.108530044555664,5.489533424377441,2.0
8,93,-14.829429626464844,19.41189193725586,128.0
8,94,-6.6549224853515625,3.7847673892974854,3.0
8,95,-15.616449356079102,4.766655921936035,37.0
8,96,-9.653556823730469,24.97442626953125,32.0
8,97,-4.535184860229492,4.534560680389404,5.0
8,98,-26.20966148376465,10.834076881408691,51.0
8,99,-16.364885330200195,7.733880043029785,184.0
8,100,-21.182483673095703,20.61603546142578,208.0
8,101,-26.77973175048828,11.410351753234863,209.0
8,102,-19.199003219604492,121.48014068603516,58.0
8,103,-13.314347267150879,84.61534118652344,2151.0
8,104,-26.12773895263672,6058.67626953125,17999.0
8,105,-42.171417236328125,67.83929443359375,459.0
8,106,-33.26565933227539,115.84312438964844,430.0
8,107,-12.47461986541748,63.95671081542969,39.0
8,108,-22.769622802734375,95.00453186035156,126.0
8,109,-8.870340347290039,19.23593521118164,12.0
8,110,-19.226112365722656,122.30624389648438,1969.0
8,111,-10.14593505859375,5.424843788146973,14.0
8,112,-19.394489288330078,48.37087631225586,69.0
8,113,-13.191497802734375,27.055070877075195,40.0
8,114,-7.640322685241699,6.753633499145508,6.0
8,115,-20.85301399230957,32.314056396484375,170.0
8,116,-15.120800018310547,12.430253982543945,31.0
8,117,-4.479352951049805,1.8963055610656738,2.0
8,118,-17.62881088256836,2.6628005504608154,16.0
8,119,-5.945777893066406,2.1026999950408936,4.0
8,120,-10.370002746582031,31.71112823486328,88.0
8,121,-14.118602752685547,10.518131256103516,53.0
8,122,-24.307903289794922,9.113978385925293,66.0
8,123,-6.714165210723877,5.357734680175781,2.0
8,124,-18.381263732910156,21.403276443481445,46.0
8,125,-14.67555046081543,39.20826721191406,122.0
8,126,-12.817694664001465,71.70531463623047,723.0
8,127,-13.988106727600098,105.92191314697266,151.0
8,128,-13.569967269897461,9.59902286529541,14.0
8,129,-24.706768035888672,34.108219146728516,95.0
8,130,-14.045524597167969,1121.88134765625,1765.0
8,131,-20.31995964050293,12.679607391357422,757.0
8,132,-26.579599380493164,83.9258041381836,379.0
8,133,-16.67245864868164,16.098772048950195,40.0
8,134,-19.977352142333984,779.8621826171875,398.0
8,135,-11.402339935302734,299.2172546386719,57.0
8,136,-2.6251566410064697,2.399000406265259,2.0
8,137,-7.442904472351074,6.428402900695801,3.0
8,138,-10.704951286315918,5.954567909240723,5.0
8,139,-21.24706268310547,20.807111740112305,66.0
8,140,-18.241497039794922,38.40929412841797,24.0
8,141,-13.551507949829102,15.033809661865234,41.0
8,142,-7.847363471984863,7.112408638000488,2.0
8,143,-9.505308151245117,23.770280838012695,126.0
8,144,-10.015568733215332,28.177474975585938,77.0
8,145,-9.336724281311035,10.321004867553711,12.0
8,146,-6.871190547943115,31.049890518188477,10.0
8,147,-10.549718856811523,4.51363468170166,19.0
8,148,-2.894469738006592,2.624323844909668,2.0
8,149,-31.685972213745117,565.2083740234375,550.0
8,150,-11.845965385437012,51.86556625366211,25.0
8,151,-19.397571563720703,48.40069580078125,49.0
8,152,-10.13599681854248,29.331605911254883,44.0
8,153,-12.45450210571289,12.072142601013184,16.0
8,154,-22.65839385986328,288.4721374511719,1019.0
8,155,-19.811120986938477,141.56800842285156,57.0
8,156,-11.991198539733887,54.438209533691406,100.0
8,157,-15.085075378417969,152.6821746826172,194.0
8,158,-6.279717922210693,4.806309223175049,6.0
8,159,-12.980592727661133,658.7185668945312,1221.0
8,160,-10.954527854919434,38.532779693603516,28.0
8,161,-15.514404296875,13.273030281066895,37.0
8,162,-20.128183364868164,9.36018180847168,112.0
8,163,-6.1935625076293945,7.881520748138428,10.0
8,164,-9.92013931274414,27.29526138305664,10.0
8,165,-19.655078887939453,26.465618133544922,34.0
8,166,-21.209123611450195,2.622298240661621,32.0
8,167,-20.775575637817383,19.45179557800293,145.0
8,168,-5.350266456604004,2.9155349731445312,3.0
8,169,-10.61622428894043,14.211565971374512,12.0
8,170,-20.779830932617188,31.922311782836914,43.0
8,171,-18.366870880126953,39.38457107543945,284.0
8,172,-15.00217056274414,12.186901092529297,20.0
8,173,-11.873135566711426,10.747004508972168,233.0
8,174,-17.05340003967285,11.429525375366211,18.0
8,175,-24.50756072998047,134.4929962158203,194.0
8,176,-17.475440979003906,18.404102325439453,22.0
8,177,-17.129852294921875,2.7391245365142822,15.0
8,178,-27.66256332397461,6.322855472564697,22.0
8,179,-15.071678161621094,1874.01611328125,6259.0
8,180,-18.089200973510742,92.04708862304688,40.0
8,181,-14.393549919128418,121.24946594238281,463.0
8,182,-19.338926315307617,125.8048095703125,69.0
8,183,-13.48341178894043,29.10334014892578,19.0
8,184,-40.996490478515625,349.5481262207031,1034.0
8,185,-13.928040504455566,7.313486576080322,60.0
8,186,-9.557395935058594,6.763085842132568,13.0
8,187,-12.408742904663086,494.9078063964844,1599.0
8,188,-13.3741455078125,86.31887817382812,2299.0
8,189,-8.977439880371094,19.935060501098633,15.0
8,190,-31.232532501220703,49.603755950927734,55.0
8,191,-21.120513916015625,68.31319427490234,1165.0
8,192,-17.63939094543457,18.913925170898438,43.0
8,193,-12.386292457580566,22.122013092041016,23.0
8,194,-16.30171012878418,3466.341796875,482.0
8,195,-9.148824691772461,9.847387313842773,63.0
8,196,-20.075233459472656,151.23098754882812,7400.0
8,197,-11.628681182861328,18.304927825927734,1073.0
8,198,-27.862842559814453,16.22063446044922,263.0
8,199,-27.48238754272461,243.83154296875,2842.0
8,200,-49.522056579589844,45.12285614013672,781.0
8,201,-9.534326553344727,117.58521270751953,145.0
8,202,-7.741544723510742,47.979427337646484,55.0
8,203,-44.4730224609375,85.3962631225586,4286.0
8,204,-12.463056564331055,22.550655364990234,7.0
8,205,-15.627300262451172,22.770370483398438,552.0
8,206,-7.040926456451416,5.813784122467041,38.0
8,207,-18.73270034790039,108.11279296875,1790.0
8,208,-23.783903121948242,2773.783447265625,2520.0
8,209,-25.056549072265625,22.921348571777344,2260.0
8,210,-8.846036911010742,5.866201877593994,8.0
8,211,-23.252534866333008,2323.534912109375,11999.0
8,212,-9.460636138916016,10.645731925964355,12.0
8,213,-18.122364044189453,420.2241516113281,1385.0
8,214,-16.945985794067383,69.16510009765625,148.0
8,215,-40.1639518737793,28.4172420501709,102.0
8,216,-12.542949676513672,23.005596160888672,31.0
8,217,-18.541053771972656,483.1616516113281,555.0
8,218,-11.884584426879883,19.514270782470703,22.0
8,219,-17.92778968811035,88.40666961669922,375.0
8,220,-22.656089782714844,1904.6053466796875,15424.0
8,221,-6.603824138641357,3.7462852001190186,3.0
8,222,-23.537843704223633,28.8626708984375,178.0
8,223,-4.790210723876953,4.936896324157715,3.0
8,224,-2.431857109069824,3.373425006866455,1.0
8,225,-16.534862518310547,10.613462448120117,233.0
8,226,-14.942903518676758,145.61526489257812,272.0
8,227,-14.222433090209961,35.00910568237305,194.0
8,228,-12.134615898132324,5.660524845123291,82.0
8,229,-29.125526428222656,11.326295852661133,165.0
8,230,-26.15574073791504,13.675065040588379,288.0
8,231,-10.473203659057617,5.728959560394287,5.0
8,232,-1.9160189628601074,1.8939658403396606,1.0
8,233,-11.184378623962402,41.6010856628418,169.0
8,234,-16.178789138793945,57.093902587890625,85.0
8,235,-18.410642623901367,99.7493667602539,219.0
8,236,-10.183889389038086,29.80361557006836,33.0
8,237,-44.50371551513672,7337.42724609375,12904.0
8,238,-53.3378791809082,85.18482208251953,9508.0
8,239,-8.502798080444336,4.125276565551758,7.0
8,240,-19.305126190185547,24.966150283813477,1559.0
8,241,-9.70738410949707,25.426572799682617,118.0
8,242,-39.408538818359375,278.60394287109375,1584.0
8,243,-20.520732879638672,18.75636863708496,38.0
8,244,-6.916621208190918,10.029596328735352,7.0
8,245,-12.361740112304688,11.850237846374512,39.0
8,246,-9.920414924621582,11.942502975463867,37.0
8,247,-21.738664627075195,37.453895568847656,231.0
8,248,-12.15087604522705,5.673688888549805,3.0
8,249,-13.615663528442383,15.227951049804688,55.0
8,250,-34.5291748046875,74.89947509765625,1680.0
8,251,-19.846010208129883,52.94226837158203,171.0
8,252,-23.16912841796875,18.10414695739746,26.0
8,253,-33.915252685546875,882.7575073242188,893.0
8,254,-18.701019287109375,22.574851989746094,73.0
8,255,-19.59136962890625,16.42438316345215,70.0
8,256,-17.57528305053711,80.9491195678711,121.0
8,257,-15.668350219726562,50.253868103027344,890.0
8,258,-8.1638822555542,5.11806583404541,4.0
8,259,-19.86028289794922,53.09361267089844,976.0
8,260,-9.273945808410645,22.00600242614746,59.0
8,261,-45.99235153198242,46.1868896484375,1129.0
8,262,-13.428756713867188,87.90459442138672,82.0
8,263,-21.910717010498047,80.00935363769531,228.0
8,264,-8.471725463867188,16.842552185058594,73.0
8,265,-9.823007583618164,26.425670623779297,209.0
8,266,-10.596738815307617,34.200706481933594,480.0
8,267,-16.390729904174805,60.20060729980469,178.0
8,268,-22.55515480041504,42.91375732421875,183.0
8,269,-3.4812734127044678,2.0062246322631836,1.0
8,270,-4.058022499084473,2.2515175342559814,1.0
8,271,-17.085582733154297,17.24629020690918,131.0
8,272,-7.934830665588379,14.082649230957031,10.0
8,273,-12.046623229980469,20.321020126342773,36.0
8,274,-15.22977066040039,45.03512191772461,879.0
8,275,-8.885540962219238,9.220093727111816,64.0
8,276,-15.055913925170898,8.592113494873047,13.0
8,277,-20.57131004333496,171.19915771484375,928.0
8,278,-40.14305114746094,309.42681884765625,561.0
8,279,-18.45416831970215,40.07823944091797,560.0
8,280,-17.899288177490234,9.369043350219727,52.0
8,281,-12.846269607543945,72.39155578613281,140.0
8,282,-10.507272720336914,33.19582748413086,43.0
8,283,-15.746091842651367,190.3181915283203,971.0
8,284,-14.53105640411377,18.287382125854492,461.0
8,285,-41.288700103759766,42.670936584472656,252.0
8,286,-43.66777801513672,52.97383499145508,308.0
8,287,-3.2533133029937744,5.086839199066162,3.0
8,288,-19.415557861328125,48.57512283325195,526.0
8,289,-42.572044372558594,70.61231231689453,609.0
8,290,-19.385557174682617,127.27999114990234,241.0
8,291,-11.4757080078125,17.61810302734375,177.0
8,292,-10.160713195800781,12.68193244934082,8.0
8,293,-2.1481146812438965,1.7109156847000122,1.0
8,294,-19.68231964111328,137.0820770263672,237.0
8,295,-6.52231502532959,26.0797061920166,65.0
8,296,-32.327415466308594,36.304264068603516,222.0
8,297,-26.15595817565918,41.95364761352539,334.0
8,298,-24.4149112701416,132.0238037109375,3124.0
8,299,-18.91134262084961,12780.4423828125,1056.0
8,300,-24.9979305267334,268059.75,7277.0
8,301,-28.42120361328125,23.521421432495117,543.0
8,302,-12.330528259277344,21.815746307373047,37.0
8,303,-21.30467414855957,70.87621307373047,1003.0
10,0,-25.638486862182617,71.74235534667969,142.0
10,1,-4.003161907196045,2.720431327819824,1.0
10,2,-16.096940994262695,213.9295654296875,82.0
10,3,-10.377851486206055,31.79419708251953,186.0
10,4,-18.45077896118164,13.954829216003418,99.0
10,5,-32.27913284301758,36.110015869140625,154.0
10,6,-41.22681427001953,97.5882568359375,2908.0
10,7,-16.120107650756836,10.002873420715332,395.0
10,8,-6.165536880493164,7.808234214782715,5.0
10,9,-18.500532150268555,40.45160675048828,557.0
10,10,-22.02906608581543,246.47647094726562,590.0
10,11,-13.947227478027344,16.271991729736328,72.0
10,12,-8.26608943939209,7.897311210632324,3.0
10,13,-31.932321548461914,95.75189208984375,500.0
10,14,-20.574810028076172,951.7193603515625,745.0
10,15,-8.350629806518555,2.8400700092315674,12.0
10,16,-9.911633491516113,11.916314125061035,38.0
10,17,-14.55001163482666,127.7408676147461,127.0
10,18,-20.79458999633789,32770.859375,1702.0
10,19,-22.004894256591797,23.18617820739746,72.0
10,20,-16.632051467895508,27.838232040405273,32.0
10,21,-12.683050155639648,68.55823516845703,51.0
10,22,-10.736507415771484,8.561722755432129,26.0
10,23,-6.10671329498291,2.3926167488098145,2.0
10,24,-6.600880146026611,9.027660369873047,6.0
10,25,-4.434244632720947,4.384526252746582,2.0
10,26,-6.5382585525512695,5.127225399017334,7.0
10,27,-13.465152740478516,14.776389122009277,68.0
10,28,-12.729873657226562,4.909804821014404,35.0
10,29,-22.157806396484375,23.698246002197266,78.0
10,30,-8.40453052520752,5.370419502258301,9.0
10,31,-8.252580642700195,15.65609359741211,20.0
10,32,-11.047179222106934,15.828227043151855,205.0
10,33,-13.580709457397461,5.460763931274414,21.0
10,34,-14.497514724731445,125.52497100830078,257.0
10,35,-7.631789684295654,12.729598045349121,27.0
10,36,-19.987138748168945,782.41064453125,1261.0
10,37,-24.168642044067383,11.210649490356445,156.0
10,38,-45.533653259277344,62.76658630371094,12431.0
10,39,-10.366289138793945,31.671897888183594,57.0
10,40,-11.69245719909668,49.27839660644531,63.0
10,41,-12.001161575317383,20.091371536254883,51.0
10,42,-11.399697303771973,298.8221740722656,497.0
10,43,-39.884185791015625,770.7500610351562,2667.0
10,44,-4.695138454437256,10.460112571716309,5.0
10,45,-11.85639762878418,7.21430778503418,12.0
10,46,-15.495972633361816,175.09422302246094,243.0
10,47,-10.9498872756958,15.447880744934082,44.0
10,48,-24.423377990722656,448.4712219238281,3850.0
10,49,-18.976524353027344,8.235899925231934,40.0
10,50,-18.116676330566406,419.42816162109375,3875.0
10,51,-14.911319732666016,144.0902557373047,184.0
10,52,-9.954233169555664,7.32172966003418,42.0
10,53,-10.78790283203125,36.450950622558594,214.0
10,54,-34.37854766845703,307.8946838378906,8526.0
10,55,-19.562314987182617,26.059587478637695,26.0
10,56,-8.87513542175293,19.266706466674805,24.0
10,57,-8.51648998260498,8.407485961914062,3.0
10,58,-14.599642753601074,38.471229553222656,274.0
10,59,-29.197681427001953,64.7864990234375,315.0
10,60,-11.74147891998291,18.828462600708008,106.0
10,61,-11.54289722442627,46.881935119628906,32.0
10,62,-23.052345275878906,318.32928466796875,186.0
10,63,-12.3967924118042,5.876553058624268,15.0
10,64,-11.471399307250977,9.917291641235352,26.0
10,65,-7.391655921936035,11.75037670135498,11.0
10,66,-15.098291397094727,12.383711814880371,6.0
10,67,-6.789541721343994,3.888052225112915,8.0
10,68,-17.70760726928711,9.147228240966797,164.0
10,69,-8.237465858459473,15.577412605285645,9.0
10,70,-10.304895401000977,13.147397994995117,35.0
10,71,-40.12373352050781,12.277070999145508,181.0
10,72,-13.183478355407715,27.000883102416992,21.0
10,73,-14.340232849121094,36.055458068847656,20.0
10,74,-13.356184005737305,85.80361938476562,176.0
10,75,-13.21695327758789,3.008413314819336,7.0
10,76,-7.972559928894043,4.925924777984619,9.0
10,77,-15.106250762939453,20.51692771911621,77.0
10,78,-11.46687126159668,6.76082706451416,12.0
10,79,-15.263519287109375,4.601360321044922,56.0
10,80,-8.798112869262695,5.810244083404541,19.0
10,81,-11.268556594848633,4.0901007652282715,107.0
10,82,-4.318822860717773,2.3720738887786865,3.0
10,83,-25.926959991455078,10.559187889099121,216.0
10,84,-7.382567882537842,11.714835166931152,31.0
10,85,-4.253260135650635,8.386557579040527,3.0
10,86,-9.213001251220703,21.56346321105957,4.0
10,87,-32.8121452331543,60.43196487426758,127.0
10,88,-14.96291732788086,6.490663051605225,25.0
10,89,-15.728202819824219,23.234554290771484,57.0
10,90,-13.970010757446289,16.3463077545166,206.0
10,91,-18.31825828552246,21.179698944091797,17.0
10,92,-4.830956935882568,5.00440788269043,2.0
10,93,-13.210929870605469,14.043869018554688,82.0
10,94,-5.457798957824707,2.978916883468628,3.0
10,95,-15.751543045043945,4.83148717880249,51.0
10,96,-9.971515655517578,27.766727447509766,34.0
10,97,-4.338080406188965,4.246210098266602,5.0
10,98,-25.89885139465332,10.532238960266113,48.0
10,99,-16.80959701538086,8.175971984863281,191.0
10,100,-20.35004997253418,18.30455780029297,140.0
10,101,-26.580867767333984,11.205924034118652,178.0
10,102,-19.448768615722656,129.30735778808594,65.0
10,103,-11.689404487609863,49.228275299072266,1509.0
10,104,-26.329343795776367,6479.82177734375,18736.0
10,105,-41.798030853271484,65.35296630859375,367.0
10,106,-32.49593734741211,103.7803726196289,457.0
10,107,-12.542900085449219,65.42908477783203,43.0
10,108,-22.80373191833496,95.65483093261719,119.0
10,109,-8.938539505004883,19.678234100341797,12.0
10,110,-19.933151245117188,145.95346069335938,2679.0
10,111,-10.09425163269043,5.3783159255981445,13.0
10,112,-17.624492645263672,33.9503288269043,67.0
10,113,-12.835830688476562,24.753271102905273,30.0
10,114,-7.543046951293945,6.591373920440674,6.0
10,115,-18.85713768005371,23.169954299926758,167.0
10,116,-14.780445098876953,11.74476432800293,26.0
10,117,-4.5660271644592285,1.9199316501617432,2.0
10,118,-17.313947677612305,2.616626739501953,16.0
10,119,-5.662516117095947,2.029550790786743,3.0
10,120,-10.109368324279785,29.072402954101562,74.0
10,121,-14.145637512207031,10.565629959106445,48.0
10,122,-25.163841247558594,9.851482391357422,76.0
10,123,-6.724611282348633,5.3717451095581055,3.0
10,124,-18.239986419677734,20.905197143554688,39.0
10,125,-14.61743450164795,38.64272689819336,118.0
10,126,-12.892690658569336,73.52044677734375,838.0
10,127,-13.896974563598633,102.75265502929688,132.0
10,128,-11.494047164916992,6.7915191650390625,16.0
10,129,-23.940074920654297,30.569744110107422,75.0
10,130,-13.75199031829834,968.7389526367188,1586.0
10,131,-17.846670150756836,9.307622909545898,695.0
10,132,-26.30193328857422,80.13042449951172,319.0
10,133,-16.583179473876953,15.861000061035156,43.0
10,134,-19.96541976928711,776.7666015625,348.0
10,135,-11.60292911529541,330.7836608886719,63.0
10,136,-2.5763630867004395,2.360297679901123,2.0
10,137,-6.834673881530762,5.521604537963867,2.0
10,138,-10.607667922973633,5.858799457550049,5.0
10,139,-21.154447555541992,20.533628463745117,64.0
10,140,-18.351863861083984,39.26654052734375,27.0
10,141,-13.370514869689941,14.49933910369873,39.0
10,142,-7.489239692687988,6.503301620483398,2.0
10,143,-8.944074630737305,19.714576721191406,99.0
10,144,-10.042716979980469,28.433622360229492,86.0
10,145,-9.075143814086914,9.667655944824219,11.0
10,146,-6.819801330566406,30.262237548828125,10.0
10,147,-10.040910720825195,4.197192192077637,18.0
10,148,-2.903569221496582,2.632296085357666,2.0
10,149,-31.951942443847656,596.088134765625,566.0
10,150,-11.428836822509766,45.1329345703125,18.0
10,151,-19.01876449584961,44.869258880615234,47.0
10,152,-9.914108276367188,27.24044418334961,41.0
10,153,-12.204551696777344,11.483490943908691,13.0
10,154,-23.036163330078125,317.0440979003906,1166.0
10,155,-20.368106842041016,162.71929931640625,67.0
10,156,-12.244848251342773,59.24112319946289,106.0
10,157,-14.879651069641113,142.57720947265625,180.0
10,158,-6.085131645202637,4.578094482421875,5.0
10,159,-13.006006240844727,667.14208984375,1128.0
10,160,-10.875508308410645,37.53108596801758,31.0
10,161,-15.489068031311035,13.217098236083984,38.0
10,162,-20.014503479003906,9.242697715759277,122.0
10,163,-6.205117225646973,7.911935806274414,10.0
10,164,-9.596065521240234,24.500377655029297,9.0
10,165,-19.660402297973633,26.48910903930664,31.0
10,166,-20.634540557861328,2.554697275161743,29.0
10,167,-20.946208953857422,19.931781768798828,178.0
10,168,-5.325898170471191,2.901359796524048,3.0
10,169,-10.290827751159668,13.101241111755371,12.0
10,170,-21.072052001953125,33.51552200317383,45.0
10,171,-18.81947135925293,43.11600875854492,213.0
10,172,-15.215557098388672,12.628121376037598,19.0
10,173,-12.018167495727539,11.063302993774414,248.0
10,174,-16.381364822387695,10.383259773254395,20.0
10,175,-24.09451675415039,123.82923126220703,179.0
10,176,-17.33243179321289,17.970626831054688,22.0
10,177,-16.981998443603516,2.715404748916626,15.0
10,178,-28.272335052490234,6.585184574127197,24.0
10,179,-15.29366683959961,2094.004150390625,6146.0
10,180,-17.711441040039062,83.75201416015625,36.0
10,181,-14.520933151245117,126.50870513916016,538.0
10,182,-19.564746856689453,133.1114501953125,73.0
10,183,-13.122100830078125,26.589733123779297,17.0
10,184,-41.108734130859375,355.1983337402344,1131.0
10,185,-13.32712173461914,6.711849212646484,55.0
10,186,-9.203581809997559,6.301050662994385,18.0
10,187,-12.234697341918945,453.6602783203125,1464.0
10,188,-13.692742347717285,95.99034118652344,2315.0
10,189,-8.472124099731445,16.844789505004883,13.0
10,190,-30.93052101135254,47.766048431396484,54.0
10,191,-20.35729217529297,58.64242172241211,1060.0
10,192,-17.4156494140625,18.221609115600586,47.0
10,193,-12.39815616607666,22.187721252441406,24.0
10,194,-16.42097282409668,3679.33203125,486.0
10,195,-8.831615447998047,9.09662914276123,58.0
10,196,-20.28493881225586,159.3709716796875,6834.0
10,197,-11.739776611328125,18.820451736450195,1246.0
10,198,-26.17120361328125,13.6962251663208,184.0
10,199,-25.137462615966797,152.5500030517578,1240.0
10,200,-46.352684020996094,35.360347747802734,246.0
10,201,-9.48867130279541,114.93142700195312,161.0
10,202,-7.511732578277588,42.77125549316406,45.0
10,203,-44.227569580078125,83.3257064819336,4043.0
10,204,-12.02927017211914,20.23305320739746,6.0
10,205,-15.849665641784668,23.805891036987305,590.0
10,206,-6.770702362060547,5.434000015258789,27.0
10,207,-18.28063201904297,96.55936431884766,1652.0
10,208,-22.648799896240234,1899.9827880859375,2152.0
10,209,-25.265247344970703,23.527170181274414,2486.0
10,210,-5.316599369049072,2.8959693908691406,3.0
10,211,-22.710132598876953,1939.2255859375,11293.0
10,212,-9.647432327270508,11.154667854309082,12.0
10,213,-17.978111267089844,400.49603271484375,1354.0
10,214,-15.564598083496094,48.96714401245117,65.0
10,215,-38.68385314941406,25.119752883911133,122.0
10,216,-11.842350959777832,19.309316635131836,16.0
10,217,-19.06716537475586,575.7778930664062,744.0
10,218,-11.849432945251465,19.343534469604492,22.0
10,219,-15.903585433959961,53.29786682128906,283.0
10,220,-22.4531307220459,1780.0146484375,14253.0
10,221,-6.765653610229492,3.869520664215088,4.0
10,222,-23.94207763671875,30.578493118286133,176.0
10,223,-4.7503981590271,4.871812343597412,3.0
10,224,-2.4070534706115723,3.3318467140197754,1.0
10,225,-17.4185848236084,12.04162311553955,271.0
10,226,-14.867238998413086,141.988525390625,285.0
10,227,-13.99386215209961,33.064674377441406,187.0
10,228,-14.00367546081543,7.392936706542969,138.0
10,229,-27.758201599121094,10.106548309326172,165.0
10,230,-27.39287567138672,15.475955963134766,294.0
10,231,-10.13982105255127,5.419319152832031,6.0
10,232,-1.866091251373291,1.862706184387207,1.0
10,233,-11.118041038513184,40.6912727355957,167.0
10,234,-16.619409561157227,63.7425537109375,80.0
10,235,-18.548425674438477,103.24516296386719,245.0
10,236,-10.280847549438477,30.782590866088867,34.0
10,237,-43.41887664794922,5906.30078125,11766.0
10,238,-50.82619094848633,69.09733581542969,7599.0
10,239,-8.39948844909668,4.054853916168213,8.0
10,240,-19.041460037231445,23.892786026000977,1591.0
10,241,-9.503456115722656,23.755611419677734,119.0
10,242,-39.5869140625,285.79461669921875,1615.0
10,243,-18.342071533203125,13.739789962768555,39.0
10,244,-6.76030969619751,9.520397186279297,7.0
10,245,-12.582414627075195,12.384960174560547,31.0
10,246,-9.731612205505371,11.391905784606934,32.0
10,247,-21.27164649963379,34.64919662475586,233.0
10,248,-12.004058837890625,5.5559282302856445,4.0
10,249,-13.676675796508789,15.414908409118652,52.0
10,250,-34.42607879638672,73.94043731689453,1727.0
10,251,-20.033771514892578,54.96817398071289,134.0
10,252,-23.726778030395508,19.411142349243164,32.0
10,253,-34.01005554199219,899.6547241210938,1069.0
10,254,-18.29131317138672,21.08479881286621,62.0
10,255,-19.651287078857422,16.565576553344727,67.0
10,256,-17.417675018310547,77.82157897949219,153.0
10,257,-16.361066818237305,59.75582504272461,1070.0
10,258,-7.908450126647949,4.863167762756348,4.0
10,259,-19.308143615722656,47.542724609375,578.0
10,260,-9.07933235168457,20.623767852783203,55.0
10,261,-43.93931579589844,38.92394256591797,1241.0
10,262,-13.674107551574707,95.39591979980469,85.0
10,263,-21.073530197143555,67.67426300048828,178.0
10,264,-8.51846981048584,17.107038497924805,63.0
10,265,-9.360291481018066,22.648578643798828,146.0
10,266,-10.321579933166504,31.203388214111328,383.0
10,267,-16.05088233947754,55.29710388183594,130.0
10,268,-22.700218200683594,43.96393966674805,183.0
10,269,-3.6494669914245605,2.074859380722046,1.0
10,270,-4.05835485458374,2.2516672611236572,1.0
10,271,-17.117733001708984,17.338953018188477,120.0
10,272,-7.721677780151367,13.11678409576416,10.0
10,273,-11.92572021484375,19.715991973876953,35.0
10,274,-14.981083869934082,42.320472717285156,593.0
10,275,-8.512060165405273,8.39818000793457,52.0
10,276,-15.068711280822754,8.607836723327637,16.0
10,277,-20.046192169189453,150.136962890625,741.0
10,278,-38.89891052246094,259.0412292480469,351.0
10,279,-17.868450164794922,35.64788818359375,297.0
10,280,-18.143590927124023,9.659566879272461,56.0
10,281,-12.777162551879883,70.7430419921875,116.0
10,282,-9.871644973754883,26.857585906982422,34.0
10,283,-15.891491889953613,199.76943969726562,993.0
10,284,-14.439428329467773,17.955303192138672,432.0
10,285,-40.9893913269043,41.5255241394043,267.0
10,286,-43.256744384765625,51.0308952331543,309.0
10,287,-3.240677833557129,5.054802894592285,3.0
10,288,-18.98797035217285,44.5937614440918,458.0
10,289,-42.60474395751953,70.84356689453125,676.0
10,290,-18.819961547851562,110.49723052978516,186.0
10,291,-10.922140121459961,15.341092109680176,164.0
10,292,-10.212364196777344,12.846752166748047,10.0
10,293,-1.950942039489746,1.6286240816116333,1.0
10,294,-19.345035552978516,125.99710845947266,183.0
10,295,-6.415902614593506,24.72837257385254,51.0
10,296,-32.69683837890625,37.825443267822266,236.0
10,297,-26.064411163330078,41.40855026245117,275.0
10,298,-23.79303550720215,116.58341217041016,3116.0
10,299,-19.42620086669922,16532.78125,1018.0
10,300,-24.992515563964844,267335.0,6772.0
10,301,-27.65130615234375,21.59296226501465,504.0
10,302,-12.268455505371094,21.479820251464844,32.0
10,303,-20.678743362426758,62.536407470703125,620.0
12,0,-25.710390090942383,72.6072769165039,133.0
12,1,-3.763228416442871,2.5620484352111816,1.0
12,2,-14.87763786315918,142.48158264160156,48.0
12,3,-10.278098106384277,30.754390716552734,224.0
12,4,-20.194772720336914,17.902986526489258,121.0
12,5,-31.31110191345215,32.427642822265625,126.0
12,6,-40.04560089111328,85.5850830078125,2575.0
12,7,-15.014835357666016,8.541838645935059,315.0
12,8,-5.796778678894043,6.90509557723999,5.0
12,9,-17.470233917236328,32.91889190673828,364.0
12,10,-22.465694427490234,274.9044494628906,1262.0
12,11,-12.732135772705078,12.761428833007812,26.0
12,12,-7.892699241638184,7.193478107452393,3.0
12,13,-26.889406204223633,46.58803176879883,119.0
12,14,-19.9527587890625,773.4951782226562,443.0
12,15,-8.712276458740234,2.9714038372039795,23.0
12,16,-8.753900527954102,8.921598434448242,25.0
12,17,-14.798547744750977,138.7743682861328,90.0
12,18,-20.643003463745117,30378.84375,1606.0
12,19,-22.490192413330078,24.850669860839844,85.0
12,20,-16.528156280517578,27.265745162963867,39.0
12,21,-12.58370304107666,66.3250503540039,47.0
12,22,-10.71879768371582,8.531451225280762,18.0
12,23,-6.062087535858154,2.3774120807647705,3.0
12,24,-6.823564529418945,9.723265647888184,6.0
12,25,-4.001261234283447,3.7952628135681152,2.0
12,26,-5.437044143676758,3.893315076828003,3.0
12,27,-12.431757926940918,12.017351150512695,83.0
12,28,-12.911230087280273,5.022379398345947,42.0
12,29,-22.783424377441406,25.913780212402344,49.0
12,30,-8.09388542175293,5.046914100646973,12.0
12,31,-8.564294815063477,17.37035369873047,19.0
12,32,-11.089400291442871,15.996182441711426,182.0
12,33,-12.912446975708008,5.023143291473389,28.0
12,34,-13.361753463745117,85.96308898925781,215.0
12,35,-7.767850399017334,13.320223808288574,27.0
12,36,-19.632415771484375,695.157470703125,894.0
12,37,-23.498197555541992,10.483678817749023,158.0
12,38,-45.52971649169922,62.744140625,13628.0
12,39,-10.704357147216797,35.449851989746094,61.0
12,40,-10.998830795288086,39.106040954589844,25.0
12,41,-11.359685897827148,17.114421844482422,40.0
12,42,-11.585976600646973,327.99169921875,552.0
12,43,-39.04845428466797,670.5348510742188,2775.0
12,44,-4.541204452514648,9.68523120880127,4.0
12,45,-11.324472427368164,6.602260589599609,13.0
12,46,-15.224653244018555,159.95370483398438,182.0
12,47,-9.43930435180664,10.589109420776367,37.0
12,48,-25.269027709960938,554.0510864257812,4038.0
12,49,-18.438655853271484,7.758115768432617,37.0
12,50,-16.617008209228516,254.42417907714844,2804.0
12,51,-14.43433952331543,122.9093017578125,152.0
12,52,-10.026213645935059,7.4278974533081055,50.0
12,53,-9.099709510803223,20.764328002929688,62.0
12,54,-34.053462982177734,291.6566162109375,8222.0
12,55,-20.28626251220703,29.401439666748047,30.0
12,56,-8.552342414855957,17.301284790039062,18.0
12,57,-7.997110843658447,7.383720874786377,3.0
12,58,-12.972660064697266,25.614665985107422,111.0
12,59,-29.316387176513672,65.89453125,425.0
12,60,-11.455636024475098,17.529916763305664,81.0
12,61,-11.385738372802734,44.48918151855469,22.0
12,62,-23.740875244140625,378.12274169921875,229.0
12,63,-11.745360374450684,5.35434627532959,15.0
12,64,-10.94395637512207,8.924419403076172,26.0
12,65,-7.182307243347168,10.958356857299805,6.0
12,66,-15.681288719177246,13.64738655090332,6.0
12,67,-6.516689300537109,3.6815645694732666,9.0
12,68,-18.418888092041016,9.997758865356445,110.0
12,69,-8.3699312210083,16.28064727783203,11.0
12,70,-9.491052627563477,10.7269926071167,24.0
12,71,-34.112571716308594,8.432014465332031,113.0
12,72,-14.469820022583008,37.24266815185547,26.0
12,73,-14.04815673828125,33.516544342041016,22.0
12,74,-14.271662712097168,116.42191314697266,282.0
12,75,-12.83249282836914,2.9135563373565674,7.0
12,76,-8.039047241210938,4.991864204406738,11.0
12,77,-14.514579772949219,18.227216720581055,66.0
12,78,-10.094972610473633,5.378962516784668,4.0
12,79,-15.61847972869873,4.767623424530029,71.0
12,80,-9.223100662231445,6.3256964683532715,33.0
12,81,-11.08482837677002,3.9972376823425293,87.0
12,82,-4.992767810821533,2.71435284614563,4.0
12,83,-24.167278289794922,8.998207092285156,252.0
12,84,-8.043622016906738,14.602715492248535,54.0
12,85,-4.051322937011719,7.581124305725098,3.0
12,86,-8.113493919372559,14.946812629699707,4.0
12,87,-31.911447525024414,53.99713134765625,164.0
12,88,-15.075981140136719,6.5830464363098145,36.0
12,89,-15.882930755615234,23.964801788330078,53.0
12,90,-14.01717758178711,16.501239776611328,208.0
12,91,-17.65618133544922,18.96692657470703,16.0
12,92,-5.563687324523926,6.388902187347412,3.0
12,93,-11.429498672485352,9.834529876708984,40.0
12,94,-6.173941135406494,3.437650203704834,9.0
12,95,-16.03214454650879,4.968979358673096,111.0
12,96,-10.478902816772461,32.88338851928711,41.0
12,97,-4.3501877784729,4.263381481170654,4.0
12,98,-24.07978057861328,8.926915168762207,40.0
12,99,-16.610803604125977,7.9753098487854,172.0
12,100,-18.687108993530273,14.434005737304688,127.0
12,101,-26.524459838867188,11.148606300354004,165.0
12,102,-19.78236961364746,140.55409240722656,71.0
12,103,-11.217069625854492,42.056888580322266,1184.0
12,104,-26.078048706054688,5959.150390625,18419.0
12,105,-41.95912551879883,66.41429138183594,470.0
12,106,-32.73166275024414,107.33470153808594,490.0
12,107,-11.658809661865234,48.72877883911133,43.0
12,108,-21.535728454589844,74.22830963134766,69.0
12,109,-8.4594087600708,16.77354621887207,14.0
12,110,-21.306655883789062,205.7504425048828,3702.0
12,111,-9.678926467895508,5.018617153167725,15.0
12,112,-16.199337005615234,25.530338287353516,62.0
12,113,-11.869483947753906,19.44074249267578,15.0
12,114,-7.993206024169922,7.376516819000244,6.0
12,115,-18.691463470458984,22.53892707824707,143.0
12,116,-14.804076194763184,11.791111946105957,23.0
12,117,-4.448559284210205,1.88798189163208,2.0
12,118,-15.710620880126953,2.3936328887939453,10.0
12,119,-5.604132175445557,2.0147931575775146,3.0
12,120,-9.219823837280273,21.612560272216797,40.0
12,121,-14.098411560058594,10.482793807983398,34.0
12,122,-24.960779190063477,9.671289443969727,70.0
12,123,-7.421006202697754,6.393306255340576,3.0
12,124,-17.49949836730957,18.47804069519043,33.0
12,125,-14.91279125213623,41.604061126708984,149.0
12,126,-13.137812614440918,79.77985382080078,1038.0
12,127,-13.99696159362793,106.23501586914062,128.0
12,128,-10.745210647583008,5.994656085968018,20.0
12,129,-23.153278350830078,27.319786071777344,68.0
12,130,-13.5833158493042,890.3885498046875,1389.0
12,131,-16.86212921142578,8.229836463928223,589.0
12,132,-26.09294891357422,77.3874740600586,231.0
12,133,-16.018566131591797,14.436517715454102,36.0
12,134,-20.68630027770996,987.7537841796875,355.0
12,135,-11.010189056396484,245.94171142578125,47.0
12,136,-2.5853960514068604,2.367415189743042,2.0
12,137,-6.613811492919922,5.224989891052246,2.0
12,138,-9.91963005065918,5.224043369293213,5.0
12,139,-19.703311920166016,16.689149856567383,57.0
12,140,-18.775257110595703,42.73641586303711,29.0
12,141,-13.3442964553833,14.423506736755371,42.0
12,142,-6.813540935516357,5.492509365081787,2.0
12,143,-8.486536979675293,16.925912857055664,96.0
12,144,-10.11833381652832,29.159420013427734,92.0
12,145,-8.827831268310547,9.08802604675293,11.0
12,146,-6.868560314178467,31.009082794189453,11.0
12,147,-9.438024520874023,3.850831985473633,16.0
12,148,-2.375282049179077,2.2072792053222656,1.0
12,149,-32.2528076171875,633.0576782226562,767.0
12,150,-11.264986038208008,42.7340202331543,14.0
12,151,-18.672176361083984,41.864376068115234,43.0
12,152,-9.9049654006958,27.157548904418945,25.0
12,153,-11.4022216796875,9.781025886535645,6.0
12,154,-22.89773178100586,306.2595520019531,1110.0
12,155,-20.80453109741211,181.47769165039062,76.0
12,156,-12.200098991394043,58.364013671875,93.0
12,157,-14.061524391174316,108.54608917236328,141.0
12,158,-5.561285495758057,4.016140460968018,3.0
12,159,-13.073481559753418,690.0339965820312,1177.0
12,160,-10.637325286865234,34.66654968261719,26.0
12,161,-15.182138442993164,12.55798053741455,38.0
12,162,-20.136964797973633,9.369319915771484,146.0
12,163,-6.265422821044922,8.072588920593262,10.0
12,164,-9.30640697479248,22.24540901184082,9.0
12,165,-19.09457015991211,24.1052188873291,23.0
12,166,-19.368980407714844,2.411884069442749,24.0
12,167,-20.157363891601562,17.807565689086914,121.0
12,168,-5.366033554077148,2.924743175506592,3.0
12,169,-10.8074369430542,14.907422065734863,12.0
12,170,-21.1661376953125,34.045223236083984,46.0
12,171,-18.845298767089844,43.339290618896484,136.0
12,172,-13.525856971740723,9.52871036529541,13.0
12,173,-12.777631759643555,12.87807559967041,389.0
12,174,-15.869938850402832,9.651700973510742,10.0
12,175,-23.57328987121582,111.57062530517578,178.0
12,176,-16.785945892333984,16.406173706054688,20.0
12,177,-16.898855209350586,2.7021570205688477,12.0
12,178,-28.816055297851562,6.828262805938721,27.0
12,179,-15.369935989379883,2175.400634765625,7004.0
12,180,-16.545785903930664,62.58004379272461,32.0
12,181,-14.71467113494873,134.94813537597656,593.0
12,182,-19.3992919921875,127.71778106689453,72.0
12,183,-13.353261947631836,28.171630859375,21.0
12,184,-40.171104431152344,310.6693115234375,997.0
12,185,-13.434869766235352,6.815960884094238,54.0
12,186,-8.87926197052002,5.905313014984131,29.0
12,187,-11.965082168579102,396.44647216796875,1214.0
12,188,-14.184037208557129,113.07062530517578,2811.0
12,189,-8.765399932861328,18.574691772460938,15.0
12,190,-30.358240127563477,44.468448638916016,49.0
12,191,-19.699499130249023,51.413455963134766,1067.0
12,192,-16.699522018432617,16.171552658081055,35.0
12,193,-12.240592956542969,21.330718994140625,24.0
12,194,-16.711223602294922,4253.986328125,505.0
12,195,-8.223553657531738,7.81377649307251,42.0
12,196,-21.180191040039062,199.34716796875,8531.0
12,197,-12.151846885681152,20.8626766204834,1668.0
12,198,-22.822534561157227,9.798737525939941,120.0
12,199,-22.136512756347656,83.70530700683594,290.0
12,200,-40.21796417236328,22.058311462402344,286.0
12,201,-10.006685256958008,148.91006469726562,270.0
12,202,-7.491294860839844,42.33641052246094,68.0
12,203,-42.61011505126953,70.88165283203125,4265.0
12,204,-11.002195358276367,15.651220321655273,5.0
12,205,-16.119075775146484,25.123788833618164,671.0
12,206,-6.350027084350586,4.891538143157959,18.0
12,207,-17.015666961669922,70.38053131103516,1641.0
12,208,-20.392969131469727,895.7457275390625,2319.0
12,209,-25.95903778076172,25.65862274169922,3556.0
12,210,-4.0993452072143555,2.270202398300171,2.0
12,211,-22.4091854095459,1754.1302490234375,9656.0
12,212,-9.563981056213379,10.924361228942871,9.0
12,213,-18.312213897705078,447.6766357421875,1797.0
12,214,-13.848115921020508,31.88159942626953,37.0
12,215,-37.82221984863281,23.379314422607422,129.0
12,216,-11.848748207092285,19.34022331237793,13.0
12,217,-19.38416290283203,639.9484252929688,929.0
12,218,-12.176708221435547,20.992748260498047,17.0
12,219,-15.738688468933105,51.14537811279297,214.0
12,220,-21.998746871948242,1529.8359375,12643.0
12,221,-6.963418960571289,4.025639533996582,4.0
12,222,-23.42983627319336,28.420753479003906,186.0
12,223,-4.530044078826904,4.526797294616699,3.0
12,224,-2.1813485622406006,2.9762802124023438,1.0
12,225,-17.3599853515625,11.941239356994629,318.0
12,226,-14.539118766784668,127.2779312133789,392.0
12,227,-14.435765266418457,36.92694091796875,117.0
12,228,-14.306927680969238,7.720251083374023,202.0
12,229,-27.749980926513672,10.099625587463379,143.0
12,230,-26.98937225341797,14.86392593383789,281.0
12,231,-9.745368957519531,5.074500560760498,6.0
12,232,-1.809129238128662,1.8276722431182861,1.0
12,233,-10.672704696655273,35.07779312133789,137.0
12,234,-15.706366539001465,50.733760833740234,73.0
12,235,-18.091867446899414,92.10846710205078,265.0
12,236,-10.82749080657959,36.93514633178711,35.0
12,237,-40.07892990112305,3028.389404296875,9895.0
12,238,-47.3369026184082,51.66300582885742,9372.0
12,239,-8.806958198547363,4.339791774749756,6.0
12,240,-18.67547035217285,22.47892951965332,1762.0
12,241,-8.764714241027832,18.57044792175293,85.0
12,242,-38.56640625,247.02430725097656,1448.0
12,243,-17.430042266845703,12.061347961425781,38.0
12,244,-6.58750057220459,8.987488746643066,8.0
12,245,-12.901805877685547,13.201904296875,38.0
12,246,-9.204229354858398,9.984733581542969,28.0
12,247,-20.910982131958008,32.627769470214844,165.0
12,248,-11.423591613769531,5.113794326782227,5.0
12,249,-14.03614616394043,16.563961029052734,62.0
12,250,-34.088470458984375,70.88499450683594,1809.0
12,251,-20.505558013916016,60.407386779785156,161.0
12,252,-23.995187759399414,20.073457717895508,44.0
12,253,-32.99925231933594,734.9854125976562,862.0
12,254,-17.724273681640625,19.18340492248535,46.0
12,255,-18.818016052246094,14.706476211547852,55.0
12,256,-17.578407287597656,81.01236724853516,226.0
12,257,-16.6403865814209,64.07771301269531,940.0
12,258,-7.884198188781738,4.83963680267334,4.0
12,259,-18.480491638183594,40.289798736572266,294.0
12,260,-9.144285202026367,21.075157165527344,38.0
12,261,-40.26752471923828,28.663572311401367,1384.0
12,262,-14.21158504486084,114.11366271972656,109.0
12,263,-20.428295135498047,59.48112106323242,90.0
12,264,-8.582822799682617,17.477964401245117,61.0
12,265,-9.648833274841309,24.935136795043945,182.0
12,266,-9.951737403869629,27.584270477294922,280.0
12,267,-15.546072006225586,48.740875244140625,84.0
12,268,-22.829177856445312,44.91909408569336,153.0
12,269,-3.7456023693084717,2.1151390075683594,1.0
12,270,-3.9520087242126465,2.204281806945801,1.0
12,271,-16.948562622070312,16.85690689086914,107.0
12,272,-7.69991397857666,13.021970748901367,10.0
12,273,-12.234295845031738,21.297164916992188,39.0
12,274,-14.97008991241455,42.204315185546875,296.0
12,275,-8.26949691772461,7.904041767120361,43.0
12,276,-15.856785774230957,9.63358211517334,16.0
12,277,-20.25957489013672,158.3636016845703,819.0
12,278,-34.76115417480469,143.4345703125,172.0
12,279,-17.058032989501953,30.313905715942383,154.0
12,280,-18.962987899780273,10.701388359069824,90.0
12,281,-12.664495468139648,68.13551330566406,75.0
12,282,-9.073741912841797,20.585372924804688,24.0
12,283,-15.671527862548828,185.6461944580078,1398.0
12,284,-13.804804801940918,15.815033912658691,391.0
12,285,-36.499786376953125,27.60957145690918,96.0
12,286,-39.23275375366211,35.39653396606445,136.0
12,287,-3.360893726348877,5.367954254150391,3.0
12,288,-18.18515396118164,37.978904724121094,548.0
12,289,-41.108245849609375,60.99699401855469,539.0
12,290,-19.055173873901367,117.18963623046875,230.0
12,291,-10.418078422546387,13.524725914001465,110.0
12,292,-9.545621871948242,10.874336242675781,13.0
12,293,-1.8547821044921875,1.589938759803772,1.0
12,294,-18.54920768737793,103.26535034179688,148.0
12,295,-6.9957275390625,33.04478454589844,57.0
12,296,-33.08529281616211,39.493797302246094,307.0
12,297,-23.95339584350586,30.627971649169922,118.0
12,298,-23.05547332763672,100.59419250488281,3456.0
12,299,-19.479351043701172,16978.03125,809.0
12,300,-25.016010284423828,270494.0,6552.0
12,301,-26.864765167236328,19.785985946655273,475.0
12,302,-10.931797981262207,15.378178596496582,17.0
12,303,-20.725574493408203,63.124874114990234,492.0
14,0,-25.421817779541016,69.19783020019531,132.0
14,1,-3.4683985710144043,2.379997968673706,1.0
14,2,-13.692418098449707,95.97994995117188,35.0
14,3,-9.970626831054688,27.758508682250977,213.0
14,4,-20.256757736206055,18.062219619750977,139.0
14,5,-30.431846618652344,29.409452438354492,122.0
14,6,-39.347049713134766,79.19351196289062,2391.0
14,7,-14.843368530273438,8.335147857666016,301.0
14,8,-5.560046195983887,6.381152629852295,5.0
14,9,-18.081951141357422,37.20302963256836,292.0
14,10,-22.033788681030273,246.7676544189453,1589.0
14,11,-12.15390396118164,11.367755889892578,19.0
14,12,-7.477815628051758,6.48475456237793,2.0
14,13,-23.19179344177246,27.470521926879883,37.0
14,14,-19.34095001220703,630.7965087890625,319.0
14,15,-9.085427284240723,3.1132848262786865,24.0
14,16,-7.995253562927246,7.380293846130371,25.0
14,17,-15.161633491516113,156.62867736816406,83.0
14,18,-20.554115295410156,29058.24609375,1500.0
14,19,-21.88323402404785,22.786685943603516,81.0
14,20,-16.23038101196289,25.689340591430664,36.0
14,21,-12.474971771240234,63.96421432495117,44.0
14,22,-10.693740844726562,8.488804817199707,17.0
14,23,-5.714195251464844,2.2621452808380127,3.0
14,24,-6.981815338134766,10.24993896484375,7.0
14,25,-4.020820140838623,3.8200876712799072,2.0
14,26,-4.958630084991455,3.454430341720581,3.0
14,27,-12.261783599853516,11.615690231323242,97.0
14,28,-13.989019393920898,5.746709823608398,51.0
14,29,-22.652769088745117,25.434587478637695,44.0
14,30,-7.81654167175293,4.774590969085693,12.0
14,31,-8.784073829650879,18.690670013427734,19.0
14,32,-11.205796241760254,16.46849250793457,188.0
14,33,-12.658027648925781,4.865908145904541,31.0
14,34,-12.845075607299805,72.3627700805664,204.0
14,35,-7.653493404388428,12.822026252746582,28.0
14,36,-19.171981811523438,596.2504272460938,703.0
14,37,-23.85450553894043,10.863957405090332,178.0
14,38,-45.0943603515625,60.30936050415039,13920.0
14,39,-10.792104721069336,36.502044677734375,59.0
14,40,-10.690328598022461,35.28446960449219,21.0
14,41,-10.91649055480957,15.319439888000488,30.0
14,42,-11.57982349395752,326.98419189453125,567.0
14,43,-38.363773345947266,598.2222290039062,2889.0
14,44,-4.564272880554199,9.797590255737305,4.0
14,45,-10.949610710144043,6.202392578125,13.0
14,46,-14.65359878540039,132.2286834716797,149.0
14,47,-8.282275199890137,7.9293317794799805,39.0
14,48,-25.39300537109375,571.4924926757812,4050.0
14,49,-18.151805877685547,7.514747619628906,35.0
14,50,-15.97364616394043,205.31568908691406,2393.0
14,51,-14.110806465148926,110.34395599365234,123.0
14,52,-10.146164894104004,7.608248710632324,64.0
14,53,-8.118582725524902,14.972185134887695,45.0
14,54,-33.93913269042969,286.1517333984375,8438.0
14,55,-19.92778778076172,27.696273803710938,30.0
14,56,-8.282709121704102,15.814118385314941,18.0
14,57,-7.782473564147949,6.997958183288574,3.0
14,58,-12.105718612670898,20.62346839904785,67.0
14,59,-29.079483032226562,63.701744079589844,413.0
14,60,-11.199911117553711,16.44428062438965,65.0
14,61,-11.459232330322266,45.5925407409668,22.0
14,62,-23.22698974609375,332.5357666015625,257.0
14,63,-11.430831909179688,5.119086265563965,15.0
14,64,-10.617696762084961,8.360677719116211,25.0
14,65,-6.6823859214782715,9.276293754577637,4.0
14,66,-15.975045204162598,14.332182884216309,7.0
14,67,-6.538234710693359,3.697463274002075,9.0
14,68,-18.3617000579834,9.926546096801758,88.0
14,69,-8.54376220703125,17.25187110900879,12.0
14,70,-9.193482398986816,9.957942962646484,21.0
14,71,-31.046268463134766,6.961477756500244,107.0
14,72,-14.978964805603027,42.298057556152344,28.0
14,73,-14.149328231811523,34.37508773803711,25.0
14,74,-14.320239067077637,118.3224105834961,279.0
14,75,-12.674931526184082,2.8755509853363037,7.0
14,76,-8.115923881530762,5.069209098815918,11.0
14,77,-14.053263664245605,16.620763778686523,59.0
14,78,-10.167428970336914,5.444312572479248,3.0
14,79,-16.285797119140625,5.096631050109863,76.0
14,80,-9.263921737670898,6.377552509307861,44.0
14,81,-11.138998031616211,4.024395942687988,91.0
14,82,-5.359347343444824,2.92083477973938,4.0
14,83,-23.450122833251953,8.43027400970459,283.0
14,84,-8.316606521606445,15.993818283081055,66.0
14,85,-3.929539680480957,7.133271217346191,3.0
14,86,-7.4610700607299805,12.02542781829834,4.0
14,87,-31.942623138427734,54.20796585083008,205.0
14,88,-15.548580169677734,6.98365592956543,43.0
14,89,-15.845218658447266,23.78472900390625,48.0
14,90,-14.211655616760254,17.155712127685547,220.0
14,91,-17.25007438659668,17.725645065307617,16.0
14,92,-5.81246280670166,6.941290378570557,4.0
14,93,-11.174793243408203,9.346095085144043,33.0
14,94,-6.513246536254883,3.679030418395996,11.0
14,95,-15.989421844482422,4.947795391082764,136.0
14,96,-10.616937637329102,34.431758880615234,42.0
14,97,-4.540656089782715,4.5428385734558105,4.0
14,98,-23.03067970275879,8.114870071411133,39.0
14,99,-16.52954864501953,7.894715309143066,178.0
14,100,-17.902782440185547,12.904040336608887,121.0
14,101,-26.489099502563477,11.112825393676758,185.0
14,102,-19.670902252197266,136.6913604736328,68.0
14,103,-10.965991973876953,38.6803092956543,1073.0
14,104,-25.13991928100586,4358.89306640625,17972.0
14,105,-41.61137390136719,64.14445495605469,529.0
14,106,-32.554141998291016,104.64690399169922,496.0
14,107,-11.20660400390625,41.91042709350586,44.0
14,108,-20.69087028503418,62.68825149536133,45.0
14,109,-7.767168998718262,13.317197799682617,9.0
14,110,-22.01318359375,245.499755859375,4114.0
14,111,-9.533525466918945,4.898460388183594,21.0
14,112,-15.440580368041992,21.93571662902832,55.0
14,113,-11.23001480102539,16.568506240844727,13.0
14,114,-7.824553489685059,7.071965217590332,6.0
14,115,-18.665966033935547,22.443349838256836,128.0
14,116,-14.59033203125,11.378458976745605,19.0
14,117,-4.276060104370117,1.8420253992080688,2.0
14,118,-15.250118255615234,2.333172082901001,10.0
14,119,-5.397156715393066,1.9633351564407349,3.0
14,120,-8.983295440673828,19.97400665283203,30.0
14,121,-14.156928062438965,10.585530281066895,31.0
14,122,-24.504295349121094,9.278160095214844,79.0
14,123,-7.578408718109131,6.64990234375,2.0
14,124,-17.018692016601562,17.055089950561523,28.0
14,125,-14.881178855895996,41.27655792236328,143.0
14,126,-13.238992691040039,82.5164566040039,1103.0
14,127,-13.685613632202148,95.76248931884766,109.0
14,128,-11.044742584228516,6.301517009735107,22.0
14,129,-22.900348663330078,26.35026741027832,69.0
14,130,-13.434529304504395,826.553466796875,1312.0
14,131,-16.936100006103516,8.306285858154297,535.0
14,132,-26.287479400634766,79.9376220703125,206.0
14,133,-15.665279388427734,13.611021995544434,33.0
14,134,-20.650983810424805,976.1939086914062,362.0
14,135,-10.800384521484375,221.44900512695312,45.0
14,136,-2.542652130126953,2.33392333984375,2.0
14,137,-6.5547027587890625,5.1483473777771,2.0
14,138,-9.568802833557129,4.9273457527160645,5.0
14,139,-18.639705657958984,14.336591720581055,52.0
14,140,-18.83205795288086,43.22467803955078,31.0
14,141,-13.325212478637695,14.368558883666992,47.0
14,142,-6.491535186767578,5.067683696746826,2.0
14,143,-8.407792091369629,16.48741340637207,93.0
14,144,-9.899007797241211,27.103673934936523,94.0
14,145,-8.922327041625977,9.305277824401855,10.0
14,146,-6.814709186553955,30.185285568237305,10.0
14,147,-9.164631843566895,3.7033324241638184,12.0
14,148,-2.2192180156707764,2.0953893661499023,1.0
14,149,-32.221923828125,629.1593627929688,855.0
14,150,-11.125406265258789,40.79129409790039,12.0
14,151,-18.33734703063965,39.152706146240234,43.0
14,152,-9.588788986206055,24.441024780273438,24.0
14,153,-10.897809982299805,8.842432975769043,5.0
14,154,-22.611536026000977,285.112548828125,1092.0
14,155,-20.890382766723633,185.4148406982422,80.0
14,156,-12.096924781799316,56.39091491699219,86.0
14,157,-13.697564125061035,96.14472198486328,128.0
14,158,-5.308721542358398,3.770397186279297,3.0
14,159,-13.042520523071289,679.43408203125,1162.0
14,160,-10.439193725585938,32.45100021362305,25.0
14,161,-14.790403366088867,11.764272689819336,37.0
14,162,-19.641176223754883,8.867146492004395,144.0
14,163,-6.191259860992432,7.875473499298096,10.0
14,164,-9.189207077026367,21.39311408996582,10.0
14,165,-19.197799682617188,24.52353858947754,23.0
14,166,-18.649616241455078,2.3342947959899902,18.0
14,167,-19.944101333618164,17.27322006225586,106.0
14,168,-5.254351615905762,2.8601391315460205,3.0
14,169,-10.915321350097656,15.314963340759277,12.0
14,170,-21.06569480895996,33.48003005981445,46.0
14,171,-18.48719596862793,40.3438606262207,124.0
14,172,-12.536362648010254,8.080016136169434,9.0
14,173,-13.228689193725586,14.093840599060059,481.0
14,174,-15.753885269165039,9.493003845214844,11.0
14,175,-23.798234939575195,116.70471954345703,188.0
14,176,-16.372751235961914,15.314374923706055,18.0
14,177,-16.836185455322266,2.692214012145996,11.0
14,178,-29.387882232666016,7.093594074249268,31.0
14,179,-15.228997230529785,2027.3780517578125,7098.0
14,180,-16.093097686767578,55.883792877197266,30.0
14,181,-14.836149215698242,140.52467346191406,641.0
14,182,-19.530784606933594,131.9860382080078,80.0
14,183,-13.441402435302734,28.799285888671875,23.0
14,184,-39.87053680419922,297.612060546875,918.0
14,185,-13.585689544677734,6.964409828186035,51.0
14,186,-8.701045989990234,5.698535919189453,38.0
14,187,-11.760228157043457,357.8500671386719,1061.0
14,188,-14.168481826782227,112.48585510253906,3044.0
14,189,-8.793647766113281,18.750415802001953,17.0
14,190,-29.926666259765625,42.13308334350586,45.0
14,191,-19.098220825195312,45.58798599243164,1166.0
14,192,-16.250579833984375,15.00570011138916,26.0
14,193,-12.320160865783691,21.75927734375,26.0
14,194,-16.78329849243164,4410.0849609375,500.0
14,195,-7.754146575927734,6.948575496673584,31.0
14,196,-21.559520721435547,219.1771240234375,9796.0
14,197,-12.254974365234375,21.407548904418945,1887.0
14,198,-20.7650203704834,7.9765191078186035,140.0
14,199,-19.384477615356445,48.274112701416016,66.0
14,200,-38.834625244140625,19.831645965576172,302.0
14,201,-10.343923568725586,176.26028442382812,348.0
14,202,-7.535300254821777,43.27824783325195,78.0
14,203,-40.797855377197266,59.132774353027344,4068.0
14,204,-10.24439811706543,12.95004940032959,5.0
14,205,-16.306381225585938,26.082801818847656,802.0
14,206,-6.150689125061035,4.653745174407959,15.0
14,207,-15.91767692565918,53.4859619140625,1719.0
14,208,-18.765819549560547,520.7516479492188,2491.0
14,209,-26.315513610839844,26.82781410217285,4201.0
14,210,-4.064020156860352,2.2542200088500977,2.0
14,211,-22.02358055114746,1542.5523681640625,7004.0
14,212,-9.55722713470459,10.90593147277832,14.0
14,213,-18.349605560302734,453.2913818359375,2166.0
14,214,-12.271985054016113,21.498783111572266,41.0
14,215,-37.29199981689453,22.368791580200195,113.0
14,216,-11.384907722473145,17.22267723083496,11.0
14,217,-19.336029052734375,629.7626342773438,997.0
14,218,-12.226934432983398,21.258007049560547,15.0
14,219,-16.26569366455078,58.347904205322266,220.0
14,220,-21.147171020507812,1151.772216796875,11101.0
14,221,-7.084719181060791,4.124495983123779,2.0
14,222,-23.068965911865234,26.99270248413086,203.0
14,223,-4.524275779724121,4.518101215362549,3.0
14,224,-2.0927891731262207,2.8473665714263916,1.0
14,225,-17.509489059448242,12.199020385742188,325.0
14,226,-14.066980361938477,108.74366760253906,417.0
14,227,-14.528226852416992,37.790462493896484,114.0
14,228,-14.527009963989258,7.966833591461182,246.0
14,229,-27.237041473388672,9.677014350891113,143.0
14,230,-25.719018936157227,13.090696334838867,296.0
14,231,-9.3104829788208,4.7197089195251465,5.0
14,232,-1.6612212657928467,1.7397483587265015,1.0
14,233,-10.408659934997559,32.12239074707031,117.0
14,234,-15.121719360351562,43.834877014160156,67.0
14,235,-17.464683532714844,78.74154663085938,250.0
14,236,-11.129252433776855,40.8436279296875,33.0
14,237,-37.51549530029297,1813.6541748046875,7580.0
14,238,-45.99638366699219,46.2024040222168,10827.0
14,239,-8.999757766723633,4.481507778167725,6.0
14,240,-18.595443725585938,22.18109893798828,1966.0
14,241,-8.611767768859863,17.647415161132812,80.0
14,242,-38.15279769897461,232.85125732421875,1441.0
14,243,-18.3297119140625,13.715550422668457,39.0
14,244,-6.690591812133789,9.3016996383667,8.0
14,245,-12.56341552734375,12.337990760803223,39.0
14,246,-8.835750579833984,9.106038093566895,27.0
14,247,-21.559123992919922,36.34975051879883,151.0
14,248,-11.210490226745605,4.960460662841797,5.0
14,249,-14.303567886352539,17.473989486694336,80.0
14,250,-33.82295227050781,68.57095336914062,1842.0
14,251,-20.690187454223633,62.6796989440918,186.0
14,252,-23.90958023071289,19.859798431396484,51.0
14,253,-32.52964401245117,669.0969848632812,825.0
14,254,-16.94351577758789,16.84273338317871,35.0
14,255,-18.138643264770508,13.34623908996582,42.0
14,256,-17.620464324951172,81.86864471435547,273.0
14,257,-16.214611053466797,57.60749816894531,948.0
14,258,-7.730086326599121,4.692742824554443,4.0
14,259,-17.49961280822754,33.112884521484375,201.0
14,260,-9.286351203918457,22.09718894958496,40.0
14,261,-38.294281005859375,24.317346572875977,1451.0
14,262,-14.676715850830078,133.2515411376953,119.0
14,263,-20.13486099243164,56.09082794189453,74.0
14,264,-8.6253023147583,17.727210998535156,64.0
14,265,-9.788086891174316,26.119848251342773,219.0
14,266,-9.811196327209473,26.321836471557617,251.0
14,267,-15.109960556030273,43.706207275390625,86.0
14,268,-22.801284790039062,44.710750579833984,140.0
14,269,-3.669600009918213,2.08323073387146,1.0
14,270,-3.8929731845855713,2.178408622741699,1.0
14,271,-16.846126556396484,16.571556091308594,102.0
14,272,-7.7937822341918945,13.435860633850098,10.0
14,273,-12.104448318481445,20.616920471191406,42.0
14,274,-13.356208801269531,28.192394256591797,184.0
14,275,-7.988666534423828,7.368149757385254,37.0
14,276,-15.949203491210938,9.761612892150879,14.0
14,277,-20.164962768554688,154.6617889404297,831.0
14,278,-31.541004180908203,90.54598999023438,181.0
14,279,-16.27719497680664,25.93099594116211,164.0
14,280,-19.16498565673828,10.975034713745117,99.0
14,281,-12.60144329071045,66.71841430664062,62.0
14,282,-8.820661544799805,18.920021057128906,20.0
14,283,-15.12630844116211,154.79518127441406,1490.0
14,284,-13.235383987426758,14.112725257873535,325.0
14,285,-34.100746154785156,22.1994571685791,58.0
14,286,-37.21766662597656,29.47151756286621,83.0
14,287,-3.204223871231079,4.963504314422607,3.0
14,288,-17.138263702392578,30.804256439208984,662.0
14,289,-39.7630615234375,53.31971740722656,476.0
14,290,-19.073566436767578,117.729736328125,230.0
14,291,-10.22944450378418,12.901726722717285,90.0
14,292,-9.114874839782715,9.764161109924316,14.0
14,293,-1.711211919784546,1.533883810043335,1.0
14,294,-17.830129623413086,86.27435302734375,125.0
14,295,-6.878124237060547,31.1577205657959,58.0
14,296,-33.023162841796875,39.22209548950195,338.0
14,297,-22.90668487548828,26.374126434326172,90.0
14,298,-22.14066505432129,83.77486419677734,3962.0
14,299,-19.468379974365234,16885.15234375,718.0
14,300,-25.07918930053711,279175.15625,6530.0
14,301,-26.527782440185547,19.058847427368164,471.0
14,302,-10.453752517700195,13.645886421203613,14.0
14,303,-20.332509994506836,58.35249328613281,562.0
16,0,-24.692672729492188,61.279518127441406,125.0
16,1,-3.202415943145752,2.2268855571746826,1.0
16,2,-13.196861267089844,81.36570739746094,29.0
16,3,-9.778203964233398,26.033946990966797,160.0
16,4,-20.00214958190918,17.417057037353516,139.0
16,5,-30.890422821044922,30.94678497314453,164.0
16,6,-39.82379913330078,83.50167083740234,3010.0
16,7,-15.850053787231445,9.624321937561035,373.0
16,8,-5.413511276245117,6.076955795288086,5.0
16,9,-18.465316772460938,40.167701721191406,254.0
16,10,-21.79613494873047,232.5333709716797,887.0
16,11,-12.114892959594727,11.279406547546387,21.0
16,12,-7.650462627410889,6.77077579498291,4.0
16,13,-17.749841690063477,12.625161170959473,32.0
16,14,-20.527725219726562,936.8986206054688,445.0
16,15,-7.685262680053711,2.613415241241455,15.0
16,16,-8.64866828918457,8.689949035644531,38.0
16,17,-16.613590240478516,254.1343994140625,162.0
16,18,-20.998844146728516,36294.5234375,2049.0
16,19,-20.262699127197266,18.077556610107422,52.0
16,20,-15.86865234375,23.896459579467773,30.0
16,21,-12.864723205566406,72.83822631835938,47.0
16,22,-10.965612411499023,8.963155746459961,23.0
16,23,-4.879359722137451,2.0078237056732178,3.0
16,24,-6.931872367858887,10.080714225769043,7.0
16,25,-4.1338019371032715,3.9666976928710938,2.0
16,26,-4.879454612731934,3.386725902557373,3.0
16,27,-11.273309707641602,9.532071113586426,106.0
16,28,-12.610261917114258,4.836942195892334,31.0
16,29,-21.211471557617188,20.70158576965332,50.0
16,30,-6.616517066955566,3.755808115005493,9.0
16,31,-8.789591789245605,18.725082397460938,25.0
16,32,-11.354020118713379,17.09019660949707,200.0
16,33,-12.34109115600586,4.676904201507568,12.0
16,34,-13.105988502502441,78.9380111694336,211.0
16,35,-7.247585296630859,11.199419021606445,25.0
16,36,-18.147441864013672,423.75146484375,505.0
16,37,-24.85167694091797,12.003133773803711,199.0
16,38,-45.07346725463867,60.19492721557617,14277.0
16,39,-10.647204399108887,34.7808952331543,56.0
16,40,-11.497769355773926,46.18198776245117,38.0
16,41,-10.540968894958496,13.946691513061523,23.0
16,42,-11.717145919799805,350.2239990234375,585.0
16,43,-39.154884338378906,682.53515625,3364.0
16,44,-4.4295654296875,9.159419059753418,4.0
16,45,-11.106731414794922,6.3669586181640625,9.0
16,46,-13.925716400146484,103.7418212890625,140.0
16,47,-7.969435691833496,7.332810878753662,38.0
16,48,-24.476375579833984,454.45269775390625,4024.0
16,49,-17.44115447998047,6.944194793701172,31.0
16,50,-16.22083282470703,222.94927978515625,2374.0
16,51,-14.311861038208008,117.99241638183594,146.0
16,52,-9.886798858642578,7.22364616394043,63.0
16,53,-9.213101387023926,21.564184188842773,87.0
16,54,-34.18669128417969,298.20526123046875,9070.0
16,55,-20.225008010864258,29.102806091308594,22.0
16,56,-7.69724178314209,13.010376930236816,18.0
16,57,-7.491365432739258,6.506758689880371,3.0
16,58,-12.696114540100098,23.903589248657227,79.0
16,59,-27.523605346679688,51.006019592285156,265.0
16,60,-11.008605003356934,15.676319122314453,58.0
16,61,-11.844030380249023,51.832130432128906,36.0
16,62,-23.56589126586914,361.9379577636719,232.0
16,63,-10.922481536865234,4.7605085372924805,15.0
16,64,-9.874141693115234,7.205382823944092,22.0
16,65,-6.461118698120117,8.616735458374023,5.0
16,66,-16.189823150634766,14.85451602935791,8.0
16,67,-6.6196208000183105,3.7581400871276855,8.0
16,68,-16.003246307373047,7.392055034637451,58.0
16,69,-9.093889236450195,20.724084854125977,14.0
16,70,-9.180257797241211,9.925076484680176,20.0
16,71,-27.315866470336914,5.513731956481934,175.0
16,72,-14.220823287963867,34.99502182006836,26.0
16,73,-13.963510513305664,32.814735412597656,23.0
16,74,-14.830777168273926,140.27328491210938,264.0
16,75,-11.976364135742188,2.71293306350708,7.0
16,76,-8.064567565917969,5.0174078941345215,11.0
16,77,-14.063520431518555,16.65489387512207,60.0
16,78,-10.268448829650879,5.536752700805664,3.0
16,79,-14.985267639160156,4.475091457366943,71.0
16,80,-8.141252517700195,5.094953536987305,27.0
16,81,-11.109435081481934,4.009551525115967,94.0
16,82,-5.12275505065918,2.785844326019287,4.0
16,83,-22.6569881439209,7.843822002410889,291.0
16,84,-7.986688613891602,14.32819938659668,53.0
16,85,-4.160496711730957,8.006457328796387,3.0
16,86,-7.669294357299805,12.889739036560059,4.0
16,87,-33.87580108642578,69.02543640136719,226.0
16,88,-15.162555694580078,6.654674053192139,28.0
16,89,-15.83377456665039,23.73035430908203,46.0
16,90,-15.597189903259277,22.63365364074707,447.0
16,91,-16.765432357788086,16.350177764892578,15.0
16,92,-4.955012321472168,5.215686798095703,3.0
16,93,-11.376277923583984,9.730406761169434,34.0
16,94,-6.11464786529541,3.397125482559204,7.0
16,95,-15.24753189086914,4.594009876251221,128.0
16,96,-10.899788856506348,37.8360710144043,34.0
16,97,-4.400970458984375,4.336164474487305,5.0
16,98,-22.44363021850586,7.6931471824646,35.0
16,99,-17.040647506713867,8.415548324584961,185.0
16,100,-17.714162826538086,12.560973167419434,98.0
16,101,-26.17152214050293,10.796579360961914,219.0
16,102,-19.745698928833008,139.2714385986328,68.0
16,103,-10.78880500793457,36.46192169189453,1032.0
16,104,-24.268686294555664,3260.2607421875,18886.0
16,105,-38.85637664794922,48.69799041748047,284.0
16,106,-31.626270294189453,91.6556625366211,546.0
16,107,-11.333462715148926,43.720664978027344,42.0
16,108,-20.76702880859375,63.6504020690918,52.0
16,109,-7.031942844390869,10.422646522521973,7.0
16,110,-23.356689453125,343.49493408203125,6600.0
16,111,-8.70128059387207,4.26402473449707,10.0
16,112,-14.125348091125488,16.862119674682617,46.0
16,113,-10.75374984741211,14.708674430847168,11.0
16,114,-6.933538913726807,5.659778594970703,6.0
16,115,-17.723388671875,19.180578231811523,127.0
16,116,-13.463714599609375,9.430532455444336,12.0
16,117,-3.8644304275512695,1.7368297576904297,3.0
16,118,-15.565254211425781,2.374379873275757,11.0
16,119,-4.776521682739258,1.8167791366577148,3.0
16,120,-9.35662841796875,22.620943069458008,38.0
16,121,-13.447378158569336,9.404890060424805,26.0
16,122,-24.39925193786621,9.189981460571289,89.0
16,123,-7.079687118530273,5.870394229888916,3.0
16,124,-16.776920318603516,16.381511688232422,23.0
16,125,-14.377702713012695,36.39479064941406,127.0
16,126,-13.528236389160156,90.86839294433594,1139.0
16,127,-12.590017318725586,66.46479797363281,67.0
16,128,-10.604562759399414,5.855767726898193,13.0
16,129,-22.23891258239746,23.97442054748535,73.0
16,130,-13.528268814086914,866.216064453125,1341.0
16,131,-17.37169647216797,8.771099090576172,434.0
16,132,-26.990833282470703,89.87970733642578,193.0
16,133,-16.082595825195312,14.59140396118164,41.0
16,134,-19.900672912597656,760.1819458007812,255.0
16,135,-11.20574951171875,271.2049255371094,47.0
16,136,-2.1834888458251953,2.0705819129943848,2.0
16,137,-6.104950904846191,4.600834846496582,2.0
16,138,-9.01608943939209,4.493723392486572,3.0
16,139,-18.216449737548828,13.495414733886719,53.0
16,140,-18.6589412689209,41.75370407104492,30.0
16,141,-13.57751750946045,15.112215995788574,48.0
16,142,-6.078106880187988,4.570061683654785,2.0
16,143,-8.37503719329834,16.308382034301758,87.0
16,144,-9.980661392211914,27.85150909423828,98.0
16,145,-8.936954498291016,9.339367866516113,11.0
16,146,-6.521437168121338,26.068262100219727,8.0
16,147,-8.755281448364258,3.4929773807525635,13.0
16,148,-2.27239990234375,2.1328659057617188,2.0
16,149,-32.119056701660156,616.3478393554688,771.0
16,150,-10.551280975341797,33.68638229370117,13.0
16,151,-17.750669479370117,34.8179817199707,31.0
16,152,-9.555627822875977,24.172346115112305,23.0
16,153,-10.517959594726562,8.195554733276367,3.0
16,154,-23.465497970581055,352.96697998046875,1279.0
16,155,-21.8771915435791,237.2935333251953,89.0
16,156,-12.495916366577148,64.41236877441406,86.0
16,157,-14.276620864868164,116.6144790649414,165.0
16,158,-5.254632949829102,3.7197563648223877,3.0
16,159,-12.935434341430664,644.0119018554688,1073.0
16,160,-10.401220321655273,32.04283142089844,20.0
16,161,-14.887703895568848,11.956605911254883,40.0
16,162,-18.76319122314453,8.042975425720215,115.0
16,163,-5.826570510864258,6.974009037017822,6.0
16,164,-8.978376388549805,19.941282272338867,8.0
16,165,-20.39100456237793,29.919206619262695,26.0
16,166,-17.269920349121094,2.192399024963379,13.0
16,167,-20.77359390258789,19.446290969848633,144.0
16,168,-4.577942848205566,2.4982450008392334,2.0
16,169,-9.854362487792969,11.746914863586426,12.0
16,170,-21.38888168334961,35.33286666870117,49.0
16,171,-18.766632080078125,42.662757873535156,127.0
16,172,-12.99979305267334,8.728837013244629,9.0
16,173,-13.016776084899902,13.508987426757812,410.0
16,174,-16.18411636352539,10.094762802124023,11.0
16,175,-24.730857849121094,140.6355438232422,191.0
16,176,-15.842972755432129,14.020149230957031,20.0
16,177,-16.693172454833984,2.6696605682373047,11.0
16,178,-28.53354263305664,6.700862407684326,22.0
16,179,-14.967365264892578,1778.779296875,6464.0
16,180,-16.611656188964844,63.619117736816406,25.0
16,181,-14.925715446472168,144.78330993652344,674.0
16,182,-20.39256477355957,163.71731567382812,110.0
16,183,-12.982993125915527,25.680919647216797,16.0
16,184,-40.26150131225586,314.7073669433594,910.0
16,185,-13.190292358398438,6.581927299499512,45.0
16,186,-7.803096771240234,4.761769771575928,37.0
16,187,-12.191876411437988,444.0504455566406,1250.0
16,188,-14.054500579833984,108.29224395751953,2879.0
16,189,-8.073929786682129,14.750985145568848,19.0
16,190,-28.805925369262695,36.62535095214844,44.0
16,191,-16.448040008544922,26.83234405517578,1198.0
16,192,-16.38311004638672,15.340837478637695,27.0
16,193,-13.04486083984375,26.081212997436523,25.0
16,194,-17.127918243408203,5239.3837890625,548.0
16,195,-7.431446075439453,6.410014629364014,28.0
16,196,-21.442609786987305,212.86378479003906,9144.0
16,197,-12.01428508758545,20.15739631652832,1667.0
16,198,-18.851167678833008,6.587124347686768,113.0
16,199,-17.30988121032715,31.87991714477539,33.0
16,200,-38.62876892089844,19.520078659057617,193.0
16,201,-10.591588020324707,199.4959716796875,388.0
16,202,-7.759089946746826,48.402183532714844,82.0
16,203,-38.0135612487793,44.7618408203125,2983.0
16,204,-8.580181121826172,8.542428016662598,5.0
16,205,-16.67803192138672,28.095413208007812,802.0
16,206,-5.688485622406006,4.145906448364258,11.0
16,207,-14.97165298461914,42.22080993652344,1576.0
16,208,-16.606334686279297,253.52052307128906,2068.0
16,209,-26.274660110473633,26.691162109375,4427.0
16,210,-3.975344657897949,2.2145936489105225,2.0
16,211,-19.24401092529297,610.739501953125,1694.0
16,212,-9.904373168945312,11.894704818725586,21.0
16,213,-17.83810043334961,382.23419189453125,2201.0
16,214,-8.654799461364746,8.703279495239258,28.0
16,215,-36.75146484375,21.38355255126953,106.0
16,216,-9.944746017456055,12.015368461608887,5.0
16,217,-19.72617530822754,717.2265625,1059.0
16,218,-11.442452430725098,17.47223663330078,17.0
16,219,-15.866405487060547,52.80475997924805,161.0
16,220,-19.806903839111328,736.7886962890625,9113.0
16,221,-7.413405895233154,4.4047393798828125,4.0
16,222,-23.754926681518555,29.771778106689453,200.0
16,223,-4.461419105529785,4.424422264099121,3.0
16,224,-2.22459077835083,3.0413312911987305,1.0
16,225,-18.569215774536133,14.19294548034668,257.0
16,226,-14.230995178222656,114.85440063476562,517.0
16,227,-13.252521514892578,27.47098731994629,208.0
16,228,-15.990541458129883,9.819429397583008,235.0
16,229,-27.319499969482422,9.743739128112793,126.0
16,230,-24.542625427246094,11.637847900390625,328.0
16,231,-8.458036422729492,4.0946149826049805,6.0
16,232,-1.2866110801696777,1.5355219841003418,1.0
16,233,-10.887993812561035,37.6876106262207,142.0
16,234,-15.967596054077148,54.15763473510742,69.0
16,235,-17.219375610351562,74.05765533447266,249.0
16,236,-12.003886222839355,54.66892623901367,34.0
16,237,-34.44940948486328,982.2855834960938,1807.0
16,238,-42.16053009033203,33.56142807006836,11333.0
16,239,-8.480023384094238,4.109647274017334,7.0
16,240,-18.66886329650879,22.454187393188477,2166.0
16,241,-8.598387718200684,17.568880081176758,79.0
16,242,-39.20263671875,270.52825927734375,1776.0
16,243,-18.545631408691406,14.145207405090332,36.0
16,244,-7.572848796844482,12.481942176818848,11.0
16,245,-11.611775398254395,10.199666976928711,24.0
16,246,-8.58670425415039,8.55636978149414,25.0
16,247,-22.269866943359375,40.921043395996094,179.0
16,248,-11.225275993347168,4.970949172973633,4.0
16,249,-14.36088752746582,17.675466537475586,101.0
16,250,-33.35052490234375,64.63884735107422,1994.0
16,251,-20.4259033203125,59.45268249511719,208.0
16,252,-24.211780548095703,20.62435531616211,57.0
16,253,-32.44858169555664,658.336669921875,1132.0
16,254,-16.282875061035156,15.086686134338379,35.0
16,255,-18.098773956298828,13.270441055297852,46.0
16,256,-17.418197631835938,77.83174133300781,268.0
16,257,-18.032522201538086,90.75199890136719,872.0
16,258,-6.23772668838501,3.481786012649536,2.0
16,259,-15.760551452636719,23.38536262512207,191.0
16,260,-9.112747192382812,20.85476303100586,36.0
16,261,-35.79206466674805,19.74049186706543,1345.0
16,262,-14.14818286895752,111.72731018066406,125.0
16,263,-20.328792572021484,58.30912780761719,82.0
16,264,-9.036306381225586,20.33009147644043,70.0
16,265,-9.168776512145996,21.24791717529297,123.0
16,266,-9.981749534606934,27.861610412597656,257.0
16,267,-15.464345932006836,47.755130767822266,84.0
16,268,-22.668075561523438,43.72904586791992,112.0
16,269,-3.39601469039917,1.9723049402236938,1.0
16,270,-3.878572940826416,2.1721436977386475,1.0
16,271,-16.80084991455078,16.446975708007812,108.0
16,272,-7.629848957061768,12.721366882324219,7.0
16,273,-11.029481887817383,15.758350372314453,27.0
16,274,-12.162400245666504,20.91779136657715,116.0
16,275,-7.745521545410156,6.9336090087890625,33.0
16,276,-14.837494850158691,8.328155517578125,12.0
16,277,-19.50818634033203,131.2424774169922,639.0
16,278,-28.647289276123047,59.887611389160156,213.0
16,279,-14.731592178344727,19.035741806030273,168.0
16,280,-18.408662796020508,9.984989166259766,75.0
16,281,-12.893245697021484,73.53404998779297,77.0
16,282,-8.906878471374512,19.471651077270508,21.0
16,283,-15.190384864807129,158.1370086669922,1373.0
16,284,-12.93488597869873,13.28954029083252,268.0
16,285,-33.9979248046875,21.992916107177734,84.0
16,286,-37.0016975402832,28.898530960083008,118.0
16,287,-2.755798101425171,3.9665591716766357,3.0
16,288,-15.748846054077148,23.3306827545166,513.0
16,289,-39.94906997680664,54.32078552246094,568.0
16,290,-18.845264434814453,111.19841766357422,191.0
16,291,-10.150803565979004,12.650552749633789,74.0
16,292,-9.787496566772461,11.552180290222168,16.0
16,293,-1.4512505531311035,1.4373666048049927,1.0
16,294,-17.922229766845703,88.28387451171875,88.0
16,295,-6.2256760597229,22.484766006469727,44.0
16,296,-32.378196716308594,36.509674072265625,320.0
16,297,-23.944469451904297,30.588943481445312,134.0
16,298,-20.768789291381836,63.67283248901367,4677.0
16,299,-20.325138092041016,25914.7890625,873.0
16,300,-25.886058807373047,417913.34375,7352.0
16,301,-26.209089279174805,18.395776748657227,446.0
16,302,-10.757336616516113,14.721870422363281,18.0
16,303,-17.576034545898438,33.62288284301758,557.0
18,0,-24.477920532226562,59.124961853027344,119.0
18,1,-3.1666581630706787,2.2070672512054443,1.0
18,2,-12.696471214294434,68.86563110351562,26.0
18,3,-9.844882011413574,26.619056701660156,165.0
18,4,-20.037439346313477,17.505084991455078,137.0
18,5,-31.46161651611328,32.97452163696289,174.0
18,6,-40.19416046142578,87.00952911376953,3222.0
18,7,-16.492216110229492,10.548998832702637,401.0
18,8,-5.580161094665527,6.424081802368164,5.0
18,9,-18.33151626586914,39.1070671081543,225.0
18,10,-20.911449432373047,186.39393615722656,639.0
18,11,-12.351119995117188,11.825094223022461,28.0
18,12,-7.737591743469238,6.919877052307129,6.0
18,13,-15.352869987487793,8.96445369720459,41.0
18,14,-20.209047317504883,842.4793090820312,394.0
18,15,-7.329261779785156,2.4996676445007324,13.0
18,16,-9.069066047668457,9.65297794342041,56.0
18,17,-16.897876739501953,279.3947448730469,175.0
18,18,-21.340288162231445,43051.14453125,2445.0
18,19,-19.664283752441406,16.596359252929688,45.0
18,20,-15.675276756286621,22.98990821838379,27.0
18,21,-13.084665298461914,78.3789291381836,44.0
18,22,-11.330921173095703,9.642538070678711,29.0
18,23,-4.560730934143066,1.918479561805725,3.0
18,24,-6.911229133605957,10.011587142944336,7.0
18,25,-4.3704729080200195,4.292306900024414,3.0
18,26,-4.941235542297363,3.4394407272338867,3.0
18,27,-10.853973388671875,8.765246391296387,97.0
18,28,-12.420170783996582,4.723364353179932,31.0
18,29,-20.10407066345215,17.672504425048828,44.0
18,30,-6.316877365112305,3.537341594696045,8.0
18,31,-8.712005615234375,18.24702262878418,26.0
18,32,-11.504631042480469,17.74595832824707,210.0
18,33,-12.455313682556152,4.74415922164917,10.0
18,34,-13.250700950622559,82.83910369873047,222.0
18,35,-7.202448844909668,11.032176971435547,24.0
18,36,-17.0894832611084,297.8215637207031,375.0
18,37,-25.274049758911133,12.52097225189209,218.0
18,38,-44.71436309814453,58.26152038574219,14385.0
18,39,-10.62739086151123,34.55193328857422,58.0
18,40,-11.735681533813477,49.9935417175293,41.0
18,41,-10.364909172058105,13.34614086151123,20.0
18,42,-11.648101806640625,338.3398742675781,570.0
18,43,-39.53627014160156,727.3285522460938,3376.0
18,44,-4.386081695556641,8.962424278259277,4.0
18,45,-11.442609786987305,6.73354434967041,10.0
18,46,-13.961204528808594,104.97631072998047,162.0
18,47,-8.032381057739258,7.44911527633667,39.0
18,48,-23.49652862548828,355.7157897949219,3601.0
18,49,-17.16515350341797,6.734471797943115,27.0
18,50,-16.318025588989258,230.2906036376953,2286.0
18,51,-14.21324348449707,114.1767578125,154.0
18,52,-9.760178565979004,7.043010234832764,59.0
18,53,-9.81236743927002,26.332109451293945,121.0
18,54,-34.24235153198242,300.984375,9542.0
18,55,-20.124286651611328,28.61833953857422,23.0
18,56,-7.51997184753418,12.263867378234863,20.0
18,57,-7.293514251708984,6.192746162414551,3.0
18,58,-13.129318237304688,26.637754440307617,102.0
18,59,-26.577808380126953,44.5596923828125,266.0
18,60,-10.792535781860352,14.851991653442383,55.0
18,61,-11.91777229309082,53.12197494506836,37.0
18,62,-23.605735778808594,365.561279296875,242.0
18,63,-10.875226974487305,4.728480339050293,16.0
18,64,-9.384594917297363,6.533344745635986,21.0
18,65,-6.260429382324219,8.059165000915527,5.0
18,66,-16.249698638916016,15.003495216369629,11.0
18,67,-6.786509990692139,3.885694980621338,7.0
18,68,-14.916254043579102,6.452913761138916,46.0
18,69,-9.231613159179688,21.697660446166992,14.0
18,70,-9.314136505126953,10.262887001037598,20.0
18,71,-25.263816833496094,4.850047588348389,202.0
18,72,-13.6563720703125,30.389373779296875,22.0
18,73,-13.850099563598633,31.897411346435547,20.0
18,74,-14.807052612304688,139.1683349609375,256.0
18,75,-11.461530685424805,2.599001884460449,7.0
18,76,-8.003175735473633,4.956179618835449,13.0
18,77,-14.021827697753906,16.5165958404541,55.0
18,78,-10.017187118530273,5.309678077697754,3.0
18,79,-15.043309211730957,4.501140594482422,75.0
18,80,-7.935730934143066,4.889774322509766,26.0
18,81,-11.064708709716797,3.9871976375579834,98.0
18,82,-5.352591514587402,2.916890859603882,4.0
18,83,-22.679439544677734,7.859848499298096,276.0
18,84,-7.905545711517334,13.945850372314453,54.0
18,85,-4.437668800354004,9.19660472869873,3.0
18,86,-7.9531097412109375,14.168716430664062,6.0
18,87,-34.87116622924805,78.17076873779297,255.0
18,88,-15.164339065551758,6.656157493591309,29.0
18,89,-15.611417770385742,22.698150634765625,45.0
18,90,-16.423290252685547,26.69985008239746,525.0
18,91,-16.67865562438965,16.11540985107422,12.0
18,92,-4.594862937927246,4.625669002532959,3.0
18,93,-11.538269996643066,10.050816535949707,34.0
18,94,-6.2579498291015625,3.495897054672241,5.0
18,95,-14.561935424804688,4.289600372314453,98.0
18,96,-11.4052152633667,44.77896499633789,37.0
18,97,-4.384979724884033,4.313113212585449,5.0
18,98,-21.87691879272461,7.306839466094971,34.0
18,99,-17.248794555664062,8.637380599975586,174.0
18,100,-17.76720428466797,12.656514167785645,96.0
18,101,-25.818349838256836,10.455442428588867,229.0
18,102,-19.555307388305664,132.7976837158203,67.0
18,103,-10.661432266235352,34.94623947143555,974.0
18,104,-22.89223861694336,2060.58740234375,17646.0
18,105,-37.48617172241211,42.46232223510742,217.0
18,106,-31.093650817871094,84.94043731689453,553.0
18,107,-11.306868553161621,43.334808349609375,48.0
18,108,-20.517436981201172,60.551090240478516,51.0
18,109,-6.510336399078369,8.75926685333252,4.0
18,110,-23.331165313720703,341.31005859375,7210.0
18,111,-8.475927352905273,4.106842517852783,9.0
18,112,-13.568025588989258,15.08355712890625,48.0
18,113,-10.40593147277832,13.483717918395996,9.0
18,114,-6.7441864013671875,5.398097991943359,6.0
18,115,-17.447650909423828,18.319055557250977,123.0
18,116,-12.842575073242188,8.503087043762207,12.0
18,117,-3.6925947666168213,1.6947132349014282,3.0
18,118,-16.167795181274414,2.4552063941955566,14.0
18,119,-4.482095718383789,1.751131296157837,2.0
18,120,-9.47918701171875,23.564208984375,51.0
18,121,-12.968607902526855,8.683587074279785,24.0
18,122,-24.154720306396484,8.987940788269043,78.0
18,123,-6.756801605224609,5.415148735046387,2.0
18,124,-16.68994903564453,16.14577293395996,20.0
18,125,-14.215378761291504,34.94742202758789,120.0
18,126,-13.629490852355957,93.9876937866211,1144.0
18,127,-11.977029800415039,54.181697845458984,48.0
18,128,-10.231489181518555,5.502751350402832,13.0
18,129,-21.63177490234375,21.982650756835938,72.0
18,130,-13.678418159484863,933.7503051757812,1481.0
18,131,-17.25571060180664,8.644850730895996,390.0
18,132,-26.81722068786621,87.31626892089844,189.0
18,133,-16.379596710205078,15.331856727600098,45.0
18,134,-19.60946273803711,689.8592529296875,213.0
18,135,-11.594805717468262,329.4428405761719,63.0
18,136,-1.9905178546905518,1.9415875673294067,1.0
18,137,-5.85675573348999,4.324034690856934,2.0
18,138,-8.948585510253906,4.443449020385742,3.0
18,139,-18.086353302001953,13.246916770935059,53.0
18,140,-18.475059509277344,40.24605178833008,31.0
18,141,-13.54177474975586,15.004572868347168,58.0
18,142,-5.984720230102539,4.464601993560791,2.0
18,143,-8.311685562133789,15.967604637145996,83.0
18,144,-10.00042724609375,28.035619735717773,91.0
18,145,-8.826366424560547,9.084698677062988,11.0
18,146,-6.067922592163086,20.779382705688477,5.0
18,147,-8.607732772827148,3.420121669769287,13.0
18,148,-2.3733136653900146,2.205831527709961,2.0
18,149,-31.814682006835938,579.9468383789062,678.0
18,150,-10.257436752319336,30.543306350708008,13.0
18,151,-17.50263214111328,33.13288879394531,35.0
18,152,-9.399266242980957,22.94474220275879,23.0
18,153,-10.40109634399414,8.006224632263184,3.0
18,154,-23.641124725341797,368.8098449707031,1339.0
18,155,-22.27259635925293,261.9488220214844,84.0
18,156,-12.846534729003906,72.39797973632812,91.0
18,157,-14.600540161132812,129.9105987548828,191.0
18,158,-5.4640045166015625,3.919645071029663,2.0
18,159,-12.676368713378906,565.7681274414062,985.0
18,160,-10.3330078125,31.322477340698242,19.0
18,161,-14.954830169677734,12.09112548828125,42.0
18,162,-17.996402740478516,7.38610315322876,97.0
18,163,-5.6218743324279785,6.514029026031494,6.0
18,164,-8.746546745300293,18.458328247070312,6.0
18,165,-20.726301193237305,31.63878059387207,27.0
18,166,-17.199142456054688,2.185357093811035,10.0
18,167,-21.0950927734375,20.360252380371094,197.0
18,168,-4.269526958465576,2.348801851272583,2.0
18,169,-9.355179786682129,10.368734359741211,13.0
18,170,-21.661571502685547,36.975738525390625,49.0
18,171,-18.869342803955078,43.54821014404297,146.0
18,172,-13.047382354736328,8.798345565795898,7.0
18,173,-12.832653045654297,13.020574569702148,386.0
18,174,-16.375959396362305,10.375246047973633,14.0
18,175,-24.85453987121582,144.15774536132812,191.0
18,176,-15.817663192749023,13.961133003234863,18.0
18,177,-16.805316925048828,2.6873297691345215,11.0
18,178,-27.480335235595703,6.246506214141846,20.0
18,179,-14.600900650024414,1480.966796875,5665.0
18,180,-16.826066970825195,67.12232971191406,24.0
18,181,-14.93885326385498,145.41876220703125,692.0
18,182,-20.55463409423828,170.48690795898438,118.0
18,183,-12.760370254516602,24.29067611694336,12.0
18,184,-40.80113220214844,339.9277038574219,873.0
18,185,-12.929571151733398,6.341285705566406,45.0
18,186,-7.186995029449463,4.209732532501221,30.0
18,187,-12.407499313354492,494.6001281738281,1299.0
18,188,-14.052839279174805,108.23230743408203,2854.0
18,189,-7.825064659118652,13.57669734954834,20.0
18,190,-28.319480895996094,34.46467971801758,44.0
18,191,-15.29997730255127,21.32745933532715,1324.0
18,192,-16.386079788208008,15.348432540893555,25.0
18,193,-13.387962341308594,28.41708755493164,26.0
18,194,-17.078022003173828,5110.2880859375,557.0
18,195,-7.281862735748291,6.174733638763428,25.0
18,196,-21.182172775268555,199.44593811035156,8772.0
18,197,-11.83126163482666,19.255859375,1516.0
18,198,-17.319976806640625,5.651933670043945,107.0
18,199,-16.098161697387695,25.0189208984375,44.0
18,200,-38.45819091796875,19.265623092651367,168.0
18,201,-10.816758155822754,223.26939392089844,433.0
18,202,-8.126839637756348,58.17291259765625,113.0
18,203,-37.08778381347656,40.80392837524414,2453.0
18,204,-8.021008491516113,7.427966594696045,5.0
18,205,-16.811351776123047,28.85462760925293,780.0
18,206,-5.59741735458374,4.052582263946533,10.0
18,207,-14.06828498840332,33.68562698364258,1498.0
18,208,-14.919239044189453,144.47113037109375,1816.0
18,209,-26.039440155029297,25.917800903320312,4103.0
18,210,-3.736384391784668,2.1112430095672607,2.0
18,211,-17.67290496826172,361.7554016113281,554.0
18,212,-10.10084342956543,12.493529319763184,25.0
18,213,-17.593442916870117,352.29925537109375,2250.0
18,214,-7.294904708862305,6.194899082183838,26.0
18,215,-36.975791931152344,21.78705596923828,115.0
18,216,-9.450334548950195,10.6183500289917,5.0
18,217,-19.761526107788086,725.72802734375,1047.0
18,218,-11.271976470947266,16.74323272705078,19.0
18,219,-15.518218994140625,48.40265655517578,153.0
18,220,-18.12064552307129,419.98333740234375,7132.0
18,221,-7.5184326171875,4.498241901397705,4.0
18,222,-23.92188262939453,30.490398406982422,198.0
18,223,-4.494138717651367,4.4729413986206055,3.0
18,224,-2.3713772296905518,3.272939682006836,1.0
18,225,-18.51221466064453,14.077841758728027,229.0
18,226,-14.212305068969727,114.14104461669922,609.0
18,227,-13.314504623413086,27.899986267089844,259.0
18,228,-16.922117233276367,11.217166900634766,216.0
18,229,-27.335033416748047,9.75636100769043,110.0
18,230,-23.929542541503906,10.945783615112305,373.0
18,231,-7.853339672088623,3.7020621299743652,5.0
18,232,-1.1901867389678955,1.4869526624679565,1.0
18,233,-11.008541107177734,39.23282241821289,142.0
18,234,-16.20486068725586,57.467247009277344,67.0
18,235,-17.225753784179688,74.17584228515625,250.0
18,236,-12.08597183227539,56.1854248046875,33.0
18,237,-31.958415985107422,596.8602905273438,1581.0
18,238,-40.571372985839844,29.398622512817383,12065.0
18,239,-8.103256225585938,3.8595192432403564,7.0
18,240,-18.57579803466797,22.108592987060547,2160.0
18,241,-8.540449142456055,17.232830047607422,79.0
18,242,-39.48252868652344,281.5644226074219,1997.0
18,243,-18.139480590820312,13.347837448120117,34.0
18,244,-8.0366792678833,14.568958282470703,11.0
18,245,-11.138496398925781,9.278494834899902,18.0
18,246,-8.226760864257812,7.82004451751709,20.0
18,247,-22.63309097290039,43.47481155395508,208.0
18,248,-11.29100513458252,5.01784610748291,3.0
18,249,-14.314544677734375,17.512393951416016,108.0
18,250,-33.08625030517578,62.53843307495117,2124.0
18,251,-20.23089027404785,57.17849349975586,221.0
18,252,-24.443574905395508,21.230669021606445,47.0
18,253,-32.6402587890625,684.064208984375,1284.0
18,254,-15.436033248901367,13.100785255432129,31.0
18,255,-18.400480270385742,13.854913711547852,55.0
18,256,-17.25926399230957,74.79985809326172,252.0
18,257,-18.781558990478516,109.44145965576172,849.0
18,258,-6.0048675537109375,3.323350667953491,3.0
18,259,-14.783696174621582,19.23514747619629,226.0
18,260,-9.021017074584961,20.226743698120117,35.0
18,261,-35.48102951049805,19.23540496826172,1461.0
18,262,-14.017366409301758,106.96003723144531,113.0
18,263,-20.6392822265625,62.04477310180664,92.0
18,264,-9.399897575378418,22.949567794799805,88.0
18,265,-8.62830924987793,17.74498748779297,82.0
18,266,-9.97678279876709,27.815521240234375,267.0
18,267,-15.737218856811523,51.126590728759766,88.0
18,268,-22.619226455688477,43.37446594238281,102.0
18,269,-3.18109130859375,1.8893224000930786,1.0
18,270,-4.002780914306641,2.226778984069824,1.0
18,271,-16.577144622802734,15.845054626464844,100.0
18,272,-7.511544227600098,12.229463577270508,6.0
18,273,-10.37557601928711,13.381778717041016,23.0
18,274,-11.648289680480957,18.394882202148438,108.0
18,275,-7.924224853515625,7.250397205352783,38.0
18,276,-14.236618995666504,7.643095970153809,11.0
18,277,-19.196964263916016,121.41822814941406,590.0
18,278,-25.80872344970703,39.92331314086914,233.0
18,279,-14.025047302246094,16.527231216430664,201.0
18,280,-18.122425079345703,9.634044647216797,62.0
18,281,-12.927814483642578,74.38626861572266,80.0
18,282,-8.967044830322266,19.866104125976562,22.0
18,283,-15.218619346618652,159.63230895996094,1331.0
18,284,-13.078388214111328,13.676480293273926,299.0
18,285,-34.248294830322266,22.499235153198242,98.0
18,286,-36.87310791015625,28.56266975402832,142.0
18,287,-2.5499796867370605,3.578665256500244,3.0
18,288,-14.81103801727295,19.340620040893555,464.0
18,289,-40.26218795776367,56.048587799072266,634.0
18,290,-18.413286209106445,99.8153076171875,153.0
18,291,-9.84664249420166,11.724265098571777,63.0
18,292,-10.20611572265625,12.826700210571289,17.0
18,293,-1.3392870426177979,1.397691249847412,1.0
18,294,-17.84099578857422,86.50904846191406,81.0
18,295,-5.775703430175781,17.954696655273438,33.0
18,296,-31.931591033935547,34.74217987060547,319.0
18,297,-24.396854400634766,32.631072998046875,176.0
18,298,-19.761232376098633,52.05216979980469,5002.0
18,299,-20.446895599365234,27541.4609375,898.0
18,300,-26.027721405029297,448588.25,7845.0
18,301,-25.834997177124023,17.646812438964844,446.0
18,302,-11.225547790527344,16.55001449584961,18.0
18,303,-16.01401138305664,24.60137176513672,618.0
20,0,-24.24875259399414,56.90929412841797,121.0
20,1,-3.205474615097046,2.2285890579223633,1.0
20,2,-11.48426628112793,45.97459030151367,11.0
20,3,-9.516910552978516,23.86238670349121,159.0
20,4,-19.95890235900879,17.309783935546875,113.0
20,5,-30.522457122802734,29.707040786743164,125.0
20,6,-38.56816482543945,72.62808990478516,2244.0
20,7,-14.852484703063965,8.346009254455566,295.0
20,8,-5.393059730529785,6.03566837310791,5.0
20,9,-17.11185646057129,30.64199447631836,165.0
20,10,-21.42084312438965,211.70860290527344,1976.0
20,11,-10.447994232177734,8.081673622131348,12.0
20,12,-7.223019599914551,6.084563255310059,3.0
20,13,-14.558675765991211,8.002955436706543,17.0
20,14,-18.455280303955078,469.5430908203125,217.0
20,15,-8.84579086303711,3.0214107036590576,24.0
20,16,-8.11673355102539,7.6078715324401855,33.0
20,17,-15.939247131347656,202.97488403320312,119.0
20,18,-20.80667495727539,32969.4765625,1784.0
20,19,-20.532772064208984,18.788650512695312,60.0
20,20,-15.43907356262207,21.929105758666992,33.0
20,21,-12.4927339553833,64.34406280517578,38.0
20,22,-10.932113647460938,8.903307914733887,21.0
20,23,-5.3723578453063965,2.154329776763916,4.0
20,24,-7.038317680358887,10.444816589355469,8.0
20,25,-4.050052642822266,3.8574931621551514,3.0
20,26,-4.28907585144043,2.922001838684082,3.0
20,27,-10.775869369506836,8.629388809204102,87.0
20,28,-12.156938552856445,4.5704755783081055,39.0
20,29,-21.59138298034668,21.856172561645508,40.0
20,30,-7.392440319061279,4.3863091468811035,12.0
20,31,-9.374000549316406,22.752317428588867,27.0
20,32,-10.871639251708984,15.148626327514648,162.0
20,33,-13.087542533874512,5.134296417236328,39.0
20,34,-11.956583023071289,53.81367874145508,160.0
20,35,-7.681210041046143,12.941036224365234,30.0
20,36,-18.430828094482422,465.7315979003906,455.0
20,37,-23.654376983642578,10.648699760437012,227.0
20,38,-44.895992279052734,59.23151779174805,14211.0
20,39,-10.853344917297363,37.25483322143555,58.0
20,40,-10.229080200195312,30.255970001220703,19.0
20,41,-9.668072700500488,11.212376594543457,13.0
20,42,-11.08254623413086,255.00244140625,409.0
20,43,-38.74626541137695,637.5997314453125,2699.0
20,44,-4.179666996002197,8.083569526672363,4.0
20,45,-10.741898536682129,5.9913482666015625,9.0
20,46,-13.73904800415039,97.48346710205078,137.0
20,47,-7.010215759277344,5.769318580627441,31.0
20,48,-24.22677993774414,426.96197509765625,3657.0
20,49,-17.063438415527344,6.658788681030273,29.0
20,50,-15.215354919433594,159.45870971679688,1824.0
20,51,-13.448127746582031,88.47406768798828,115.0
20,52,-9.049930572509766,6.110363006591797,41.0
20,53,-7.536419868469238,12.331291198730469,31.0
20,54,-33.493743896484375,265.6794738769531,8115.0
20,55,-19.32623291015625,25.05413246154785,19.0
20,56,-7.553424835205078,12.401385307312012,18.0
20,57,-6.91526985168457,5.633987903594971,3.0
20,58,-10.965463638305664,15.508152961730957,24.0
20,59,-27.937589645385742,54.11353302001953,278.0
20,60,-10.395471572875977,13.448504447937012,39.0
20,61,-11.513031005859375,46.417518615722656,27.0
20,62,-22.963699340820312,311.3522033691406,248.0
20,63,-10.906198501586914,4.749447822570801,18.0
20,64,-9.687649726867676,6.94158411026001,20.0
20,65,-5.875598907470703,7.088919162750244,3.0
20,66,-16.136953353881836,14.724197387695312,7.0
20,67,-6.143769264221191,3.416968584060669,6.0
20,68,-17.304956436157227,8.698229789733887,56.0
20,69,-8.618629455566406,17.687822341918945,17.0
20,70,-8.612829208374023,8.61243724822998,15.0
20,71,-23.889934539794922,4.45096492767334,112.0
20,72,-14.622504234313965,38.69173812866211,29.0
20,73,-13.860552787780762,31.980878829956055,23.0
20,74,-14.883405685424805,142.7557830810547,287.0
20,75,-11.397075653076172,2.5850799083709717,7.0
20,76,-7.914556503295898,4.869110107421875,13.0
20,77,-13.851984024047852,15.964966773986816,61.0
20,78,-9.341024398803711,4.743795394897461,3.0
20,79,-16.123157501220703,5.014410018920898,88.0
20,80,-8.69906234741211,5.696275234222412,43.0
20,81,-10.694231986999512,3.806762218475342,77.0
20,82,-6.170143127441406,3.43503999710083,5.0
20,83,-22.46649742126465,7.709157943725586,295.0
20,84,-8.08565616607666,14.808758735656738,64.0
20,85,-3.933828830718994,7.148585319519043,3.0
20,86,-6.91494083404541,10.023980140686035,4.0
20,87,-32.23520278930664,56.2271842956543,260.0
20,88,-15.352256774902344,6.814359664916992,54.0
20,89,-15.310319900512695,21.371620178222656,39.0
20,90,-14.625761985778809,18.63706398010254,318.0
20,91,-16.637561798095703,16.005414962768555,13.0
20,92,-5.688423156738281,6.6601433753967285,4.0
20,93,-9.932088851928711,7.289374828338623,17.0
20,94,-7.377316474914551,4.373061180114746,16.0
20,95,-15.936222076416016,4.921543598175049,184.0
20,96,-11.421378135681152,45.0208625793457,53.0
20,97,-4.594681739807129,4.625389099121094,5.0
20,98,-21.306509017944336,6.937596321105957,35.0
20,99,-16.03316307067871,7.419750690460205,120.0
20,100,-16.93385124206543,11.235984802246094,123.0
20,101,-26.17414093017578,10.799148559570312,248.0
20,102,-19.46072006225586,129.69427490234375,65.0
20,103,-10.94366455078125,38.393497467041016,1130.0
20,104,-23.69858169555664,2696.007080078125,19510.0
20,105,-39.64930725097656,52.716617584228516,355.0
20,106,-32.07612228393555,97.7392349243164,548.0
20,107,-11.178234100341797,41.51596450805664,53.0
20,108,-19.239561080932617,46.895057678222656,44.0
20,109,-6.361363410949707,8.334925651550293,4.0
20,110,-22.07451820373535,249.2931671142578,3846.0
20,111,-9.358922958374023,4.757967472076416,19.0
20,112,-13.327413558959961,14.37488842010498,34.0
20,113,-9.892595291137695,11.859731674194336,7.0
20,114,-6.6936187744140625,5.330284595489502,6.0
20,115,-17.19658088684082,17.56831169128418,102.0
20,116,-13.451871871948242,9.41193675994873,12.0
20,117,-3.908055305480957,1.747687816619873,3.0
20,118,-15.132049560546875,2.317918062210083,9.0
20,119,-4.466073989868164,1.7476277351379395,3.0
20,120,-8.542423248291016,17.244173049926758,25.0
20,121,-13.020980834960938,8.75971508026123,23.0
20,122,-23.10474395751953,8.169692039489746,55.0
20,123,-6.915128707885742,5.6337890625,2.0
20,124,-16.38880157470703,15.355396270751953,22.0
20,125,-14.22437858581543,35.02613830566406,123.0
20,126,-13.28016471862793,83.65670013427734,1095.0
20,127,-12.249883651733398,59.340641021728516,57.0
20,128,-10.594520568847656,5.845974922180176,19.0
20,129,-21.567384719848633,21.781368255615234,62.0
20,130,-13.690494537353516,939.4055786132812,1447.0
20,131,-15.663146018981934,7.084386348724365,320.0
20,132,-26.468921661376953,82.39189910888672,164.0
20,133,-15.674321174621582,13.631548881530762,36.0
20,134,-20.22623062133789,847.3187255859375,238.0
20,135,-10.676193237304688,208.11622619628906,34.0
20,136,-2.063715696334839,1.9895435571670532,2.0
20,137,-6.011702060699463,4.494819164276123,2.0
20,138,-8.566225051879883,4.169116973876953,3.0
20,139,-17.38129997253418,11.977656364440918,40.0
20,140,-18.00189971923828,36.61214065551758,31.0
20,141,-13.096872329711914,13.727134704589844,49.0
20,142,-5.756875038146973,4.217399597167969,2.0
20,143,-7.892246723175049,13.88416576385498,72.0
20,144,-9.724089622497559,25.56855583190918,86.0
20,145,-8.49807071685791,8.368860244750977,8.0
20,146,-5.810256004333496,18.267581939697266,5.0
20,147,-8.456502914428711,3.34702467918396,8.0
20,148,-1.9544445276260376,1.9183807373046875,1.0
20,149,-31.302541732788086,523.485107421875,798.0
20,150,-9.778838157653809,26.039453506469727,8.0
20,151,-17.168001174926758,30.988006591796875,26.0
20,152,-9.224797248840332,21.64841651916504,21.0
20,153,-9.907299041748047,7.253324031829834,4.0
20,154,-21.91567611694336,239.58758544921875,850.0
20,155,-21.581233978271484,220.3701171875,78.0
20,156,-12.47456169128418,63.95549011230469,79.0
20,157,-13.873517990112305,101.952392578125,163.0
20,158,-4.519640922546387,3.0953786373138428,1.0
20,159,-12.46274185180664,508.4520568847656,1041.0
20,160,-9.976188659667969,27.810016632080078,20.0
20,161,-14.762239456176758,11.70918083190918,43.0
20,162,-17.798900604248047,7.225783348083496,106.0
20,163,-5.7339253425598145,6.7619309425354,7.0
20,164,-8.741044044494629,18.42449951171875,9.0
20,165,-18.777713775634766,22.865262985229492,24.0
20,166,-17.88341522216797,2.254396915435791,12.0
20,167,-19.66895294189453,16.60743522644043,75.0
20,168,-4.460059642791748,2.4400339126586914,2.0
20,169,-10.510573387145996,13.841113090515137,12.0
20,170,-21.12757110595703,33.827091217041016,48.0
20,171,-18.191165924072266,38.02459716796875,130.0
20,172,-11.137060165405273,6.399224281311035,6.0
20,173,-12.839140892028809,13.03747844696045,509.0
20,174,-16.34125518798828,10.323936462402344,14.0
20,175,-24.008268356323242,121.7115478515625,200.0
20,176,-15.704480171203613,13.700239181518555,20.0
20,177,-16.17230224609375,2.589103937149048,9.0
20,178,-26.455028533935547,5.833799839019775,25.0
20,179,-14.67166519165039,1534.3046875,5953.0
20,180,-15.462060928344727,47.72785568237305,26.0
20,181,-14.854093551635742,141.36773681640625,569.0
20,182,-18.9805965423584,115.02496337890625,90.0
20,183,-13.653363227844238,30.36652374267578,27.0
20,184,-39.88584899902344,298.26385498046875,805.0
20,185,-13.666388511657715,7.045162677764893,53.0
20,186,-7.185077667236328,4.208117961883545,27.0
20,187,-11.55249309539795,322.5462646484375,828.0
20,188,-14.13697338104248,111.31062316894531,3011.0
20,189,-8.671514511108398,18.002395629882812,27.0
20,190,-28.094058990478516,33.507102966308594,44.0
20,191,-16.73443603515625,28.41414451599121,1477.0
20,192,-16.66317367553711,16.073881149291992,28.0
20,193,-13.130382537841797,26.64484214782715,24.0
20,194,-16.967899322509766,4836.5146484375,564.0
20,195,-6.977465629577637,5.722275257110596,20.0
20,196,-22.324356079101562,265.3604431152344,13435.0
20,197,-12.087960243225098,20.5321102142334,1821.0
20,198,-14.995960235595703,4.479878902435303,128.0
20,199,-15.367142677307129,21.615888595581055,52.0
20,200,-29.293498992919922,9.51953411102295,214.0
20,201,-10.847318649291992,226.7071990966797,429.0
20,202,-7.688273906707764,46.718345642089844,75.0
20,203,-37.57938003540039,42.859954833984375,3084.0
20,204,-8.39150619506836,8.148847579956055,5.0
20,205,-16.35067367553711,26.314884185791016,763.0
20,206,-5.608107089996338,4.063426971435547,12.0
20,207,-13.457032203674316,28.912038803100586,1751.0
20,208,-14.009629249572754,106.68457794189453,2702.0
20,209,-26.60025405883789,27.799882888793945,4751.0
20,210,-3.450502395629883,1.9939159154891968,2.0
20,211,-17.598752975463867,352.92340087890625,330.0
20,212,-9.347795486450195,10.349611282348633,12.0
20,213,-18.159313201904297,425.43170166015625,2517.0
20,214,-9.39484977722168,10.472077369689941,40.0
20,215,-37.973941802978516,23.676790237426758,133.0
20,216,-9.568522453308105,10.936771392822266,5.0
20,217,-19.215675354003906,604.998046875,933.0
20,218,-11.880895614624023,19.49628448486328,15.0
20,219,-15.436946868896484,47.429134368896484,274.0
20,220,-18.31247901916504,447.7163391113281,7280.0
20,221,-7.137094497680664,4.1679277420043945,3.0
20,222,-22.491483688354492,24.855255126953125,221.0
20,223,-4.521379470825195,4.513741493225098,2.0
20,224,-2.035209894180298,2.7665607929229736,1.0
20,225,-16.70115852355957,10.868619918823242,220.0
20,226,-13.735837936401367,97.37921905517578,573.0
20,227,-14.614130020141602,38.610816955566406,223.0
20,228,-14.751993179321289,8.22705078125,234.0
20,229,-25.405113220214844,8.306952476501465,103.0
20,230,-23.155553817749023,10.130547523498535,340.0
20,231,-8.076277732849121,3.8422048091888428,4.0
20,232,-1.1994876861572266,1.4915698766708374,1.0
20,233,-10.35193920135498,31.52075958251953,107.0
20,234,-14.585105895996094,38.331668853759766,60.0
20,235,-16.97460174560547,69.66168212890625,260.0
20,236,-11.874430656433105,52.36002731323242,33.0
20,237,-27.224939346313477,231.59445190429688,1739.0
20,238,-39.58654022216797,27.08224868774414,10979.0
20,239,-8.151200294494629,3.8904833793640137,7.0
20,240,-18.334712982177734,21.23785972595215,2124.0
20,241,-7.823941707611084,13.571616172790527,68.0
20,242,-38.22810363769531,235.36978149414062,1869.0
20,243,-16.874887466430664,11.14173698425293,39.0
20,244,-6.8894147872924805,9.939050674438477,9.0
20,245,-11.365579605102539,9.70960807800293,21.0
20,246,-7.562619686126709,6.6237053871154785,12.0
20,247,-21.496816635131836,35.97422790527344,163.0
20,248,-10.726829528808594,4.629292964935303,4.0
20,249,-13.971174240112305,16.350112915039062,109.0
20,250,-32.23027420043945,56.19255065917969,1876.0
20,251,-20.914386749267578,65.55421447753906,238.0
20,252,-23.92430877685547,19.896394729614258,51.0
20,253,-32.49446487426758,664.4055786132812,1008.0
20,254,-15.5513334274292,13.354973793029785,24.0
20,255,-17.80561065673828,12.726147651672363,46.0
20,256,-17.01820945739746,70.42528533935547,251.0
20,257,-17.45387077331543,78.52897644042969,839.0
20,258,-6.64509391784668,3.7773351669311523,4.0
20,259,-15.698137283325195,23.095260620117188,275.0
20,260,-8.625997543334961,17.731321334838867,18.0
20,261,-32.8701171875,15.474236488342285,1403.0
20,262,-13.456331253051758,88.71629333496094,119.0
20,263,-19.85626983642578,53.05101013183594,49.0
20,264,-8.928038597106934,19.609477996826172,71.0
20,265,-8.410126686096191,16.5002498626709,69.0
20,266,-10.066640853881836,28.661277770996094,362.0
20,267,-14.855350494384766,41.01089096069336,91.0
20,268,-22.472227096557617,42.32471466064453,83.0
20,269,-2.948232650756836,1.8033509254455566,1.0
20,270,-3.671060085296631,2.0838394165039062,1.0
20,271,-16.043487548828125,14.496606826782227,79.0
20,272,-7.214626789093018,11.077052116394043,6.0
20,273,-10.821676254272461,14.96058464050293,30.0
20,274,-10.686952590942383,14.46509075164795,64.0
20,275,-8.311873435974121,7.988223552703857,45.0
20,276,-15.221761703491211,8.798113822937012,12.0
20,277,-19.985010147094727,147.8580322265625,829.0
20,278,-22.468578338623047,24.7740535736084,166.0
20,279,-14.855962753295898,19.515178680419922,295.0
20,280,-18.674345016479492,10.322160720825195,93.0
20,281,-12.401725769042969,62.42143630981445,55.0
20,282,-8.221120834350586,15.492773056030273,19.0
20,283,-14.210198402404785,114.06095886230469,1393.0
20,284,-12.490307807922363,12.158903121948242,311.0
20,285,-30.158794403076172,15.513466835021973,31.0
20,286,-33.76245880126953,21.527141571044922,47.0
20,287,-2.701732873916626,3.860769271850586,3.0
20,288,-15.734854698181152,23.265485763549805,764.0
20,289,-38.11787414550781,45.2312126159668,487.0
20,290,-18.442554473876953,100.54833984375,188.0
20,291,-9.074782371520996,9.66678237915039,32.0
20,292,-8.987683296203613,9.458566665649414,13.0
20,293,-1.4565348625183105,1.4392666816711426,1.0
20,294,-18.280868530273438,96.56507873535156,140.0
20,295,-6.272912502288818,23.022140502929688,40.0
20,296,-31.98056411743164,34.93174743652344,356.0
20,297,-22.147598266601562,23.66370964050293,88.0
20,298,-20.603713989257812,61.604984283447266,5405.0
20,299,-19.42900848388672,16556.005859375,597.0
20,300,-25.51226806640625,346671.875,7074.0
20,301,-25.15843963623047,16.368885040283203,551.0
20,302,-9.860207557678223,11.764093399047852,13.0
20,303,-18.40033531188965,39.64905548095703,852.0
22,0,-24.19601821899414,56.41130447387695,126.0
22,1,-3.3364081382751465,2.3027453422546387,1.0
22,2,-10.938834190368652,38.33173370361328,8.0
22,3,-9.470288276672363,23.49441909790039,163.0
22,4,-20.031055450439453,17.48912811279297,111.0
22,5,-30.20637321472168,28.681825637817383,114.0
22,6,-37.84590148925781,67.02730560302734,1789.0
22,7,-14.149904251098633,7.548999309539795,247.0
22,8,-5.539567947387695,6.337743282318115,5.0
22,9,-16.28485679626465,25.970762252807617,139.0
22,10,-21.609210968017578,221.91685485839844,2741.0
22,11,-9.624249458312988,6.854119777679443,8.0
22,12,-7.237937927246094,6.107298374176025,3.0
22,13,-15.220589637756348,8.796642303466797,13.0
22,14,-17.974529266357422,400.01812744140625,171.0
22,15,-9.679668426513672,3.3533456325531006,27.0
22,16,-7.731444358825684,6.909250259399414,22.0
22,17,-15.837660789489746,196.216796875,138.0
22,18,-20.618797302246094,30013.3828125,1415.0
22,19,-20.68866539001465,19.211782455444336,57.0
22,20,-15.576045989990234,22.538143157958984,39.0
22,21,-12.384099960327148,62.05575180053711,36.0
22,22,-10.850547790527344,8.75924301147461,15.0
22,23,-5.780433654785156,2.2836525440216064,5.0
22,24,-7.134199619293213,10.784032821655273,8.0
22,25,-3.868967056274414,3.6315360069274902,3.0
22,26,-3.9683244228363037,2.696841239929199,3.0
22,27,-10.920265197753906,8.882232666015625,78.0
22,28,-12.972515106201172,5.061001300811768,64.0
22,29,-22.572507858276367,25.144620895385742,35.0
22,30,-7.978218078613281,4.931501865386963,16.0
22,31,-9.701059341430664,25.373022079467773,25.0
22,32,-10.570568084716797,14.050275802612305,148.0
22,33,-13.790850639343262,5.606105804443359,84.0
22,34,-11.208340644836426,41.934696197509766,145.0
22,35,-8.240647315979004,15.593940734863281,39.0
22,36,-18.952632904052734,554.21044921875,489.0
22,37,-23.245811462402344,10.222397804260254,239.0
22,38,-45.14942169189453,60.61198425292969,14402.0
22,39,-11.037673950195312,39.61566925048828,61.0
22,40,-9.352265357971191,22.58806800842285,13.0
22,41,-9.439290046691895,10.589072227478027,10.0
22,42,-10.791717529296875,220.49142456054688,342.0
22,43,-38.52069854736328,614.0745849609375,2390.0
22,44,-4.153385162353516,7.978038311004639,3.0
22,45,-10.65422248840332,5.904435157775879,10.0
22,46,-13.965542793273926,105.12824249267578,150.0
22,47,-6.5284342765808105,5.11464786529541,19.0
22,48,-24.957733154296875,512.5679931640625,3804.0
22,49,-17.06108283996582,6.657046794891357,29.0
22,50,-14.746538162231445,136.3892059326172,1620.0
22,51,-13.071483612060547,78.03528594970703,104.0
22,52,-8.914339065551758,5.9468865394592285,34.0
22,53,-6.741262435913086,9.460143089294434,12.0
22,54,-33.36603546142578,260.0843811035156,7969.0
22,55,-19.378965377807617,25.275300979614258,20.0
22,56,-7.642253875732422,12.774077415466309,17.0
22,57,-6.728900909423828,5.377509117126465,3.0
22,58,-10.326152801513672,13.217453956604004,23.0
22,59,-28.536684036254883,58.948795318603516,403.0
22,60,-10.325406074523926,13.214985847473145,39.0
22,61,-11.411417007446289,44.87162399291992,32.0
22,62,-23.18199348449707,328.8160095214844,269.0
22,63,-11.029951095581055,4.834159851074219,18.0
22,64,-9.93055534362793,7.287139415740967,19.0
22,65,-5.698694705963135,6.682985782623291,3.0
22,66,-16.372745513916016,15.314361572265625,9.0
22,67,-5.908289909362793,3.2597744464874268,6.0
22,68,-18.834835052490234,10.531328201293945,71.0
22,69,-8.389059066772461,16.384784698486328,15.0
22,70,-8.275392532348633,7.9156999588012695,14.0
22,71,-22.676239013671875,4.125820636749268,93.0
22,72,-15.536187171936035,48.620574951171875,33.0
22,73,-14.093293190002441,33.89689254760742,23.0
22,74,-15.103599548339844,153.62783813476562,341.0
22,75,-11.373340606689453,2.5799717903137207,7.0
22,76,-7.892730236053467,4.847902297973633,14.0
22,77,-13.870909690856934,16.025510787963867,70.0
22,78,-9.159249305725098,4.602232933044434,3.0
22,79,-17.632190704345703,5.831178665161133,133.0
22,80,-9.186448097229004,6.2794952392578125,59.0
22,81,-10.60104751586914,3.7626779079437256,72.0
22,82,-6.554447174072266,3.7094717025756836,8.0
22,83,-22.398027420043945,7.661320209503174,321.0
22,84,-8.346238136291504,16.15257453918457,83.0
22,85,-3.649444580078125,6.201073169708252,3.0
22,86,-6.498717784881592,8.725408554077148,5.0
22,87,-31.25183868408203,49.72360610961914,263.0
22,88,-15.581822395324707,7.012734889984131,82.0
22,89,-15.646014213562012,22.85575294494629,53.0
22,90,-14.444958686828613,17.97517967224121,269.0
22,91,-16.907146453857422,16.740947723388672,16.0
22,92,-6.567563533782959,8.927958488464355,11.0
22,93,-9.631251335144043,6.863724231719971,17.0
22,94,-7.947370529174805,4.90117073059082,23.0
22,95,-16.86467170715332,5.400368690490723,241.0
22,96,-11.605804443359375,47.875389099121094,57.0
22,97,-4.743812561035156,4.861129283905029,5.0
22,98,-20.89657211303711,6.683811187744141,35.0
22,99,-15.560211181640625,6.99381685256958,118.0
22,100,-16.941577911376953,11.248394012451172,127.0
22,101,-26.380123138427734,11.003276824951172,270.0
22,102,-19.47006607055664,129.99766540527344,75.0
22,103,-11.244213104248047,42.43913650512695,1313.0
22,104,-23.96668815612793,2948.040283203125,18830.0
22,105,-41.280540466308594,62.05704879760742,419.0
22,106,-33.036739349365234,112.11604309082031,540.0
22,107,-11.18278980255127,41.57905197143555,53.0
22,108,-18.66299819946289,41.78760528564453,44.0
22,109,-6.1322832107543945,7.722162246704102,3.0
22,110,-21.627788543701172,222.94992065429688,2957.0
22,111,-10.014663696289062,5.307445526123047,31.0
22,112,-13.44308090209961,14.711305618286133,37.0
22,113,-9.496705055236816,10.74216079711914,6.0
22,114,-6.997116565704346,5.7504563331604,6.0
22,115,-17.882450103759766,19.695859909057617,89.0
22,116,-13.963399887084961,10.249545097351074,13.0
22,117,-4.092292308807373,1.7942967414855957,3.0
22,118,-14.656540870666504,2.2574870586395264,8.0
22,119,-4.524074077606201,1.7603440284729004,3.0
22,120,-8.131867408752441,15.038636207580566,18.0
22,121,-13.138920783996582,8.933605194091797,22.0
22,122,-22.87731170654297,8.00251293182373,44.0
22,123,-7.049941062927246,5.826900959014893,2.0
22,124,-16.152034759521484,14.761255264282227,22.0
22,125,-14.154253005981445,34.41743469238281,129.0
22,126,-13.261438369750977,83.13612365722656,1103.0
22,127,-12.308632850646973,60.5141716003418,58.0
22,128,-10.788253784179688,6.037816047668457,23.0
22,129,-21.669673919677734,22.10198974609375,59.0
22,130,-13.792198181152344,988.4114990234375,1497.0
22,131,-14.743974685668945,6.315436363220215,287.0
22,132,-26.646751403808594,84.87039947509766,147.0
22,133,-15.355210304260254,12.925495147705078,31.0
22,134,-20.691347122192383,989.4168090820312,245.0
22,135,-10.233562469482422,166.79762268066406,24.0
22,136,-2.114893913269043,2.023775100708008,2.0
22,137,-6.126007080078125,4.625117778778076,2.0
22,138,-8.599220275878906,4.1921067237854,3.0
22,139,-17.197980880737305,11.668049812316895,34.0
22,140,-18.177762985229492,37.92280578613281,32.0
22,141,-13.122483253479004,13.797628402709961,58.0
22,142,-5.602124214172363,4.057353973388672,2.0
22,143,-7.712238788604736,13.075576782226562,63.0
22,144,-9.73791217803955,25.686634063720703,88.0
22,145,-8.255304336547852,7.876046180725098,8.0
22,146,-5.605042934417725,16.486164093017578,5.0
22,147,-8.319000244140625,3.2819199562072754,7.0
22,148,-1.7249027490615845,1.7770729064941406,1.0
22,149,-31.062429428100586,498.9399719238281,820.0
22,150,-9.59031867980957,24.453487396240234,7.0
22,151,-17.02566909790039,30.118324279785156,29.0
22,152,-9.182219505310059,21.343339920043945,21.0
22,153,-9.807164192199707,7.109506607055664,4.0
22,154,-21.072891235351562,194.0707550048828,658.0
22,155,-21.448070526123047,213.1545867919922,77.0
22,156,-12.439125061035156,63.20447540283203,75.0
22,157,-13.501664161682129,90.06706237792969,147.0
22,158,-4.325309753417969,2.9485909938812256,1.0
22,159,-12.433165550231934,500.98828125,1088.0
22,160,-9.73940658569336,25.69942855834961,20.0
22,161,-14.689659118652344,11.568392753601074,42.0
22,162,-17.709383010864258,7.154268741607666,114.0
22,163,-5.9210944175720215,7.197244167327881,9.0
22,164,-8.867450714111328,19.217416763305664,10.0
22,165,-17.78353500366211,19.373817443847656,25.0
22,166,-18.859859466552734,2.3567094802856445,13.0
22,167,-19.02420997619629,15.146119117736816,50.0
22,168,-4.59902286529541,2.5088002681732178,2.0
22,169,-11.411417961120605,17.337200164794922,17.0
22,170,-21.195816040039062,34.21403503417969,48.0
22,171,-17.875572204589844,35.69870376586914,116.0
22,172,-10.422524452209473,5.6807732582092285,6.0
22,173,-12.986452102661133,13.42730712890625,604.0
22,174,-16.404830932617188,10.41812801361084,13.0
22,175,-23.789859771728516,116.50938415527344,204.0
22,176,-15.763771057128906,13.836296081542969,23.0
22,177,-15.817838668823242,2.5356781482696533,9.0
22,178,-26.28916358947754,5.769647121429443,27.0
22,179,-14.806894302368164,1641.6336669921875,6263.0
22,180,-15.001787185668945,42.54008483886719,23.0
22,181,-14.779319763183594,137.88772583007812,501.0
22,182,-18.452980041503906,100.81075286865234,80.0
22,183,-14.258429527282715,35.32558059692383,36.0
22,184,-39.50609588623047,282.513916015625,757.0
22,185,-14.04955005645752,7.4415459632873535,64.0
22,186,-7.201432704925537,4.221905708312988,28.0
22,187,-11.125799179077148,260.57733154296875,661.0
22,188,-14.231490135192871,114.87335205078125,3129.0
22,189,-9.127409934997559,20.956941604614258,37.0
22,190,-28.238807678222656,34.11888122558594,40.0
22,191,-17.332324981689453,32.023338317871094,1524.0
22,192,-16.86396026611328,16.620885848999023,34.0
22,193,-13.028703689575195,25.97607421875,24.0
22,194,-16.980527877807617,4867.15087890625,553.0
22,195,-6.745802879333496,5.400279998779297,18.0
22,196,-23.011775970458984,315.11700439453125,15960.0
22,197,-12.248896598815918,21.375045776367188,2084.0
22,198,-13.565017700195312,3.882587432861328,132.0
22,199,-14.665966033935547,18.787527084350586,58.0
22,200,-28.706199645996094,9.099042892456055,249.0
22,201,-10.92725944519043,235.9523162841797,439.0
22,202,-7.463805198669434,41.75848388671875,59.0
22,203,-37.83252716064453,43.95879364013672,3051.0
22,204,-8.694478988647461,8.790043830871582,6.0
22,205,-16.02779769897461,24.66929817199707,716.0
22,206,-5.822686672210693,4.287362098693848,13.0
22,207,-13.32141399383545,27.948219299316406,1893.0
22,208,-14.14206600189209,111.4997329711914,3198.0
22,209,-26.887264251708984,28.815345764160156,5176.0
22,210,-3.325099468231201,1.9445290565490723,2.0
22,211,-17.69838523864746,364.8410339355469,362.0
22,212,-9.351629257202148,10.359535217285156,14.0
22,213,-18.464452743530273,470.9809265136719,2667.0
22,214,-11.011117935180664,15.68617057800293,60.0
22,215,-39.2015266418457,26.22711944580078,146.0
22,216,-9.991657257080078,12.157111167907715,10.0
22,217,-18.990997314453125,561.3430786132812,858.0
22,218,-12.393189430236816,22.160188674926758,18.0
22,219,-15.892539978027344,53.15089416503906,423.0
22,220,-18.40163803100586,461.22186279296875,7017.0
22,221,-7.117090702056885,4.151285648345947,3.0
22,222,-21.812620162963867,22.557973861694336,217.0
22,223,-4.523700714111328,4.51723575592041,2.0
22,224,-1.9151829481124878,2.6054136753082275,1.0
22,225,-16.63033676147461,10.759214401245117,222.0
22,226,-13.835661888122559,100.67398071289062,596.0
22,227,-16.333080291748047,59.33919906616211,192.0
22,228,-13.789772987365723,7.170444488525391,219.0
22,229,-24.722251892089844,7.847442150115967,100.0
22,230,-22.829959869384766,9.806015014648438,311.0
22,231,-8.00216293334961,3.7950358390808105,4.0
22,232,-1.1970441341400146,1.4903556108474731,1.0
22,233,-10.143499374389648,29.40505027770996,101.0
22,234,-13.790412902832031,31.42498207092285,58.0
22,235,-16.92929458618164,68.87709045410156,267.0
22,236,-12.012093544006348,54.818687438964844,32.0
22,237,-24.763587951660156,141.5591583251953,1718.0
22,238,-39.20177459716797,26.227657318115234,10621.0
22,239,-8.237190246582031,3.9466419219970703,6.0
22,240,-18.30716896057129,21.14059066772461,2144.0
22,241,-7.57364559173584,12.485257148742676,60.0
22,242,-37.86637878417969,223.51589965820312,1765.0
22,243,-15.856180191040039,9.632749557495117,44.0
22,244,-6.3807172775268555,8.38886833190918,7.0
22,245,-11.78436279296875,10.557880401611328,41.0
22,246,-7.272610187530518,6.16046667098999,8.0
22,247,-21.182971954345703,34.14087677001953,153.0
22,248,-10.700157165527344,4.611687660217285,4.0
22,249,-14.101176261901855,16.780797958374023,107.0
22,250,-31.86447525024414,53.68101501464844,1819.0
22,251,-21.398929595947266,72.22499084472656,330.0
22,252,-23.625385284423828,19.166675567626953,55.0
22,253,-32.71821212768555,694.8128662109375,880.0
22,254,-15.720468521118164,13.736796379089355,25.0
22,255,-17.71431541442871,12.561247825622559,53.0
22,256,-17.162593841552734,73.01380157470703,269.0
22,257,-16.88682746887207,68.14971160888672,820.0
22,258,-7.540678977966309,4.518299579620361,4.0
22,259,-15.9638090133667,24.355602264404297,320.0
22,260,-8.460047721862793,16.777116775512695,14.0
22,261,-32.468170166015625,14.96450138092041,1526.0
22,262,-13.482151985168457,89.48316192626953,124.0
22,263,-19.87405776977539,53.24008560180664,27.0
22,264,-8.881171226501465,19.305505752563477,71.0
22,265,-8.461814880371094,16.787004470825195,77.0
22,266,-10.086746215820312,28.854000091552734,425.0
22,267,-14.268889427185059,35.41807556152344,92.0
22,268,-22.651493072509766,43.60835266113281,93.0
22,269,-2.677079200744629,1.7081583738327026,1.0
22,270,-3.5126752853393555,2.018864154815674,1.0
22,271,-15.84496784210205,14.024810791015625,72.0
22,272,-7.153594493865967,10.853976249694824,6.0
22,273,-10.859842300415039,15.10401439666748,34.0
22,274,-10.195991516113281,12.794276237487793,60.0
22,275,-8.251367568969727,7.8682990074157715,42.0
22,276,-15.88903522491455,9.678067207336426,12.0
22,277,-20.293292999267578,159.7041778564453,925.0
22,278,-21.387271881103516,21.228073120117188,123.0
22,279,-15.102807998657227,20.502805709838867,366.0
22,280,-18.98943328857422,10.736822128295898,115.0
22,281,-12.247966766357422,59.302734375,49.0
22,282,-7.726476669311523,13.137781143188477,18.0
22,283,-13.781953811645508,98.88768005371094,1379.0
22,284,-12.402103424072266,11.946288108825684,325.0
22,285,-28.262554168701172,13.05698299407959,20.0
22,286,-32.019195556640625,18.37215232849121,26.0
22,287,-2.8096206188201904,4.074753761291504,3.0
22,288,-16.061790466308594,24.83758544921875,955.0
22,289,-36.98658752441406,40.393089294433594,370.0
22,290,-18.655548095703125,106.04749298095703,208.0
22,291,-8.999126434326172,9.485664367675781,29.0
22,292,-8.684096336364746,8.767257690429688,13.0
22,293,-1.6182856559753418,1.4986599683761597,1.0
22,294,-18.893569946289062,112.54942321777344,170.0
22,295,-6.770478248596191,29.52505111694336,49.0
22,296,-31.87798500061035,34.53586959838867,346.0
22,297,-21.20392608642578,20.679283142089844,67.0
22,298,-20.942646026611328,65.92574310302734,5586.0
22,299,-18.86017608642578,12457.623046875,461.0
22,300,-25.34870719909668,319449.21875,6608.0
22,301,-24.813655853271484,15.753663063049316,661.0
22,302,-9.859424591064453,11.761791229248047,10.0
22,303,-19.61332893371582,50.53498077392578,1153.0
24,0,-23.481386184692383,50.07712936401367,113.0
24,1,-3.081603527069092,2.160632371902466,1.0
24,2,-10.620521545410156,34.47290802001953,7.0
24,3,-9.494006156921387,23.680898666381836,154.0
24,4,-20.27145004272461,18.10017204284668,119.0
24,5,-30.065826416015625,28.237403869628906,137.0
24,6,-38.04840850830078,68.55258178710938,1912.0
24,7,-14.3330078125,7.749068737030029,267.0
24,8,-5.206974029541016,5.672659397125244,5.0
24,9,-15.19682788848877,20.891984939575195,113.0
24,10,-23.628177642822266,367.6180419921875,1884.0
24,11,-9.400529861450195,6.55419921875,8.0
24,12,-7.5493855476379395,6.6018266677856445,5.0
24,13,-13.930407524108887,7.315959453582764,10.0
24,14,-18.631610870361328,497.96856689453125,199.0
24,15,-8.43782901763916,2.8711960315704346,23.0
24,16,-7.95554780960083,7.307395935058594,26.0
24,17,-16.50045394897461,244.72894287109375,124.0
24,18,-20.603519439697266,29784.986328125,1625.0
24,19,-19.114126205444336,15.341926574707031,27.0
24,20,-15.250530242919922,21.117584228515625,36.0
24,21,-12.79967212677002,71.27582550048828,37.0
24,22,-10.854262351989746,8.765752792358398,16.0
24,23,-5.2729620933532715,2.1239559650421143,3.0
24,24,-7.1305084228515625,10.770771980285645,8.0
24,25,-3.84761118888855,3.605776309967041,3.0
24,26,-4.018067836761475,2.730587959289551,3.0
24,27,-10.124032020568848,7.574645519256592,76.0
24,28,-11.808904647827148,4.375903606414795,69.0
24,29,-21.130754470825195,20.464244842529297,38.0
24,30,-6.918204307556152,3.9894001483917236,12.0
24,31,-9.821124076843262,26.40908432006836,27.0
24,32,-10.406854629516602,13.48682975769043,137.0
24,33,-13.575471878051758,5.457189559936523,52.0
24,34,-11.218488693237305,42.07678985595703,150.0
24,35,-7.534018039703369,12.321423530578613,28.0
24,36,-18.436832427978516,466.66461181640625,413.0
24,37,-23.46013641357422,10.443852424621582,236.0
24,38,-44.79136276245117,58.670780181884766,14071.0
24,39,-10.982202529907227,38.8898811340332,58.0
24,40,-10.09416675567627,28.92546272277832,17.0
24,41,-9.270209312438965,10.150798797607422,11.0
24,42,-10.717748641967773,212.4856414794922,322.0
24,43,-39.046234130859375,670.2868041992188,2366.0
24,44,-3.9786648750305176,7.310651779174805,3.0
24,45,-10.612286567687988,5.863310813903809,9.0
24,46,-13.657506942749023,94.8694839477539,121.0
24,47,-6.551150798797607,5.143777370452881,19.0
24,48,-24.560182571411133,464.07476806640625,3873.0
24,49,-16.658832550048828,6.366063594818115,30.0
24,50,-14.80240249633789,138.9527587890625,1727.0
24,51,-13.209145545959473,81.69955444335938,95.0
24,52,-9.211681365966797,6.3112664222717285,41.0
24,53,-6.768465995788574,9.54631519317627,14.0
24,54,-33.36970520019531,260.243408203125,8663.0
24,55,-19.96221923828125,27.85567283630371,20.0
24,56,-7.229336738586426,11.131499290466309,14.0
24,57,-6.723333358764648,5.370028972625732,3.0
24,58,-10.067878723144531,12.3909912109375,13.0
24,59,-27.674163818359375,52.11494827270508,222.0
24,60,-10.144707679748535,12.631288528442383,31.0
24,61,-11.635000228881836,48.34357833862305,30.0
24,62,-23.286617279052734,337.52996826171875,265.0
24,63,-10.989469528198242,4.806283950805664,17.0
24,64,-9.63061237335205,6.862847805023193,19.0
24,65,-5.715389251708984,6.720280170440674,2.0
24,66,-16.801563262939453,16.448932647705078,9.0
24,67,-5.934050559997559,3.2766125202178955,4.0
24,68,-17.210500717163086,8.596134185791016,58.0
24,69,-8.948827743530273,19.745834350585938,16.0
24,70,-7.531513214111328,6.572395324707031,8.0
24,71,-18.924999237060547,3.2635397911071777,97.0
24,72,-15.109758377075195,43.70399856567383,29.0
24,73,-13.7942476272583,31.45512580871582,21.0
24,74,-15.881380081176758,199.09722900390625,359.0
24,75,-10.470741271972656,2.393033266067505,7.0
24,76,-7.738035202026367,4.700209617614746,12.0
24,77,-13.906578063964844,16.140241622924805,61.0
24,78,-8.443275451660156,4.084554195404053,3.0
24,79,-16.080707550048828,4.993168354034424,91.0
24,80,-8.406326293945312,5.372349262237549,42.0
24,81,-10.539664268493652,3.733917713165283,68.0
24,82,-5.927911758422852,3.272592306137085,4.0
24,83,-21.14486312866211,6.836392879486084,298.0
24,84,-8.191882133483887,15.342508316040039,64.0
24,85,-3.8826637268066406,6.9680256843566895,3.0
24,86,-6.500606060028076,8.730902671813965,5.0
24,87,-31.987119674682617,54.51031494140625,264.0
24,88,-15.008134841918945,6.527453422546387,56.0
24,89,-16.004188537597656,24.553089141845703,60.0
24,90,-14.859676361083984,19.529678344726562,353.0
24,91,-16.468900680541992,15.561761856079102,14.0
24,92,-5.960526466369629,7.292469024658203,7.0
24,93,-9.546623229980469,6.74852991104126,13.0
24,94,-7.315896034240723,4.319671154022217,15.0
24,95,-16.6981258392334,5.311172008514404,238.0
24,96,-11.760738372802734,50.4128532409668,42.0
24,97,-4.6952667236328125,4.783100128173828,5.0
24,98,-20.007417678833008,6.164802551269531,32.0
24,99,-15.979206085205078,7.369875431060791,158.0
24,100,-16.209999084472656,10.132155418395996,101.0
24,101,-25.92888641357422,10.56103801727295,296.0
24,102,-19.21424102783203,121.94379425048828,74.0
24,103,-11.089791297912598,40.30990219116211,1089.0
24,104,-23.049217224121094,2171.281005859375,19494.0
24,105,-39.17473602294922,50.27326965332031,243.0
24,106,-32.715919494628906,107.09355163574219,539.0
24,107,-10.776155471801758,36.308494567871094,46.0
24,108,-18.440322875976562,39.96741485595703,50.0
24,109,-5.710480690002441,6.709292888641357,3.0
24,110,-23.074295043945312,320.0809020996094,3997.0
24,111,-9.439676284790039,4.822436809539795,22.0
24,112,-12.518994331359863,12.228863716125488,29.0
24,113,-9.373769760131836,10.417035102844238,6.0
24,114,-6.635508060455322,5.253407955169678,6.0
24,115,-17.397363662719727,18.166162490844727,95.0
24,116,-13.48939323425293,9.470977783203125,10.0
24,117,-4.319350719451904,1.853452444076538,3.0
24,118,-14.448671340942383,2.231566905975342,9.0
24,119,-4.545319557189941,1.7650251388549805,3.0
24,120,-8.136885643005371,15.063811302185059,14.0
24,121,-12.878451347351074,8.554081916809082,20.0
24,122,-22.513338088989258,7.742054462432861,36.0
24,123,-6.716108322143555,5.36033821105957,2.0
24,124,-15.608689308166504,13.48325252532959,19.0
24,125,-13.80970573425293,31.576919555664062,114.0
24,126,-13.38342571258545,86.58634185791016,1060.0
24,127,-11.262934684753418,42.704811096191406,37.0
24,128,-10.480113983154297,5.735561370849609,17.0
24,129,-21.566726684570312,21.779321670532227,63.0
24,130,-13.868368148803711,1026.7811279296875,1605.0
24,131,-14.855360984802246,6.4039835929870605,237.0
24,132,-26.920501708984375,88.832275390625,132.0
24,133,-15.758837699890137,13.824922561645508,35.0
24,134,-20.205602645874023,841.5125122070312,188.0
24,135,-10.053731918334961,152.4544677734375,22.0
24,136,-1.8542439937591553,1.8553646802902222,2.0
24,137,-6.095860958099365,4.590391635894775,2.0
24,138,-8.750524520874023,4.299164772033691,3.0
24,139,-17.144546508789062,11.57932186126709,34.0
24,140,-18.50640296936035,40.4991340637207,33.0
24,141,-13.438344955444336,14.69737720489502,61.0
24,142,-5.620983123779297,4.076528549194336,2.0
24,143,-7.866922378540039,13.767455101013184,66.0
24,144,-9.732088088989258,25.636812210083008,86.0
24,145,-8.404529571533203,8.175422668457031,8.0
24,146,-5.386966228485107,14.78307819366455,5.0
24,147,-7.921787738800049,3.1008739471435547,6.0
24,148,-1.5955337285995483,1.7020690441131592,1.0
24,149,-31.14246940612793,506.9912414550781,698.0
24,150,-9.754802703857422,25.831661224365234,9.0
24,151,-15.879323959350586,23.947519302368164,23.0
24,152,-9.407456398010254,23.007465362548828,21.0
24,153,-10.014693260192871,7.410802841186523,4.0
24,154,-21.75408363342285,230.10159301757812,724.0
24,155,-21.9752140045166,243.18038940429688,77.0
24,156,-12.741833686828613,69.91482543945312,77.0
24,157,-13.801275253295898,99.52662658691406,167.0
24,158,-4.607687473297119,3.1642682552337646,2.0
24,159,-12.298064231872559,468.26397705078125,978.0
24,160,-9.764988899230957,25.919519424438477,20.0
24,161,-14.231729507446289,10.7183256149292,40.0
24,162,-17.005779266357422,6.616265296936035,86.0
24,163,-5.76682710647583,6.836498737335205,8.0
24,164,-9.05527400970459,20.45903778076172,10.0
24,165,-18.241497039794922,20.91046142578125,25.0
24,166,-17.404756546020508,2.2058773040771484,9.0
24,167,-19.01394271850586,15.123920440673828,48.0
24,168,-4.286116600036621,2.3566079139709473,2.0
24,169,-10.605818748474121,14.174643516540527,12.0
24,170,-21.609466552734375,36.65602111816406,48.0
24,171,-18.46916961669922,40.198665618896484,109.0
24,172,-11.338502883911133,6.617717266082764,8.0
24,173,-12.802797317504883,12.9430570602417,522.0
24,174,-16.50785255432129,10.572588920593262,11.0
24,175,-24.665035247802734,138.79627990722656,203.0
24,176,-15.317896842956543,12.845361709594727,20.0
24,177,-15.981130599975586,2.5601518154144287,8.0
24,178,-25.952159881591797,5.64146614074707,25.0
24,179,-14.9963960647583,1804.7872314453125,6369.0
24,180,-14.829683303833008,40.748573303222656,20.0
24,181,-14.436116218566895,122.98210906982422,382.0
24,182,-18.787490844726562,109.6038818359375,84.0
24,183,-14.138777732849121,34.28453826904297,31.0
24,184,-39.161865234375,268.9571533203125,864.0
24,185,-13.763357162475586,7.143436431884766,52.0
24,186,-6.611937999725342,3.7523698806762695,25.0
24,187,-11.623148918151855,334.1448059082031,799.0
24,188,-14.114594459533691,110.4833755493164,2781.0
24,189,-8.648324012756348,17.863767623901367,30.0
24,190,-26.700984954833984,28.15213394165039,34.0
24,191,-15.743858337402344,23.307418823242188,1657.0
24,192,-15.52354621887207,13.293266296386719,22.0
24,193,-13.129817962646484,26.641082763671875,23.0
24,194,-17.05002784729004,5039.2568359375,519.0
24,195,-6.413862228393555,4.970227241516113,16.0
24,196,-22.779640197753906,297.35003662109375,14774.0
24,197,-12.053716659545898,20.357088088989258,1850.0
24,198,-12.21429443359375,3.392033100128174,110.0
24,199,-13.741222381591797,15.615195274353027,58.0
24,200,-26.21115493774414,7.510054588317871,173.0
24,201,-10.635326385498047,203.90682983398438,386.0
24,202,-7.375279903411865,39.95044708251953,61.0
24,203,-36.91907501220703,40.12130355834961,2410.0
24,204,-7.998700141906738,7.386655330657959,6.0
24,205,-15.596109390258789,22.628765106201172,618.0
24,206,-5.423280715942383,3.879941940307617,10.0
24,207,-12.67374038696289,23.7702579498291,1555.0
24,208,-13.847906112670898,101.08570861816406,2793.0
24,209,-27.010042190551758,29.2609920501709,5699.0
24,210,-3.215424060821533,1.9023401737213135,2.0
24,211,-14.567745208740234,128.4982147216797,193.0
24,212,-9.626776695251465,11.09721565246582,14.0
24,213,-17.911563873291016,391.7098693847656,2549.0
24,214,-9.141576766967773,9.829560279846191,32.0
24,215,-37.202720642089844,22.20298194885254,97.0
24,216,-8.710199356079102,8.824658393859863,5.0
24,217,-19.001300811767578,563.2744140625,831.0
24,218,-11.531880378723145,17.86726188659668,10.0
24,219,-14.919937133789062,41.67845153808594,383.0
24,220,-17.45279884338379,336.1642150878906,6544.0
24,221,-7.006541728973389,4.060508728027344,4.0
24,222,-22.382774353027344,24.472230911254883,201.0
24,223,-4.248626708984375,4.121465682983398,2.0
24,224,-1.8331096172332764,2.5006601810455322,1.0
24,225,-16.4329891204834,10.46012020111084,224.0
24,226,-13.16828727722168,80.59439086914062,505.0
24,227,-15.34733772277832,46.37842559814453,212.0
24,228,-13.765398025512695,7.145519256591797,222.0
24,229,-23.76824951171875,7.2477240562438965,93.0
24,230,-22.33498764038086,9.3324613571167,288.0
24,231,-7.580287933349609,3.5373620986938477,4.0
24,232,-1.0873031616210938,1.4368230104446411,1.0
24,233,-10.438455581665039,32.443016052246094,111.0
24,234,-14.223480224609375,35.018272399902344,52.0
24,235,-16.945758819580078,69.16118621826172,259.0
24,236,-12.308111190795898,60.50364303588867,31.0
24,237,-21.37023162841797,71.81163024902344,1538.0
24,238,-37.09231948852539,21.999650955200195,7400.0
24,239,-8.433558464050293,4.077944278717041,9.0
24,240,-18.05382537841797,20.26653480529785,1930.0
24,241,-7.746787071228027,13.227027893066406,64.0
24,242,-38.06446075439453,229.93115234375,1522.0
24,243,-15.106536865234375,8.6544771194458,40.0
24,244,-6.655506134033203,9.193549156188965,9.0
24,245,-11.440404891967773,9.85600471496582,23.0
24,246,-7.259008407592773,6.139554500579834,9.0
24,247,-21.415374755859375,35.489227294921875,139.0
24,248,-10.987062454223633,4.804631233215332,4.0
24,249,-14.682225227355957,18.84872055053711,154.0
24,250,-31.426963806152344,50.82408905029297,1839.0
24,251,-21.330341339111328,71.24099731445312,260.0
24,252,-24.446792602539062,21.239212036132812,78.0
24,253,-31.990114212036133,600.6561279296875,888.0
24,254,-14.886311531066895,11.953832626342773,16.0
24,255,-17.308378219604492,11.853527069091797,43.0
24,256,-16.96550750732422,69.50348663330078,234.0
24,257,-17.33169937133789,76.16673278808594,704.0
24,258,-6.877080917358398,3.9567227363586426,4.0
24,259,-14.896690368652344,19.674789428710938,261.0
24,260,-8.56239128112793,17.359336853027344,18.0
24,261,-29.83869171142578,12.019829750061035,1160.0
24,262,-13.598158836364746,93.01116943359375,119.0
24,263,-18.68559455871582,41.97687530517578,23.0
24,264,-8.061835289001465,14.691637992858887,40.0
24,265,-9.207283020019531,21.522403717041016,124.0
24,266,-10.328070640563965,31.270967483520508,466.0
24,267,-13.823173522949219,31.683414459228516,83.0
24,268,-22.83051300048828,44.92908477783203,94.0
24,269,-2.521116256713867,1.6556990146636963,1.0
24,270,-3.343716621398926,1.9517829418182373,1.0
24,271,-15.87563705444336,14.096683502197266,75.0
24,272,-7.155962944030762,10.862547874450684,6.0
24,273,-10.262848854064941,13.009921073913574,29.0
24,274,-9.628164291381836,11.101065635681152,41.0
24,275,-7.305695533752441,6.211633682250977,24.0
24,276,-15.010176658630371,8.536157608032227,11.0
24,277,-19.76416778564453,139.91595458984375,757.0
24,278,-20.788745880126953,19.488426208496094,154.0
24,279,-13.772847175598145,15.714275360107422,285.0
24,280,-18.11606788635254,9.626391410827637,71.0
24,281,-12.395978927612305,62.30195236206055,50.0
24,282,-7.548705101013184,12.381892204284668,15.0
24,283,-13.70535659790039,96.39480590820312,1275.0
24,284,-12.45844554901123,12.08166790008545,289.0
24,285,-26.968582153320312,11.607938766479492,17.0
24,286,-30.111034393310547,15.446256637573242,27.0
24,287,-2.6881232261657715,3.8345863819122314,3.0
24,288,-14.654440879821777,18.74427032470703,766.0
24,289,-35.698577880859375,35.51154327392578,335.0
24,290,-18.24738311767578,95.76007080078125,149.0
24,291,-8.641374588012695,8.674118041992188,25.0
24,292,-9.12445068359375,9.787564277648926,16.0
24,293,-1.5177898406982422,1.4614768028259277,1.0
24,294,-19.203025817871094,121.60237121582031,134.0
24,295,-6.562352180480957,26.607046127319336,42.0
24,296,-31.482486724853516,33.05107116699219,313.0
24,297,-21.166669845581055,20.569509506225586,58.0
24,298,-20.10499382019043,55.756778717041016,5728.0
24,299,-19.060054779052734,13766.9677734375,447.0
24,300,-25.633045196533203,368251.9375,6569.0
24,301,-24.214967727661133,14.7398099899292,557.0
24,302,-9.917420387268066,11.933566093444824,11.0
24,303,-18.334230422973633,39.128299713134766,1281.0
26,0,-23.22683334350586,47.997013092041016,104.0
26,1,-2.905729055404663,2.067690372467041,1.0
26,2,-10.426359176635742,32.31246566772461,7.0
26,3,-9.684039115905762,25.229476928710938,165.0
26,4,-20.362157821655273,18.336246490478516,143.0
26,5,-30.059581756591797,28.21781349182129,152.0
26,6,-38.48468780517578,71.95755004882812,2207.0
26,7,-14.433843612670898,7.861501693725586,263.0
26,8,-5.048181056976318,5.380207538604736,5.0
26,9,-14.468133926391602,18.058685302734375,85.0
26,10,-24.968162536621094,513.9061279296875,1309.0
26,11,-9.237585067749023,6.344048023223877,7.0
26,12,-7.846850395202637,7.1114959716796875,7.0
26,13,-13.20440673828125,6.595211505889893,7.0
26,14,-19.258819580078125,613.7616577148438,222.0
26,15,-7.489960193634033,2.550386667251587,16.0
26,16,-8.18006420135498,7.729282855987549,28.0
26,17,-17.032146453857422,292.1835021972656,120.0
26,18,-20.7424259185791,31927.1796875,1928.0
26,19,-18.151769638061523,13.37129020690918,23.0
26,20,-15.040353775024414,20.2482967376709,34.0
26,21,-13.075260162353516,78.13358306884766,38.0
26,22,-10.900117874145508,8.846515655517578,17.0
26,23,-4.706889629364014,1.9589581489562988,2.0
26,24,-7.120493412017822,10.73487377166748,8.0
26,25,-3.875706672668457,3.6397032737731934,5.0
26,26,-4.286782741546631,2.9203271865844727,3.0
26,27,-9.634239196777344,6.867827892303467,63.0
26,28,-11.687783241271973,4.310150623321533,80.0
26,29,-20.241186141967773,18.022085189819336,42.0
26,30,-6.281221866607666,3.5122063159942627,12.0
26,31,-9.773980140686035,25.9973201751709,31.0
26,32,-10.360787391662598,13.332395553588867,138.0
26,33,-13.248224258422852,5.238462448120117,33.0
26,34,-11.250570297241211,42.5291633605957,152.0
26,35,-7.098946571350098,10.658051490783691,25.0
26,36,-17.91997528076172,392.8097229003906,367.0
26,37,-23.854829788208008,10.864309310913086,227.0
26,38,-44.34144973754883,56.31949234008789,14136.0
26,39,-10.914240837097168,38.01878356933594,57.0
26,40,-10.673561096191406,35.087806701660156,21.0
26,41,-9.26834487915039,10.146068572998047,14.0
26,42,-10.774279594421387,218.5773162841797,323.0
26,43,-39.44892883300781,716.817626953125,2263.0
26,44,-3.796987533569336,6.675831317901611,3.0
26,45,-10.652140617370605,5.902386665344238,10.0
26,46,-13.48226547241211,89.48657989501953,105.0
26,47,-6.622483253479004,5.236329555511475,21.0
26,48,-24.28611183166504,433.3423156738281,3934.0
26,49,-16.522136688232422,6.27010440826416,31.0
26,50,-14.830094337463379,140.24130249023438,1793.0
26,51,-13.424952507019043,87.79320526123047,97.0
26,52,-9.679815292358398,6.930715560913086,65.0
26,53,-6.9970269203186035,10.302044868469238,16.0
26,54,-33.738983154296875,276.76361083984375,9511.0
26,55,-20.386505126953125,29.89678192138672,19.0
26,56,-7.0567145347595215,10.509064674377441,14.0
26,57,-6.74873685836792,5.404242515563965,3.0
26,58,-10.226120948791504,12.891011238098145,16.0
26,59,-26.706226348876953,45.38471221923828,202.0
26,60,-10.003578186035156,12.193397521972656,31.0
26,61,-11.93583869934082,53.44285202026367,27.0
26,62,-23.157258987426758,326.7890319824219,264.0
26,63,-11.052339553833008,4.849646091461182,16.0
26,64,-9.444625854492188,6.612257957458496,18.0
26,65,-5.62350606918335,6.517573356628418,3.0
26,66,-17.117839813232422,17.339258193969727,11.0
26,67,-6.082962512969971,3.3756656646728516,5.0
26,68,-15.939778327941895,7.33364200592041,52.0
26,69,-9.461472511291504,23.42547607421875,14.0
26,70,-6.944897651672363,5.675873279571533,7.0
26,71,-16.6004695892334,2.8222358226776123,110.0
26,72,-14.55445384979248,38.039058685302734,26.0
26,73,-13.582469940185547,29.83306884765625,18.0
26,74,-16.14071273803711,217.0738525390625,347.0
26,75,-9.770845413208008,2.257452964782715,6.0
26,76,-7.616653919219971,4.587479591369629,12.0
26,77,-14.019765853881836,16.509782791137695,57.0
26,78,-8.08206558227539,3.8459126949310303,2.0
26,79,-15.150985717773438,4.549869537353516,85.0
26,80,-7.89362096786499,4.8487653732299805,36.0
26,81,-10.469345092773438,3.7012407779693604,68.0
26,82,-5.495543956756592,3.0014898777008057,4.0
26,83,-20.491418838500977,6.442111015319824,278.0
26,84,-8.057049751281738,14.668219566345215,57.0
26,85,-4.108227729797363,7.799922943115234,3.0
26,86,-6.578309535980225,8.959996223449707,5.0
26,87,-32.66547775268555,59.33413314819336,244.0
26,88,-14.801976203918457,6.361390590667725,49.0
26,89,-16.40517807006836,26.60331153869629,64.0
26,90,-15.153886795043945,20.713329315185547,406.0
26,91,-16.146244049072266,14.747015953063965,12.0
26,92,-5.473502159118652,6.1996989250183105,5.0
26,93,-9.548604965209961,6.7512054443359375,13.0
26,94,-6.844776630401611,3.931241989135742,13.0
26,95,-16.583051681518555,5.2504048347473145,225.0
26,96,-12.049051284790039,55.49818420410156,38.0
26,97,-4.628730773925781,4.678184509277344,5.0
26,98,-19.55805206298828,5.918036937713623,31.0
26,99,-16.25107192993164,7.624631881713867,201.0
26,100,-15.853705406188965,9.62934398651123,86.0
26,101,-25.69944190979004,10.343031883239746,313.0
26,102,-18.86020278930664,111.61447143554688,71.0
26,103,-10.856603622436523,37.29532241821289,896.0
26,104,-21.82657814025879,1444.5108642578125,18539.0
26,105,-37.34071350097656,41.84914016723633,145.0
26,106,-31.994661331176758,96.60841369628906,522.0
26,107,-10.474764823913574,32.83806610107422,40.0
26,108,-18.30458641052246,38.897003173828125,51.0
26,109,-5.323110580444336,5.896566867828369,3.0
26,110,-24.08733367919922,412.3338928222656,5199.0
26,111,-8.948429107666016,4.443333625793457,19.0
26,112,-12.063281059265137,11.163576126098633,25.0
26,113,-9.392148971557617,10.465008735656738,6.0
26,114,-6.459578037261963,5.027357578277588,7.0
26,115,-17.30645751953125,17.893001556396484,97.0
26,116,-13.19937515258789,9.024073600769043,10.0
26,117,-4.438981533050537,1.885400414466858,4.0
26,118,-14.480157852172852,2.235473871231079,9.0
26,119,-4.5711493492126465,1.770733118057251,3.0
26,120,-7.913186550140381,13.981414794921875,13.0
26,121,-12.498064994812012,8.028606414794922,18.0
26,122,-22.365894317626953,7.638973236083984,34.0
26,123,-6.297858238220215,4.828155994415283,2.0
26,124,-15.21331787109375,12.623409271240234,14.0
26,125,-13.616764068603516,30.08994483947754,105.0
26,126,-13.588582038879395,92.71471405029297,1043.0
26,127,-10.445449829101562,32.518741607666016,26.0
26,128,-10.282899856567383,5.550103664398193,13.0
26,129,-21.477798461914062,21.504384994506836,68.0
26,130,-14.016536712646484,1105.7381591796875,1766.0
26,131,-15.0068359375,6.526393413543701,194.0
26,132,-27.042522430419922,90.6573715209961,121.0
26,133,-16.14844512939453,14.752424240112305,31.0
26,134,-19.769027709960938,727.5450439453125,131.0
26,135,-9.883245468139648,139.9972381591797,17.0
26,136,-1.6340713500976562,1.7240746021270752,1.0
26,137,-6.060178279876709,4.549623966217041,2.0
26,138,-8.984642028808594,4.470232009887695,2.0
26,139,-17.386503219604492,11.986560821533203,41.0
26,140,-18.851165771484375,43.39017868041992,33.0
26,141,-13.743951797485352,15.623720169067383,63.0
26,142,-5.652743339538574,4.109025478363037,2.0
26,143,-8.218770980834961,15.480642318725586,71.0
26,144,-9.71908187866211,25.52590560913086,86.0
26,145,-8.534603118896484,8.44564437866211,8.0
26,146,-5.190783977508545,13.401840209960938,4.0
26,147,-7.683709144592285,2.997182607650757,6.0
26,148,-1.533277153968811,1.6671112775802612,1.0
26,149,-31.199777603149414,512.835693359375,624.0
26,150,-10.026407241821289,28.27945899963379,10.0
26,151,-15.31444263458252,21.389253616333008,22.0
26,152,-9.535974502563477,24.014511108398438,21.0
26,153,-10.208005905151367,7.702933311462402,5.0
26,154,-22.369794845581055,268.39202880859375,795.0
26,155,-22.30400276184082,264.0136413574219,85.0
26,156,-12.948996543884277,74.91336822509766,80.0
26,157,-14.141095161437988,111.4636459350586,192.0
26,158,-5.139537334442139,3.6142499446868896,3.0
26,159,-12.334510803222656,476.87548828125,918.0
26,160,-9.780878067016602,26.05716323852539,18.0
26,161,-13.93467903137207,10.200600624084473,35.0
26,162,-16.426313400268555,6.203700542449951,66.0
26,163,-5.58928918838501,6.443658351898193,7.0
26,164,-9.172080993652344,21.271333694458008,10.0
26,165,-18.821731567382812,23.03363037109375,25.0
26,166,-16.45954132080078,2.113110303878784,7.0
26,167,-19.125308990478516,15.366456985473633,44.0
26,168,-3.990304470062256,2.2212295532226562,2.0
26,169,-10.062915802001953,12.375627517700195,12.0
26,170,-21.90790367126465,38.52538299560547,48.0
26,171,-19.109172821044922,45.687950134277344,106.0
26,172,-12.53091049194336,8.072675704956055,9.0
26,173,-12.658956527709961,12.576011657714844,443.0
26,174,-16.630985260009766,10.760209083557129,12.0
26,175,-25.278175354003906,156.9041290283203,194.0
26,176,-15.081438064575195,12.348973274230957,19.0
26,177,-16.415023803710938,2.626335859298706,8.0
26,178,-26.132823944091797,5.709824562072754,18.0
26,179,-15.046504020690918,1850.57568359375,6379.0
26,180,-14.908324241638184,41.5576286315918,21.0
26,181,-14.246634483337402,115.45467376708984,330.0
26,182,-19.09389877319336,118.32969665527344,88.0
26,183,-14.077661514282227,33.76468276977539,23.0
26,184,-38.9736328125,261.8211669921875,937.0
26,185,-13.458640098571777,6.839145660400391,51.0
26,186,-6.189230442047119,3.44817852973938,18.0
26,187,-12.110441207885742,426.33294677734375,965.0
26,188,-14.022780418395996,107.15326690673828,2513.0
26,189,-8.301337242126465,15.912619590759277,26.0
26,190,-25.891277313232422,25.442211151123047,35.0
26,191,-14.577312469482422,18.457347869873047,1726.0
26,192,-14.50420093536377,11.21628475189209,19.0
26,193,-13.00014591217041,25.791278839111328,25.0
26,194,-16.981477737426758,4869.46240234375,499.0
26,195,-6.242080211639404,4.76129674911499,16.0
26,196,-22.473379135131836,275.43310546875,13233.0
26,197,-11.712934494018555,18.694580078125,1544.0
26,198,-11.720019340515137,3.2284493446350098,93.0
26,199,-13.04026985168457,13.572611808776855,55.0
26,200,-24.664508819580078,6.667666912078857,138.0
26,201,-10.363694190979004,178.0113067626953,353.0
26,202,-7.482441425323486,42.1494140625,70.0
26,203,-36.4465446472168,38.26955032348633,1975.0
26,204,-7.749022960662842,6.939680576324463,6.0
26,205,-15.267712593078613,21.19028091430664,555.0
26,206,-5.195644855499268,3.6653037071228027,8.0
26,207,-12.246402740478516,21.361722946166992,1218.0
26,208,-13.55866813659668,91.79483795166016,2307.0
26,209,-26.93097686767578,28.973224639892578,5922.0
26,210,-3.1334991455078125,1.8714243173599243,2.0
26,211,-11.837385177612305,51.71744155883789,94.0
26,212,-10.002817153930664,12.19107723236084,18.0
26,213,-17.31072998046875,320.6156921386719,2469.0
26,214,-8.03665542602539,7.4570794105529785,17.0
26,215,-36.14295196533203,20.32623863220215,74.0
26,216,-8.034193992614746,7.4524922370910645,5.0
26,217,-18.975683212280273,558.4850463867188,787.0
26,218,-10.909943580627441,15.294386863708496,10.0
26,219,-14.293917655944824,35.640384674072266,336.0
26,220,-16.535417556762695,247.59788513183594,6013.0
26,221,-6.806149482727051,3.9009878635406494,4.0
26,222,-23.137508392333984,27.258310317993164,199.0
26,223,-4.022238254547119,3.8218939304351807,2.0
26,224,-1.81829035282135,2.4821999073028564,1.0
26,225,-16.162715911865234,10.063946723937988,207.0
26,226,-12.715957641601562,69.31440734863281,440.0
26,227,-14.600397109985352,38.47848892211914,223.0
26,228,-13.626520156860352,7.005151271820068,213.0
26,229,-23.227685928344727,6.92848014831543,86.0
26,230,-22.357799530029297,9.353774070739746,316.0
26,231,-7.298102378845215,3.3748486042022705,4.0
26,232,-1.0352319478988647,1.412099003791809,1.0
26,233,-10.770005226135254,36.2341423034668,123.0
26,234,-14.64486312866211,38.90861892700195,45.0
26,235,-17.088008880615234,71.66497802734375,251.0
26,236,-12.452527046203613,63.48744583129883,31.0
26,237,-18.673036575317383,41.87157440185547,1360.0
26,238,-36.3951416015625,20.757932662963867,5727.0
26,239,-8.492769241333008,4.118386745452881,8.0
26,240,-17.985309600830078,20.036420822143555,1734.0
26,241,-8.034602165222168,14.558874130249023,69.0
26,242,-38.54243469238281,246.1797637939453,1476.0
26,243,-14.871917724609375,8.369211196899414,36.0
26,244,-7.138771057128906,10.800477027893066,9.0
26,245,-11.053141593933105,9.121445655822754,18.0
26,246,-7.382070064544678,6.331375598907471,9.0
26,247,-21.630624771118164,36.785518646240234,142.0
26,248,-11.180871963500977,4.939516067504883,4.0
26,249,-15.054973602294922,20.307588577270508,177.0
26,250,-31.00896453857422,48.23672103881836,1835.0
26,251,-21.269433975219727,70.37842559814453,247.0
26,252,-24.900066375732422,22.477352142333984,90.0
26,253,-31.496227264404297,544.1611328125,904.0
26,254,-13.86007308959961,10.074545860290527,11.0
26,255,-17.044788360595703,11.415472030639648,40.0
26,256,-17.043073654174805,70.86441802978516,205.0
26,257,-17.975473403930664,89.46685791015625,638.0
26,258,-6.391657829284668,3.5906436443328857,3.0
26,259,-14.200057983398438,17.115964889526367,250.0
26,260,-8.635807991027832,17.789400100708008,20.0
26,261,-28.476491928100586,10.729971885681152,892.0
26,262,-13.776336669921875,98.70267486572266,115.0
26,263,-17.927169799804688,36.069007873535156,21.0
26,264,-7.581019401550293,12.515982627868652,32.0
26,265,-9.679364204406738,25.1901912689209,159.0
26,266,-10.793889045715332,36.52376174926758,613.0
26,267,-13.654415130615234,30.374509811401367,73.0
26,268,-22.712533950805664,44.05427169799805,100.0
26,269,-2.4043030738830566,1.617465853691101,1.0
26,270,-3.2552013397216797,1.9175344705581665,1.0
26,271,-16.084564208984375,14.59619140625,93.0
26,272,-7.165530204772949,10.897245407104492,6.0
26,273,-9.736062049865723,11.404585838317871,25.0
26,274,-9.360862731933594,10.383475303649902,32.0
26,275,-6.4401750564575195,5.003030300140381,15.0
26,276,-14.33260726928711,7.748624801635742,10.0
26,277,-19.027286529541016,116.37545776367188,585.0
26,278,-20.736621856689453,19.343847274780273,177.0
26,279,-12.9316987991333,13.2810697555542,249.0
26,280,-17.511459350585938,8.925678253173828,53.0
26,281,-12.521184921264648,64.95719146728516,56.0
26,282,-7.435947418212891,11.92514419555664,10.0
26,283,-13.777997970581055,98.75737762451172,1199.0
26,284,-12.852752685546875,13.073019027709961,314.0
26,285,-26.539247512817383,11.163604736328125,18.0
26,286,-29.262027740478516,14.29892635345459,30.0
26,287,-2.5900015830993652,3.650998830795288,3.0
26,288,-13.64016342163086,15.302750587463379,642.0
26,289,-35.253684997558594,33.96628952026367,317.0
26,290,-18.0579833984375,91.33150482177734,115.0
26,291,-8.446316719055176,8.261277198791504,23.0
26,292,-9.723339080810547,11.368368148803711,16.0
26,293,-1.4388748407363892,1.4329264163970947,1.0
26,294,-19.428264617919922,128.64622497558594,110.0
26,295,-6.296163558959961,23.291343688964844,31.0
26,296,-31.11838722229004,31.740663528442383,268.0
26,297,-21.444856643676758,21.403425216674805,60.0
26,298,-19.42303466796875,48.64781188964844,5771.0
26,299,-19.278717041015625,15357.4892578125,451.0
26,300,-25.647397994995117,370904.15625,6112.0
26,301,-24.047027587890625,14.467314720153809,506.0
26,302,-10.04913330078125,12.33305835723877,12.0
26,303,-17.28716468811035,31.73540496826172,1289.0
28,0,-23.067094802856445,46.73604965209961,104.0
28,1,-3.02410888671875,2.129798412322998,1.0
28,2,-10.29998779296875,30.9796142578125,6.0
28,3,-9.504085540771484,23.760595321655273,163.0
28,4,-19.264110565185547,15.674196243286133,141.0
28,5,-30.280574798583984,28.91927719116211,134.0
28,6,-38.78942108154297,74.4356918334961,2669.0
28,7,-14.309586524963379,7.723183631896973,257.0
28,8,-5.080777168273926,5.438984394073486,5.0
28,9,-14.353939056396484,17.650920867919922,67.0
28,10,-21.334012985229492,207.16246032714844,1050.0
28,11,-9.353270530700684,6.492542266845703,7.0
28,12,-7.896547317504883,7.200401782989502,7.0
28,13,-11.684208869934082,5.307774543762207,11.0
28,14,-19.208986282348633,603.650634765625,211.0
28,15,-7.432708263397217,2.5322000980377197,17.0
28,16,-8.335803031921387,8.036155700683594,36.0
28,17,-16.73356819152832,264.50390625,126.0
28,18,-21.04372215270996,37118.140625,1861.0
28,19,-18.36142349243164,13.777825355529785,24.0
28,20,-14.926416397094727,19.792110443115234,36.0
28,21,-12.794862747192383,71.16165161132812,34.0
28,22,-11.036798477172852,9.091680526733398,22.0
28,23,-4.52793025970459,1.9095110893249512,2.0
28,24,-6.9393229484558105,10.105781555175781,7.0
28,25,-4.03391170501709,3.83679461479187,4.0
28,26,-4.447865009307861,3.040330410003662,3.0
28,27,-9.285603523254395,6.40526819229126,59.0
28,28,-11.001590728759766,3.9558629989624023,44.0
28,29,-20.202224731445312,17.922054290771484,41.0
28,30,-6.148561477661133,3.4202451705932617,12.0
28,31,-9.633020401000977,24.804048538208008,32.0
28,32,-10.833830833435059,15.00611400604248,144.0
28,33,-12.875492095947266,4.999992847442627,22.0
28,34,-11.390229225158691,44.55583572387695,150.0
28,35,-6.987293243408203,10.268672943115234,24.0
28,36,-16.981544494628906,287.2965087890625,300.0
28,37,-24.372081756591797,11.441054344177246,232.0
28,38,-44.43416213989258,56.79618835449219,14172.0
28,39,-10.818017959594727,36.818702697753906,57.0
28,40,-10.945853233337402,38.4215202331543,28.0
28,41,-9.517196655273438,10.797333717346191,14.0
28,42,-11.142364501953125,262.7445373535156,381.0
28,43,-39.775821685791016,756.9547119140625,2377.0
28,44,-3.959744691848755,7.241818428039551,4.0
28,45,-10.992481231689453,6.246868133544922,9.0
28,46,-13.07196044921875,78.0477066040039,131.0
28,47,-6.8550825119018555,5.549848556518555,29.0
28,48,-22.76689338684082,296.40399169921875,3578.0
28,49,-16.60421371459961,6.327547550201416,30.0
28,50,-14.759516716003418,136.9805450439453,1693.0
28,51,-13.464953422546387,88.97166442871094,116.0
28,52,-9.910748481750488,7.258330345153809,63.0
28,53,-7.6199846267700195,12.679607391357422,22.0
28,54,-33.417335510253906,262.3175354003906,9680.0
28,55,-19.52138328552246,25.882417678833008,18.0
28,56,-7.00465726852417,10.328280448913574,16.0
28,57,-6.586366653442383,5.189262866973877,3.0
28,58,-10.608940124511719,14.185708999633789,19.0
28,59,-25.733625411987305,39.497291564941406,219.0
28,60,-9.806268692016602,11.606522560119629,32.0
28,61,-11.824789047241211,51.5007438659668,27.0
28,62,-22.94255256652832,309.7105407714844,288.0
28,63,-10.918291091918945,4.757659912109375,17.0
28,64,-9.27325439453125,6.389466762542725,19.0
28,65,-5.584543704986572,6.433473110198975,3.0
28,66,-16.43422508239746,15.472085952758789,10.0
28,67,-6.472383975982666,3.6490859985351562,5.0
28,68,-16.148967742919922,7.527936935424805,44.0
28,69,-9.148579597473145,21.105348587036133,15.0
28,70,-7.245671272277832,6.119117259979248,7.0
28,71,-15.307943344116211,2.60321307182312,133.0
28,72,-14.142367362976074,34.3153190612793,23.0
28,73,-13.661599159240723,30.42911148071289,20.0
28,74,-14.875763893127441,142.39260864257812,286.0
28,75,-9.639690399169922,2.2329142093658447,6.0
28,76,-7.7069926261901855,4.671118259429932,13.0
28,77,-14.245317459106445,17.27159881591797,54.0
28,78,-8.485262870788574,4.1132378578186035,2.0
28,79,-14.932658195495605,4.451610088348389,92.0
28,80,-7.544211387634277,4.521492958068848,33.0
28,81,-10.571735382080078,3.7489168643951416,70.0
28,82,-5.562930583953857,3.0422158241271973,4.0
28,83,-21.676708221435547,7.175050735473633,295.0
28,84,-8.11408805847168,14.9497709274292,66.0
28,85,-4.060235023498535,7.614980697631836,3.0
28,86,-6.3670549392700195,8.350752830505371,4.0
28,87,-32.77798843383789,60.17449188232422,270.0
28,88,-14.937454223632812,6.47003698348999,55.0
28,89,-15.650955200195312,22.87835121154785,48.0
28,90,-14.789815902709961,19.25870704650879,402.0
28,91,-16.086307525634766,14.600434303283691,11.0
28,92,-5.129455089569092,5.527957439422607,3.0
28,93,-9.267226219177246,6.381768703460693,11.0
28,94,-7.055438995361328,4.1004133224487305,15.0
28,95,-15.885732650756836,4.896757125854492,197.0
28,96,-11.46722412109375,45.71415328979492,41.0
28,97,-4.561230182647705,4.574100494384766,5.0
28,98,-19.424579620361328,5.846662521362305,31.0
28,99,-16.570375442504883,7.935107707977295,158.0
28,100,-15.352702140808105,8.964239120483398,79.0
28,101,-25.723644256591797,10.365813255310059,360.0
28,102,-18.89559555053711,112.60643768310547,66.0
28,103,-10.16386604309082,29.605361938476562,572.0
28,104,-20.803791046142578,1027.2052001953125,19602.0
28,105,-35.55262756347656,34.997013092041016,113.0
28,106,-30.42037582397461,77.1512680053711,518.0
28,107,-10.744573593139648,35.92827606201172,47.0
28,108,-18.221492767333984,38.25592803955078,49.0
28,109,-5.245205879211426,5.7454142570495605,3.0
28,110,-23.377193450927734,345.2602233886719,5214.0
28,111,-8.345144271850586,4.018293857574463,14.0
28,112,-11.667895317077637,10.314793586730957,23.0
28,113,-9.540691375732422,10.860939979553223,7.0
28,114,-6.246621608734131,4.766705513000488,7.0
28,115,-16.829364776611328,16.525327682495117,104.0
28,116,-12.697370529174805,8.299774169921875,10.0
28,117,-4.3070197105407715,1.8501904010772705,4.0
28,118,-14.452795028686523,2.2320780754089355,10.0
28,119,-4.377173900604248,1.728314757347107,3.0
28,120,-8.014406204223633,14.461193084716797,14.0
28,121,-12.400252342224121,7.898784160614014,20.0
28,122,-22.320920944213867,7.607804298400879,36.0
28,123,-6.028746604919434,4.514013767242432,2.0
28,124,-15.58945369720459,13.440093994140625,17.0
28,125,-13.743574142456055,31.05915069580078,113.0
28,126,-13.82848072052002,100.43328857421875,1189.0
28,127,-10.122243881225586,29.197450637817383,17.0
28,128,-10.278146743774414,5.545709133148193,12.0
28,129,-20.898908615112305,19.79755210876465,64.0
28,130,-13.951337814331055,1070.27294921875,1561.0
28,131,-14.209691047668457,5.907433032989502,137.0
28,132,-26.624242782592773,84.5525894165039,131.0
28,133,-16.188966751098633,14.852395057678223,41.0
28,134,-19.07904815673828,578.0628051757812,132.0
28,135,-10.099472045898438,155.98129272460938,22.0
28,136,-1.6614540815353394,1.739883303642273,1.0
28,137,-6.036784648895264,4.523093223571777,2.0
28,138,-8.776376724243164,4.317728519439697,2.0
28,139,-17.401138305664062,12.01164722442627,33.0
28,140,-18.476247787475586,40.255615234375,33.0
28,141,-13.680360794067383,15.426273345947266,66.0
28,142,-5.497322082519531,3.95242977142334,1.0
28,143,-8.563282012939453,17.364490509033203,84.0
28,144,-9.67634391784668,25.16484260559082,87.0
28,145,-8.353230476379395,8.071244239807129,8.0
28,146,-4.881770133972168,11.483200073242188,4.0
28,147,-7.735421180725098,3.019406318664551,7.0
28,148,-1.6481891870498657,1.7322070598602295,1.0
28,149,-30.9947566986084,492.2325439453125,613.0
28,150,-9.686226844787598,25.24788475036621,10.0
28,151,-15.40865421295166,21.79609489440918,21.0
28,152,-9.286388397216797,22.097461700439453,21.0
28,153,-10.040080070495605,7.448525905609131,5.0
28,154,-22.179933547973633,255.9503173828125,791.0
28,155,-22.31125259399414,264.4925537109375,78.0
28,156,-12.729730606079102,69.63335418701172,75.0
28,157,-14.42684555053711,122.6026382446289,206.0
28,158,-5.388165473937988,3.846029758453369,2.0
28,159,-12.093469619750977,422.7304992675781,850.0
28,160,-9.8661470413208,26.808408737182617,18.0
28,161,-14.245766639709473,10.743431091308594,39.0
28,162,-16.070049285888672,5.962924957275391,63.0
28,163,-5.534891128540039,6.327869892120361,6.0
28,164,-8.972393035888672,19.901552200317383,9.0
28,165,-18.673898696899414,22.473041534423828,26.0
28,166,-15.937225341796875,2.063532590866089,7.0
28,167,-18.726404190063477,14.515262603759766,48.0
28,168,-3.7110047340393066,2.100553512573242,2.0
28,169,-9.637410163879395,11.126754760742188,12.0
28,170,-22.134628295898438,40.00901412963867,52.0
28,171,-19.5526123046875,49.92502975463867,133.0
28,172,-12.474202156066895,7.996737480163574,8.0
28,173,-12.829042434692383,13.011174201965332,468.0
28,174,-17.47408676147461,12.137478828430176,14.0
28,175,-24.936931610107422,146.55287170410156,189.0
28,176,-15.489524841308594,13.218106269836426,20.0
28,177,-16.268386840820312,2.6037793159484863,8.0
28,178,-25.50132179260254,5.474430084228516,20.0
28,179,-14.721967697143555,1573.3837890625,5898.0
28,180,-14.693794250488281,39.38750076293945,21.0
28,181,-14.364204406738281,120.06920623779297,409.0
28,182,-19.158939361572266,120.26947784423828,91.0
28,183,-13.729486465454102,30.9499568939209,18.0
28,184,-38.96148681640625,261.36724853515625,902.0
28,185,-12.745438575744629,6.176655292510986,37.0
28,186,-5.870075702667236,3.2349555492401123,14.0
28,187,-12.414670944213867,496.37689208984375,1159.0
28,188,-13.89331340789795,102.62735748291016,2469.0
28,189,-8.146936416625977,15.114364624023438,26.0
28,190,-25.914255142211914,25.515392303466797,36.0
28,191,-13.323087692260742,14.362456321716309,1679.0
28,192,-14.970467567443848,12.12267780303955,20.0
28,193,-13.142280578613281,26.72421646118164,26.0
28,194,-17.023174285888672,4972.04833984375,525.0
28,195,-6.218993663787842,4.733895301818848,15.0
28,196,-21.8906307220459,238.09213256835938,11955.0
28,197,-11.698688507080078,18.62811851501465,1526.0
28,198,-11.326809883117676,3.1039669513702393,82.0
28,199,-12.681832313537598,12.633683204650879,49.0
28,200,-22.562400817871094,5.672155380249023,108.0
28,201,-10.248021125793457,168.0078125,370.0
28,202,-7.515291213989258,42.84742736816406,78.0
28,203,-35.90544891357422,36.25382614135742,1675.0
28,204,-7.6492815017700195,6.768776893615723,6.0
28,205,-16.075603485107422,24.906301498413086,613.0
28,206,-5.145473480224609,3.619617462158203,9.0
28,207,-12.15742301940918,20.89177894592285,1251.0
28,208,-13.447856903076172,88.4660415649414,2211.0
28,209,-26.602340698242188,27.807132720947266,5452.0
28,210,-3.343327522277832,1.9516311883926392,2.0
28,211,-10.720114707946777,35.63654327392578,122.0
28,212,-9.493261337280273,10.732916831970215,15.0
28,213,-17.05427360534668,294.3465270996094,2466.0
28,214,-7.677048683166504,6.815927982330322,18.0
28,215,-36.37466812133789,20.72254753112793,111.0
28,216,-7.550203800201416,6.603177547454834,5.0
28,217,-19.152809143066406,592.4519653320312,887.0
28,218,-10.952797889709473,15.459125518798828,6.0
28,219,-13.610539436340332,30.043155670166016,239.0
28,220,-14.64732551574707,131.95249938964844,4396.0
28,221,-6.57726526260376,3.7264389991760254,3.0
28,222,-23.292522430419922,27.86867332458496,204.0
28,223,-4.158560752868652,3.999570369720459,2.0
28,224,-1.9860763549804688,2.699423313140869,1.0
28,225,-15.920758247375488,9.722025871276855,176.0
28,226,-11.759356498718262,50.3896369934082,377.0
28,227,-14.279511451721191,35.51225662231445,268.0
28,228,-13.437790870666504,6.818806171417236,165.0
28,229,-23.142684936523438,6.879576206207275,87.0
28,230,-22.101497650146484,9.117081642150879,363.0
28,231,-7.095041751861572,3.262542963027954,3.0
28,232,-1.0375072956085205,1.4131704568862915,1.0
28,233,-10.898836135864258,37.824058532714844,137.0
28,234,-14.945491790771484,41.94557571411133,49.0
28,235,-17.060611724853516,71.1758041381836,249.0
28,236,-12.641353607177734,67.61194610595703,33.0
28,237,-18.025163650512695,36.78289031982422,1272.0
28,238,-36.69971466064453,21.291534423828125,7202.0
28,239,-8.24885368347168,3.9543209075927734,9.0
28,240,-18.148664474487305,20.589420318603516,1875.0
28,241,-7.874159336090088,13.800707817077637,65.0
28,242,-38.97750473022461,261.9660339355469,2023.0
28,243,-15.338454246520996,8.94601058959961,32.0
28,244,-7.496061325073242,12.166509628295898,9.0
28,245,-10.384256362915039,7.979305744171143,13.0
28,246,-7.1964802742004395,6.0443267822265625,7.0
28,247,-21.788049697875977,37.763450622558594,151.0
28,248,-10.516081809997559,4.491997241973877,3.0
28,249,-14.166366577148438,17.001022338867188,129.0
28,250,-31.201915740966797,49.41427993774414,1980.0
28,251,-20.832223892211914,64.48578643798828,232.0
28,252,-24.429086685180664,21.192256927490234,50.0
28,253,-32.18537521362305,624.5773315429688,1086.0
28,254,-13.406047821044922,9.340328216552734,16.0
28,255,-17.545045852661133,12.26114273071289,52.0
28,256,-16.87820816040039,68.00302124023438,233.0
28,257,-18.207439422607422,94.8085708618164,648.0
28,258,-6.116411209106445,3.3983232975006104,2.0
28,259,-13.246729850769043,14.144783020019531,248.0
28,260,-8.535356521606445,17.203601837158203,20.0
28,261,-27.950550079345703,10.269850730895996,901.0
28,262,-13.47456169128418,89.25704956054688,104.0
28,263,-17.92325210571289,36.0407600402832,21.0
28,264,-8.060508728027344,14.685142517089844,46.0
28,265,-8.550360679626465,17.28986167907715,66.0
28,266,-10.410792350769043,32.14523696899414,459.0
28,267,-14.145551681518555,34.342647552490234,84.0
28,268,-22.34868049621582,41.46211242675781,97.0
28,269,-2.347172737121582,1.5990897417068481,1.0
28,270,-3.426203966140747,1.9842495918273926,1.0
28,271,-15.993291854858398,14.375833511352539,86.0
28,272,-7.063687324523926,10.533519744873047,6.0
28,273,-9.747678756713867,11.43775463104248,24.0
28,274,-9.261981964111328,10.1299409866333,39.0
28,275,-7.2184576988220215,6.077627658843994,24.0
28,276,-13.995515823364258,7.384324073791504,11.0
28,277,-18.470752716064453,101.2596664428711,527.0
28,278,-20.28650665283203,18.139148712158203,169.0
28,279,-12.375443458557129,11.882760047912598,239.0
28,280,-17.554807662963867,8.974174499511719,55.0
28,281,-12.651028633117676,67.83033752441406,57.0
28,282,-7.577902793884277,12.502986907958984,13.0
28,283,-13.868645668029785,101.78694152832031,1249.0
28,284,-12.680071830749512,12.629234313964844,329.0
28,285,-26.989276885986328,11.629798889160156,25.0
28,286,-29.743671417236328,14.938923835754395,39.0
28,287,-2.3563411235809326,3.2484259605407715,3.0
28,288,-13.136476516723633,13.836296081542969,582.0
28,289,-36.3780517578125,38.008323669433594,507.0
28,290,-17.53009796142578,80.03983306884766,83.0
28,291,-7.725286483764648,6.898622035980225,15.0
28,292,-9.795263290405273,11.574631690979004,16.0
28,293,-1.2898606061935425,1.3805267810821533,1.0
28,294,-18.814302444458008,110.34101104736328,96.0
28,295,-6.345398902893066,23.871837615966797,38.0
28,296,-31.150423049926758,31.85384178161621,285.0
28,297,-22.663904190063477,25.475078582763672,91.0
28,298,-18.374446868896484,39.44429016113281,5911.0
28,299,-19.15545654296875,14439.5791015625,445.0
28,300,-25.493854522705078,343494.8125,5920.0
28,301,-24.093252182006836,14.541810035705566,523.0
28,302,-9.659329414367676,11.187893867492676,13.0
28,303,-15.191075325012207,20.867963790893555,953.0
30,0,-23.142791748046875,47.329410552978516,106.0
30,1,-3.1703577041625977,2.209109306335449,1.0
30,2,-10.113924026489258,29.116588592529297,6.0
30,3,-9.404289245605469,22.98318862915039,158.0
30,4,-18.641517639160156,14.340304374694824,137.0
30,5,-30.34885597229004,29.139514923095703,121.0
30,6,-39.160255432128906,77.56680297851562,2940.0
30,7,-14.179119110107422,7.580571174621582,247.0
30,8,-5.275007247924805,5.802772045135498,5.0
30,9,-14.242544174194336,17.262022018432617,60.0
30,10,-18.766036987304688,109.01759338378906,834.0
30,11,-9.39065933227539,6.54127311706543,7.0
30,12,-8.053461074829102,7.488475322723389,6.0
30,13,-10.944790840148926,4.775704860687256,12.0
30,14,-18.964569091796875,556.4198608398438,199.0
30,15,-7.655337333679199,2.6036574840545654,19.0
30,16,-8.451461791992188,8.271909713745117,43.0
30,17,-16.633785247802734,255.85101318359375,129.0
30,18,-21.36779022216797,43647.23046875,1842.0
30,19,-18.54279899597168,14.139486312866211,28.0
30,20,-14.74528694152832,19.08795166015625,34.0
30,21,-12.564580917358398,65.90364837646484,30.0
30,22,-11.168292045593262,9.33395004272461,24.0
30,23,-4.409486770629883,1.8774728775024414,2.0
30,24,-6.822127342224121,9.718607902526855,7.0
30,25,-4.222841739654541,4.086193561553955,5.0
30,26,-4.49079704284668,3.0731382369995117,3.0
30,27,-9.091141700744629,6.160933971405029,58.0
30,28,-10.725452423095703,3.8216471672058105,27.0
30,29,-20.2498779296875,18.044477462768555,41.0
30,30,-6.269559860229492,3.504023790359497,12.0
30,31,-9.395380020141602,22.915035247802734,32.0
30,32,-11.09782886505127,16.029924392700195,147.0
30,33,-12.661449432373047,4.867990493774414,17.0
30,34,-11.487497329711914,46.02412796020508,149.0
30,35,-6.939779281616211,10.107318878173828,24.0
30,36,-16.432415008544922,239.24110412597656,269.0
30,37,-24.442115783691406,11.521462440490723,221.0
30,38,-44.19305419921875,55.56483459472656,14379.0
30,39,-10.809867858886719,36.71881866455078,57.0
30,40,-11.097204208374023,40.409629821777344,39.0
30,41,-9.724251747131348,11.370962142944336,14.0
30,42,-11.327713012695312,288.2581787109375,420.0
30,43,-39.835426330566406,764.5120849609375,2204.0
30,44,-4.082297325134277,7.699448585510254,4.0
30,45,-11.256166458129883,6.527523994445801,9.0
30,46,-12.897366523742676,73.63514709472656,143.0
30,47,-7.071922302246094,5.859009742736816,35.0
30,48,-21.80219268798828,232.8857879638672,3296.0
30,49,-16.722068786621094,6.410951614379883,30.0
30,50,-14.713428497314453,134.89224243164062,1659.0
30,51,-13.43722915649414,88.15321350097656,127.0
30,52,-10.071696281433105,7.495772361755371,61.0
30,53,-8.110973358154297,14.934260368347168,34.0
30,54,-33.113765716552734,249.37579345703125,10012.0
30,55,-19.151134490966797,24.333541870117188,19.0
30,56,-7.025943279266357,10.401823997497559,19.0
30,57,-6.520615100860596,5.1046600341796875,3.0
30,58,-10.983129501342773,15.57679557800293,23.0
30,59,-25.085901260375977,36.006526947021484,245.0
30,60,-9.618778228759766,11.075047492980957,28.0
30,61,-11.781599044799805,50.764617919921875,32.0
30,62,-22.684640884399414,290.3712463378906,301.0
30,63,-10.996209144592285,4.810913562774658,17.0
30,64,-9.090746879577637,6.160447120666504,18.0
30,65,-5.513304710388184,6.282501220703125,3.0
30,66,-16.052120208740234,14.517477989196777,8.0
30,67,-6.770320892333984,3.8731348514556885,7.0
30,68,-16.43593406677246,7.8028717041015625,43.0
30,69,-8.867185592651367,19.215717315673828,14.0
30,70,-7.481907844543457,6.491392135620117,8.0
30,71,-14.79251480102539,2.520688772201538,149.0
30,72,-13.96151351928711,32.79835510253906,22.0
30,73,-13.782552719116211,31.363292694091797,21.0
30,74,-13.814837455749512,99.9775390625,232.0
30,75,-9.737377166748047,2.2511653900146484,6.0
30,76,-7.73812198638916,4.700290679931641,15.0
30,77,-14.521698951721191,18.253189086914062,55.0
30,78,-8.815879821777344,4.346249580383301,3.0
30,79,-15.219505310058594,4.581151962280273,99.0
30,80,-7.406296730041504,4.398481369018555,27.0
30,81,-10.7400484085083,3.8286263942718506,76.0
30,82,-5.650559425354004,3.0960030555725098,5.0
30,83,-22.767379760742188,7.922935485839844,296.0
30,84,-8.193427085876465,15.350412368774414,71.0
30,85,-4.05979585647583,7.613309383392334,3.0
30,86,-6.302814483642578,8.173833847045898,4.0
30,87,-33.01313781738281,61.9694938659668,291.0
30,88,-15.12101936340332,6.620212554931641,55.0
30,89,-15.142082214355469,20.66448211669922,40.0
30,90,-14.685248374938965,18.86012077331543,401.0
30,91,-16.32675552368164,15.197422981262207,12.0
30,92,-4.988344192504883,5.273959159851074,3.0
30,93,-9.182706832885742,6.27479887008667,12.0
30,94,-7.332095146179199,4.333688259124756,20.0
30,95,-15.513283729553223,4.717732906341553,185.0
30,96,-11.268388748168945,42.78251647949219,42.0
30,97,-4.577914237976074,4.599609851837158,5.0
30,98,-19.334758758544922,5.799115180969238,30.0
30,99,-16.705341339111328,8.070115089416504,137.0
30,100,-15.166483879089355,8.728910446166992,76.0
30,101,-25.812545776367188,10.449928283691406,344.0
30,102,-19.07030487060547,117.63378143310547,67.0
30,103,-9.487897872924805,23.632732391357422,333.0
30,104,-20.20949935913086,842.6063232421875,19657.0
30,105,-34.74070358276367,32.26781463623047,103.0
30,106,-29.557952880859375,68.20819091796875,508.0
30,107,-10.903131484985352,37.87825393676758,54.0
30,108,-18.196046829223633,38.06172561645508,47.0
30,109,-5.124321460723877,5.518505573272705,2.0
30,110,-22.466093063354492,274.9318542480469,4854.0
30,111,-8.042632102966309,3.8207192420959473,10.0
30,112,-11.547922134399414,10.07023811340332,24.0
30,113,-9.800556182861328,11.589958190917969,10.0
30,114,-6.1047282218933105,4.600578784942627,5.0
30,115,-16.368297576904297,15.303009986877441,106.0
30,116,-12.42479133605957,7.931154727935791,10.0
30,117,-4.116405487060547,1.8004883527755737,3.0
30,118,-14.443647384643555,2.2309439182281494,10.0
30,119,-4.286392688751221,1.708813190460205,3.0
30,120,-7.999770641326904,14.390815734863281,15.0
30,121,-12.358487129211426,7.843992710113525,24.0
30,122,-22.049869537353516,7.422630786895752,34.0
30,123,-5.906574249267578,4.378225803375244,2.0
30,124,-15.891250610351562,14.13341236114502,20.0
30,125,-13.744279861450195,31.06463050842285,108.0
30,126,-13.926942825317383,103.78427124023438,1218.0
30,127,-9.999309539794922,28.025175094604492,14.0
30,128,-10.30673885345459,5.572198867797852,12.0
30,129,-20.63068389892578,19.05330467224121,60.0
30,130,-13.75875473022461,972.0209350585938,1419.0
30,131,-13.566749572753906,5.4512434005737305,129.0
30,132,-26.3502140045166,80.77780151367188,133.0
30,133,-16.266464233398438,15.045477867126465,46.0
30,134,-18.54381561279297,483.60675048828125,133.0
30,135,-10.260641098022461,169.07130432128906,26.0
30,136,-1.6533433198928833,1.7351857423782349,1.0
30,137,-6.0889129638671875,4.582424640655518,2.0
30,138,-8.764890670776367,4.3094706535339355,2.0
30,139,-17.256858825683594,11.766606330871582,26.0
30,140,-18.14061164855957,37.64207077026367,29.0
30,141,-13.59793472290039,15.174051284790039,69.0
30,142,-5.454370975494385,3.9102163314819336,1.0
30,143,-8.864818572998047,19.200563430786133,95.0
30,144,-9.614477157592773,24.651201248168945,87.0
30,145,-8.160520553588867,7.691610336303711,8.0
30,146,-4.7080979347229,10.528112411499023,4.0
30,147,-7.75995397567749,3.0300068855285645,9.0
30,148,-1.8012746572494507,1.8228932619094849,1.0
30,149,-30.635074615478516,458.06683349609375,567.0
30,150,-9.494891166687012,23.687885284423828,8.0
30,151,-15.524616241455078,22.307506561279297,21.0
30,152,-9.218339920043945,21.601869583129883,20.0
30,153,-10.149280548095703,7.6129913330078125,5.0
30,154,-21.959705352783203,242.23936462402344,754.0
30,155,-22.29057502746582,263.1288146972656,74.0
30,156,-12.530826568603516,65.16629028320312,72.0
30,157,-14.585643768310547,129.2671661376953,213.0
30,158,-5.702914237976074,4.160888195037842,2.0
30,159,-11.975431442260742,398.5032958984375,818.0
30,160,-9.942329406738281,27.497905731201172,18.0
30,161,-14.276144981384277,10.797965049743652,42.0
30,162,-15.74294662475586,5.750094890594482,55.0
30,163,-5.491311073303223,6.236611843109131,7.0
30,164,-8.813629150390625,18.87571907043457,9.0
30,165,-18.535736083984375,21.961467742919922,30.0
30,166,-15.582137107849121,2.0304934978485107,7.0
30,167,-18.36796760559082,13.790711402893066,49.0
30,168,-3.619152545928955,2.0623178482055664,2.0
30,169,-9.48488998413086,10.710477828979492,12.0
30,170,-22.17718505859375,40.29379653930664,54.0
30,171,-19.706096649169922,51.48133850097656,148.0
30,172,-12.216330528259277,7.660330295562744,7.0
30,173,-12.945474624633789,13.31771183013916,489.0
30,174,-17.99462127685547,13.07445240020752,17.0
30,175,-24.564228057861328,136.02593994140625,187.0
30,176,-15.793119430541992,13.90414047241211,21.0
30,177,-16.166275024414062,2.588186502456665,8.0
30,178,-25.16168212890625,5.351867198944092,22.0
30,179,-14.527042388916016,1427.2734375,5431.0
30,180,-14.610572814941406,38.57649612426758,21.0
30,181,-14.476203918457031,124.636474609375,497.0
30,182,-19.103187561035156,118.60479736328125,89.0
30,183,-13.484367370605469,29.110294342041016,14.0
30,184,-38.99476623535156,262.6129150390625,836.0
30,185,-12.353241920471191,5.8401055335998535,33.0
30,186,-5.702913284301758,3.1285908222198486,12.0
30,187,-12.710350036621094,575.4630737304688,1343.0
30,188,-13.850953102111816,101.18842315673828,2523.0
30,189,-8.090826988220215,14.834304809570312,27.0
30,190,-26.297969818115234,26.769044876098633,36.0
30,191,-12.791106224060059,12.912829399108887,1566.0
30,192,-15.280115127563477,12.764730453491211,21.0
30,193,-13.175583839416504,26.947647094726562,28.0
30,194,-16.9343204498291,4755.990234375,528.0
30,195,-6.227380752563477,4.743831634521484,15.0
30,196,-21.525787353515625,217.3365020751953,11421.0
30,197,-11.721394538879395,18.734159469604492,1523.0
30,198,-11.172853469848633,3.0565454959869385,81.0
30,199,-12.510763168334961,12.208747863769531,40.0
30,200,-21.29974365234375,5.1471428871154785,93.0
30,201,-10.070608139038086,153.746337890625,362.0
30,202,-7.511308670043945,42.76219177246094,80.0
30,203,-35.352760314941406,34.30447769165039,1552.0
30,204,-7.634590148925781,6.743961811065674,5.0
30,205,-16.631595611572266,27.835697174072266,660.0
30,206,-5.37215518951416,3.8306665420532227,13.0
30,207,-12.099233627319336,20.59006118774414,1263.0
30,208,-13.400718688964844,87.08686065673828,2174.0
30,209,-26.491180419921875,27.423425674438477,5251.0
30,210,-3.5142743587493896,2.01951003074646,2.0
30,211,-10.217166900634766,30.136058807373047,153.0
30,212,-9.212623596191406,10.005709648132324,14.0
30,213,-16.83458137512207,273.5616455078125,2414.0
30,214,-7.571833610534668,6.638980388641357,22.0
30,215,-36.661991119384766,21.224708557128906,142.0
30,216,-7.450121879577637,6.440012454986572,3.0
30,217,-19.116539001464844,585.3322143554688,897.0
30,218,-11.120304107666016,16.12024688720703,7.0
30,219,-13.240165710449219,27.386260986328125,194.0
30,220,-13.694574356079102,96.0489501953125,3528.0
30,221,-6.356426239013672,3.565432071685791,3.0
30,222,-23.383907318115234,28.234886169433594,203.0
30,223,-4.294694423675537,4.185243129730225,2.0
30,224,-2.118344306945801,2.8839824199676514,1.0
30,225,-15.71080493927002,9.434760093688965,142.0
30,226,-11.148425102233887,41.10548782348633,345.0
30,227,-14.298802375793457,35.68393325805664,301.0
30,228,-13.240976333618164,6.629756450653076,134.0
30,229,-23.06955909729004,6.837780952453613,92.0
30,230,-22.051177978515625,9.071318626403809,404.0
30,231,-6.985112190246582,3.203312397003174,3.0
30,232,-1.0612239837646484,1.424386739730835,1.0
30,233,-10.971418380737305,38.75033950805664,139.0
30,234,-15.05958366394043,43.15921401977539,52.0
30,235,-17.053936004638672,71.05711364746094,244.0
30,236,-12.705257415771484,69.06761169433594,33.0
30,237,-17.664947509765625,34.226131439208984,1195.0
30,238,-37.16749954223633,22.137914657592773,8372.0
30,239,-8.036209106445312,3.816631555557251,9.0
30,240,-18.455202102661133,21.668659210205078,2088.0
30,241,-7.779721260070801,13.37303638458252,64.0
30,242,-39.41249084472656,278.76129150390625,2508.0
30,243,-15.801694869995117,9.558062553405762,28.0
30,244,-7.687119483947754,12.966552734375,9.0
30,245,-10.19869613647461,7.688603401184082,11.0
30,246,-7.154218673706055,5.980802059173584,7.0
30,247,-21.876131057739258,38.32191467285156,165.0
30,248,-10.19603157043457,4.29124116897583,3.0
30,249,-13.544171333312988,15.011764526367188,103.0
30,250,-31.46091651916504,51.040252685546875,2066.0
30,251,-20.510883331298828,60.471771240234375,221.0
30,252,-24.218751907348633,20.642333984375,42.0
30,253,-32.60560989379883,679.3401489257812,1105.0
30,254,-13.207178115844727,9.03581714630127,17.0
30,255,-17.88791275024414,12.876657485961914,62.0
30,256,-16.768922805786133,66.17022705078125,239.0
30,257,-18.390649795532227,99.25203704833984,739.0
30,258,-6.016697406768799,3.3312227725982666,3.0
30,259,-12.71440315246582,12.716248512268066,229.0
30,260,-8.51943588256836,17.112548828125,24.0
30,261,-28.00176429748535,10.313775062561035,1034.0
30,262,-13.216907501220703,81.91121673583984,81.0
30,263,-17.89776039123535,35.857479095458984,20.0
30,264,-8.500717163085938,17.006105422973633,58.0
30,265,-7.869379043579102,13.778732299804688,35.0
30,266,-10.332950592041016,31.32187843322754,446.0
30,267,-14.444067001342773,37.003658294677734,92.0
30,268,-22.04053497314453,39.386478424072266,102.0
30,269,-2.301140069961548,1.584435224533081,1.0
30,270,-3.5965898036956787,2.053032636642456,1.0
30,271,-15.99370002746582,14.376813888549805,78.0
30,272,-7.032033920288086,10.42296314239502,6.0
30,273,-9.694890022277832,11.287800788879395,22.0
30,274,-9.116683959960938,9.76857852935791,40.0
30,275,-8.11207103729248,7.599008560180664,46.0
30,276,-13.8695650100708,7.252646446228027,11.0
30,277,-18.214797973632812,94.98314666748047,516.0
30,278,-19.851619720458984,17.046512603759766,156.0
30,279,-11.852784156799316,10.703351020812988,240.0
30,280,-17.652667999267578,9.084625244140625,55.0
30,281,-12.80056095123291,71.29696655273438,68.0
30,282,-7.619159698486328,12.676118850708008,13.0
30,283,-13.794325828552246,99.29634857177734,1234.0
30,284,-12.343212127685547,11.806408882141113,274.0
30,285,-27.38313865661621,12.053756713867188,33.0
30,286,-30.028759002685547,15.331158638000488,43.0
30,287,-2.260125160217285,3.0958499908447266,3.0
30,288,-12.983585357666016,13.419610977172852,559.0
30,289,-37.120513916015625,40.93770217895508,617.0
30,290,-17.233333587646484,74.31653594970703,67.0
30,291,-7.118683815002441,5.927905559539795,11.0
30,292,-9.835386276245117,11.691319465637207,16.0
30,293,-1.2063720226287842,1.3520108461380005,1.0
30,294,-18.486377716064453,101.6559829711914,92.0
30,295,-6.325413703918457,23.634485244750977,36.0
30,296,-30.882335662841797,30.918994903564453,284.0
30,297,-23.528942108154297,28.82598876953125,122.0
30,298,-17.868370056152344,35.64731979370117,6333.0
30,299,-18.994300842285156,13321.7119140625,441.0
30,300,-25.213424682617188,298555.84375,5550.0
30,301,-24.29397964477539,14.869781494140625,537.0
30,302,-9.526971817016602,10.823752403259277,13.0
30,303,-14.036924362182617,16.566539764404297,885.0
32,0,-22.7479248046875,44.31489181518555,123.0
32,1,-3.0975449085235596,2.169260263442993,1.0
32,2,-9.717429161071777,25.511852264404297,5.0
32,3,-8.968870162963867,19.878192901611328,129.0
32,4,-18.54083824157715,14.135525703430176,126.0
32,5,-30.004165649414062,28.04460334777832,135.0
32,6,-38.891719818115234,75.28661346435547,2545.0
32,7,-14.002035140991211,7.391204357147217,223.0
32,8,-5.261965274810791,5.777600288391113,5.0
32,9,-13.970808029174805,16.348915100097656,49.0
32,10,-19.13509750366211,119.55474090576172,835.0
32,11,-8.348462104797363,5.3105340003967285,6.0
32,12,-8.493389129638672,8.359071731567383,7.0
32,13,-10.149162292480469,4.262604713439941,12.0
32,14,-19.200340270996094,601.9133911132812,220.0
32,15,-7.389330863952637,2.518507242202759,16.0
32,16,-8.045312881469727,7.473237037658691,34.0
32,17,-16.775245666503906,268.2042236328125,121.0
32,18,-21.29541778564453,42096.0390625,1787.0
32,19,-18.144044876098633,13.35654354095459,28.0
32,20,-14.265203475952148,17.340429306030273,33.0
32,21,-12.549585342407227,65.57504272460938,32.0
32,22,-11.022953033447266,9.066537857055664,23.0
32,23,-4.348636627197266,1.8612231016159058,2.0
32,24,-6.76149845123291,9.524169921875,7.0
32,25,-3.9852797985076904,3.775099039077759,5.0
32,26,-4.213592529296875,2.8673784732818604,3.0
32,27,-8.75586986541748,5.761362552642822,45.0
32,28,-10.677905082702637,3.7990009784698486,27.0
32,29,-20.291160583496094,18.151208877563477,39.0
32,30,-5.885648250579834,3.2450461387634277,12.0
32,31,-9.87653636932373,26.901412963867188,31.0
32,32,-10.754719734191895,14.712242126464844,138.0
32,33,-12.833740234375,4.973966121673584,29.0
32,34,-10.88534164428711,37.6543083190918,129.0
32,35,-6.743625164031982,9.467595100402832,20.0
32,36,-16.576236724853516,250.98973083496094,282.0
32,37,-24.265878677368164,11.3201904296875,223.0
32,38,-44.34315490722656,56.328243255615234,14676.0
32,39,-10.837079048156738,37.05338668823242,57.0
32,40,-10.693680763244629,35.32391357421875,28.0
32,41,-9.109506607055664,9.751066207885742,13.0
32,42,-10.949193954467773,238.55430603027344,318.0
32,43,-39.772064208984375,756.48095703125,1983.0
32,44,-3.9141669273376465,7.0786519050598145,4.0
32,45,-10.988801956176758,6.243038654327393,9.0
32,46,-12.368568420410156,61.735313415527344,106.0
32,47,-6.513225555419922,5.095237731933594,22.0
32,48,-21.9842529296875,243.7305450439453,3390.0
32,49,-16.20540428161621,6.053281307220459,27.0
32,50,-14.575769424438477,128.84237670898438,1659.0
32,51,-13.116438865661621,79.21344757080078,117.0
32,52,-9.609073638916016,6.833347797393799,56.0
32,53,-7.545388698577881,12.36821174621582,21.0
32,54,-32.81649398803711,237.32147216796875,10608.0
32,55,-19.690067291259766,26.620403289794922,18.0
32,56,-6.829150199890137,9.741385459899902,14.0
32,57,-6.507819652557373,5.088356971740723,3.0
32,58,-10.501927375793457,13.811226844787598,18.0
32,59,-24.885555267333984,34.99059295654297,219.0
32,60,-9.344025611877441,10.339860916137695,23.0
32,61,-11.917725563049316,53.12115478515625,28.0
32,62,-23.447338104248047,351.3681335449219,300.0
32,63,-10.735214233398438,4.6348419189453125,17.0
32,64,-9.009496688842773,6.061148643493652,16.0
32,65,-5.292576313018799,5.836854934692383,3.0
32,66,-16.25717544555664,15.022200584411621,8.0
32,67,-6.413748741149902,3.6065433025360107,4.0
32,68,-16.021249771118164,7.4087090492248535,45.0
32,69,-8.947080612182617,19.734336853027344,14.0
32,70,-6.910614013671875,5.627433776855469,7.0
32,71,-13.652212142944336,2.3472940921783447,162.0
32,72,-14.04655647277832,33.50313949584961,22.0
32,73,-13.887704849243164,32.198707580566406,22.0
32,74,-13.906237602233887,103.07044982910156,228.0
32,75,-9.566463470458984,2.219329833984375,6.0
32,76,-7.615638732910156,4.586548805236816,14.0
32,77,-14.392882347106934,17.78893280029297,54.0
32,78,-8.621612548828125,4.207780838012695,3.0
32,79,-14.942273139953613,4.455892086029053,91.0
32,80,-7.396387577056885,4.389772891998291,27.0
32,81,-10.474285125732422,3.7035269737243652,69.0
32,82,-5.350497245788574,2.9156694412231445,4.0
32,83,-22.221981048583984,7.539682388305664,296.0
32,84,-8.415685653686523,16.530851364135742,73.0
32,85,-4.048892021179199,7.571915149688721,3.0
32,86,-5.549073219299316,6.357855319976807,4.0
32,87,-32.54501724243164,58.4473991394043,266.0
32,88,-14.772706985473633,6.338159561157227,60.0
32,89,-15.514646530151367,22.263071060180664,46.0
32,90,-14.282196044921875,17.399459838867188,331.0
32,91,-16.09555435180664,14.622953414916992,12.0
32,92,-5.0314226150512695,5.350236892700195,3.0
32,93,-8.733643531799316,5.735808372497559,10.0
32,94,-6.956523895263672,4.020092010498047,15.0
32,95,-15.931974411010742,4.9194536209106445,207.0
32,96,-10.996119499206543,39.070709228515625,37.0
32,97,-4.480331897735596,4.4524030685424805,5.0
32,98,-18.636722564697266,5.442548751831055,28.0
32,99,-16.50885581970215,7.874321460723877,145.0
32,100,-14.614985466003418,8.06759262084961,60.0
32,101,-25.378101348876953,10.045251846313477,311.0
32,102,-18.934364318847656,113.70315551757812,67.0
32,103,-9.320697784423828,22.35163116455078,311.0
32,104,-20.70709228515625,994.6234130859375,19743.0
32,105,-33.76742935180664,29.2752628326416,76.0
32,106,-29.573970794677734,68.36445617675781,543.0
32,107,-10.725210189819336,35.69712448120117,50.0
32,108,-17.95549964904785,36.27395248413086,47.0
32,109,-4.856065273284912,5.046467304229736,2.0
32,110,-22.239524841308594,259.7919616699219,5077.0
32,111,-8.018702507019043,3.805511474609375,12.0
32,112,-11.602745056152344,10.181262016296387,20.0
32,113,-9.499542236328125,10.74978256225586,8.0
32,114,-5.898320198059082,4.369200706481934,7.0
32,115,-16.1041259765625,14.643857955932617,103.0
32,116,-11.972448348999023,7.355204105377197,9.0
32,117,-4.398919582366943,1.8746408224105835,4.0
32,118,-14.21694278717041,2.203022003173828,11.0
32,119,-4.273651123046875,1.706093668937683,3.0
32,120,-7.581121921539307,12.516411781311035,13.0
32,121,-12.232711791992188,7.681272983551025,19.0
32,122,-21.544010162353516,7.089015007019043,31.0
32,123,-6.18591833114624,4.694912910461426,2.0
32,124,-15.41461181640625,13.054097175598145,14.0
32,125,-13.68045711517334,30.57291030883789,109.0
32,126,-13.897127151489258,102.75790405273438,1133.0
32,127,-9.560750961303711,24.21366310119629,12.0
32,128,-10.160684585571289,5.438196182250977,13.0
32,129,-20.560317993164062,18.86273765563965,67.0
32,130,-14.059420585632324,1129.703369140625,1619.0
32,131,-13.759908676147461,5.5844645500183105,120.0
32,132,-26.656291961669922,85.00543212890625,123.0
32,133,-15.83409309387207,13.999414443969727,36.0
32,134,-18.61330223083496,494.938720703125,131.0
32,135,-10.175313949584961,162.00982666015625,19.0
32,136,-1.5285710096359253,1.664498209953308,1.0
32,137,-6.0178070068359375,4.501684665679932,2.0
32,138,-8.313390731811523,3.997084379196167,2.0
32,139,-16.607254028320312,10.723793029785156,23.0
32,140,-18.10942268371582,37.40800094604492,28.0
32,141,-13.527841567993164,14.962817192077637,71.0
32,142,-5.397634983062744,3.8551454544067383,1.0
32,143,-8.678152084350586,18.04227066040039,81.0
32,144,-9.445225715637207,23.29895782470703,82.0
32,145,-8.028252601623535,7.441431045532227,7.0
32,146,-5.009819984436035,12.242456436157227,4.0
32,147,-7.28590202331543,2.831603527069092,6.0
32,148,-1.5835537910461426,1.695285677909851,1.0
32,149,-30.566043853759766,451.7860412597656,566.0
32,150,-9.27020263671875,21.978565216064453,8.0
32,151,-14.920862197875977,19.77013397216797,20.0
32,152,-9.311640739440918,22.284250259399414,21.0
32,153,-9.91959285736084,7.271179676055908,5.0
32,154,-21.761045455932617,230.50242614746094,702.0
32,155,-22.44015121459961,273.1545715332031,70.0
32,156,-12.532698631286621,65.20695495605469,66.0
32,157,-14.519132614135742,126.43276977539062,208.0
32,158,-5.145420074462891,3.6195690631866455,2.0
32,159,-11.8381929397583,372.07537841796875,758.0
32,160,-9.523420333862305,23.914226531982422,17.0
32,161,-14.276749610900879,10.799050331115723,41.0
32,162,-15.412376403808594,5.542725086212158,48.0
32,163,-5.4336256980896,6.117836952209473,6.0
32,164,-8.82056713104248,18.919424057006836,8.0
32,165,-18.125507354736328,20.51011085510254,38.0
32,166,-15.438887596130371,2.01731538772583,7.0
32,167,-17.745431900024414,12.617208480834961,37.0
32,168,-3.5018372535705566,2.014492988586426,2.0
32,169,-9.984503746032715,12.13538932800293,12.0
32,170,-22.065340042114258,39.549644470214844,53.0
32,171,-19.192916870117188,46.459617614746094,108.0
32,172,-11.771799087524414,7.113301753997803,8.0
32,173,-13.040213584899902,13.572460174560547,499.0
32,174,-17.68021583557129,12.500205993652344,15.0
32,175,-25.125164031982422,152.17527770996094,200.0
32,176,-15.188780784606934,12.571889877319336,20.0
32,177,-15.804205894470215,2.5336456298828125,8.0
32,178,-25.004575729370117,5.29610538482666,18.0
32,179,-14.637266159057617,1508.14111328125,5716.0
32,180,-14.213970184326172,34.935115814208984,22.0
32,181,-14.77808952331543,137.83119201660156,465.0
32,182,-18.508100509643555,102.20955657958984,85.0
32,183,-13.544301986694336,29.549755096435547,15.0
32,184,-38.6169319152832,248.813720703125,889.0
32,185,-12.336294174194336,5.82598352432251,35.0
32,186,-5.537162780761719,3.026577949523926,12.0
32,187,-12.58718204498291,541.0929565429688,1220.0
32,188,-13.756632804870605,98.05652618408203,2310.0
32,189,-8.126599311828613,15.012248039245605,26.0
32,190,-26.1212158203125,26.18408966064453,32.0
32,191,-12.519094467163086,12.229107856750488,1573.0
32,192,-15.047775268554688,12.279884338378906,21.0
32,193,-13.361949920654297,28.232885360717773,30.0
32,194,-16.887231826782227,4645.32177734375,499.0
32,195,-5.969466209411621,4.447608470916748,12.0
32,196,-21.842348098754883,235.2354736328125,12367.0
32,197,-11.787976264953613,19.048608779907227,1643.0
32,198,-10.932415962219238,2.983931064605713,74.0
32,199,-12.199049949645996,11.47086238861084,44.0
32,200,-19.950016021728516,4.6395463943481445,84.0
32,201,-10.130245208740234,158.3998565673828,344.0
32,202,-7.281556129455566,38.12148666381836,56.0
32,203,-34.82465362548828,32.53984451293945,1357.0
32,204,-7.343562602996826,6.270716667175293,5.0
32,205,-16.1308650970459,25.183095932006836,574.0
32,206,-5.652994155883789,4.109282970428467,18.0
32,207,-12.034041404724121,20.2572021484375,1278.0
32,208,-13.54410457611084,91.35028839111328,2318.0
32,209,-26.60901641845703,27.830347061157227,5411.0
32,210,-3.476868152618408,2.004457950592041,2.0
32,211,-10.09237003326416,28.908143997192383,197.0
32,212,-9.149045944213867,9.847931861877441,12.0
32,213,-16.602699279785156,253.21351623535156,2413.0
32,214,-7.539728164672852,6.585906505584717,26.0
32,215,-35.603233337402344,19.432289123535156,112.0
32,216,-7.077492713928223,5.867175102233887,4.0
32,217,-18.928592681884766,549.786865234375,812.0
32,218,-10.889100074768066,15.214897155761719,7.0
32,219,-13.317147254943848,27.918424606323242,189.0
32,220,-13.784770011901855,98.98056030273438,3363.0
32,221,-6.08480978012085,3.376913070678711,3.0
32,222,-23.57630157470703,29.021682739257812,200.0
32,223,-4.122359275817871,3.951596736907959,2.0
32,224,-2.028036117553711,2.756655216217041,1.0
32,225,-15.953449249267578,9.767535209655762,143.0
32,226,-11.082879066467285,40.21712875366211,340.0
32,227,-14.746326446533203,39.9081916809082,323.0
32,228,-13.288288116455078,6.674717426300049,141.0
32,229,-21.97256088256836,6.240415096282959,77.0
32,230,-22.064931869506836,9.083805084228516,350.0
32,231,-6.836835861206055,3.125119686126709,3.0
32,232,-0.9701424241065979,1.3817914724349976,1.0
32,233,-11.102311134338379,40.47847366333008,138.0
32,234,-15.084485054016113,43.42873001098633,52.0
32,235,-17.119359970092773,72.2288818359375,251.0
32,236,-12.797195434570312,71.2170181274414,33.0
32,237,-15.578380584716797,22.548673629760742,1108.0
32,238,-36.83006286621094,21.524072647094727,7278.0
32,239,-7.96558952331543,3.771973133087158,8.0
32,240,-18.408052444458008,21.499048233032227,1902.0
32,241,-7.688201904296875,12.971231460571289,64.0
32,242,-39.4359130859375,279.6955871582031,2161.0
32,243,-15.823114395141602,9.587353706359863,29.0
32,244,-7.568717956542969,12.464768409729004,9.0
32,245,-10.132604598999023,7.587642669677734,10.0
32,246,-7.091343402862549,5.887526512145996,6.0
32,247,-22.12718391418457,39.95940399169922,147.0
32,248,-10.028661727905273,4.189854145050049,3.0
32,249,-13.61916732788086,15.238628387451172,108.0
32,250,-30.750131607055664,46.7010383605957,1916.0
32,251,-20.755870819091797,63.508522033691406,203.0
32,252,-24.219764709472656,20.644947052001953,46.0
32,253,-32.016170501708984,603.7945556640625,1092.0
32,254,-12.74826431274414,8.370476722717285,14.0
32,255,-17.397029876708984,12.00460147857666,53.0
32,256,-16.921478271484375,68.74263000488281,224.0
32,257,-18.455041885375977,100.86272430419922,682.0
32,258,-5.956915855407715,3.291630744934082,2.0
32,259,-11.81608772277832,10.625083923339844,212.0
32,260,-8.314651489257812,15.98339557647705,19.0
32,261,-27.070768356323242,9.543852806091309,785.0
32,262,-13.192654609680176,81.2516860961914,83.0
32,263,-17.910497665405273,35.948936462402344,15.0
32,264,-8.456658363342285,16.7581729888916,51.0
32,265,-7.978881359100342,14.290961265563965,42.0
32,266,-10.164798736572266,29.614564895629883,349.0
32,267,-14.347732543945312,36.12311935424805,93.0
32,268,-22.114612579345703,39.87576675415039,85.0
32,269,-2.162532329559326,1.541115403175354,1.0
32,270,-3.4863522052764893,2.00826358795166,1.0
32,271,-15.889245986938477,14.128692626953125,76.0
32,272,-6.990485191345215,10.2796049118042,6.0
32,273,-9.46713924407959,10.663053512573242,19.0
32,274,-9.025092124938965,9.547439575195312,38.0
32,275,-7.823373317718506,7.069878578186035,36.0
32,276,-14.035347938537598,7.4264631271362305,11.0
32,277,-18.290122985839844,96.78874969482422,499.0
32,278,-19.151086807250977,15.423151016235352,142.0
32,279,-10.811685562133789,8.691426277160645,207.0
32,280,-17.1689510345459,8.551604270935059,44.0
32,281,-12.727981567382812,69.59275817871094,62.0
32,282,-7.413724899291992,11.837136268615723,12.0
32,283,-13.703827857971191,96.34568786621094,1174.0
32,284,-12.296725273132324,11.697148323059082,349.0
32,285,-25.434650421142578,10.097024917602539,18.0
32,286,-28.026662826538086,12.779962539672852,32.0
32,287,-2.2685694694519043,3.1089491844177246,3.0
32,288,-12.531458854675293,12.25938606262207,578.0
32,289,-36.07471466064453,36.87269973754883,475.0
32,290,-17.1816349029541,73.36219787597656,59.0
32,291,-7.143733024597168,5.965144634246826,12.0
32,292,-9.311161041259766,10.255254745483398,13.0
32,293,-1.215864896774292,1.355223298072815,1.0
32,294,-18.51321792602539,102.34040069580078,69.0
32,295,-6.326815128326416,23.651052474975586,39.0
32,296,-30.48082160949707,29.56992530822754,262.0
32,297,-22.74343490600586,25.76616096496582,104.0
32,298,-17.595489501953125,33.753963470458984,6270.0
32,299,-19.144533157348633,14360.9306640625,390.0
32,300,-25.429851531982422,332676.46875,5548.0
32,301,-24.117385864257812,14.580856323242188,505.0
32,302,-9.558080673217773,10.908258438110352,14.0
32,303,-13.40017032623291,14.585592269897461,903.0
34,0,-22.42889404296875,42.02013397216797,129.0
34,1,-3.0912346839904785,2.1658408641815186,1.0
34,2,-9.370208740234375,22.72357177734375,4.0
34,3,-8.841643333435059,19.052806854248047,120.0
34,4,-18.55368995666504,14.161502838134766,124.0
34,5,-29.70909881591797,27.14006805419922,136.0
34,6,-38.67890167236328,73.5272216796875,2028.0
34,7,-14.00856876373291,7.398106575012207,216.0
34,8,-5.363778114318848,5.977044105529785,5.0
34,9,-13.689630508422852,15.454899787902832,43.0
34,10,-19.705307006835938,137.8721466064453,858.0
34,11,-7.605871677398682,4.577597618103027,6.0
34,12,-8.900543212890625,9.254739761352539,8.0
34,13,-9.687697410583496,3.9906606674194336,12.0
34,14,-19.500282287597656,665.2041015625,248.0
34,15,-7.14395809173584,2.4424333572387695,11.0
34,16,-7.780328750610352,6.994207382202148,26.0
34,17,-17.108652114868164,299.7306213378906,120.0
34,18,-21.118255615234375,38527.51171875,1672.0
34,19,-17.837764739990234,12.784738540649414,29.0
34,20,-14.011457443237305,16.482370376586914,27.0
34,21,-12.606351852416992,66.82769012451172,30.0
34,22,-11.02029037475586,9.061712265014648,19.0
34,23,-4.290340900421143,1.8457871675491333,2.0
34,24,-6.766375541687012,9.539667129516602,6.0
34,25,-3.8998637199401855,3.6691298484802246,5.0
34,26,-4.059582710266113,2.759075403213501,3.0
34,27,-8.711665153503418,5.710651397705078,43.0
34,28,-10.83686637878418,3.8752424716949463,34.0
34,29,-20.344249725341797,18.289392471313477,39.0
34,30,-5.644844055175781,3.092466115951538,9.0
34,31,-10.308237075805664,31.064912796020508,32.0
34,32,-10.52791690826416,13.901256561279297,130.0
34,33,-13.08034896850586,5.1296820640563965,35.0
34,34,-10.528406143188477,33.43050765991211,122.0
34,35,-6.640685081481934,9.148242950439453,20.0
34,36,-16.677574157714844,259.6127624511719,273.0
34,37,-24.237781524658203,11.288427352905273,215.0
34,38,-44.32847213745117,56.253089904785156,15006.0
34,39,-10.903024673461914,37.87690353393555,58.0
34,40,-10.400933265686035,32.03976821899414,21.0
34,41,-8.652650833129883,8.69860553741455,11.0
34,42,-10.620687484741211,202.4197998046875,253.0
34,43,-39.78960037231445,758.6950073242188,1923.0
34,44,-3.837203025817871,6.811426162719727,4.0
34,45,-10.746074676513672,5.995519161224365,9.0
34,46,-11.938882827758789,53.49710464477539,91.0
34,47,-6.128262519836426,4.627726078033447,14.0
34,48,-22.12265396118164,252.31126403808594,3388.0
34,49,-16.072772979736328,5.964729309082031,25.0
34,50,-14.429428100585938,122.70820617675781,1573.0
34,51,-12.823121070861816,71.83512115478516,103.0
34,52,-9.380148887634277,6.5275373458862305,53.0
34,53,-6.9583635330200195,10.170124053955078,15.0
34,54,-32.697479248046875,232.66036987304688,10916.0
34,55,-20.020259857177734,28.12643814086914,19.0
34,56,-6.704731464385986,9.3456449508667,14.0
34,57,-6.467894077301025,5.037820339202881,3.0
34,58,-10.07351016998291,12.408448219299316,14.0
34,59,-24.819549560546875,34.662208557128906,212.0
34,60,-9.287393569946289,10.194500923156738,22.0
34,61,-11.898098945617676,52.774757385253906,28.0
34,62,-23.937297821044922,397.1541442871094,299.0
34,63,-10.721006393432617,4.625443935394287,16.0
34,64,-9.029091835021973,6.084949016571045,14.0
34,65,-5.166022300720215,5.595749855041504,3.0
34,66,-16.512041091918945,15.674055099487305,8.0
34,67,-6.217550277709961,3.467763900756836,2.0
34,68,-15.690508842468262,7.108659267425537,44.0
34,69,-9.021316528320312,20.228763580322266,14.0
34,70,-6.438615798950195,5.001080513000488,5.0
34,71,-12.93663215637207,2.2446274757385254,153.0
34,72,-14.269265174865723,35.42140579223633,22.0
34,73,-14.010339736938477,33.20116424560547,23.0
34,74,-14.16126823425293,112.21568298339844,240.0
34,75,-9.299758911132812,2.170548677444458,6.0
34,76,-7.461675643920898,4.4474687576293945,12.0
34,77,-14.337259292602539,17.592134475708008,55.0
34,78,-8.416290283203125,4.066225051879883,3.0
34,79,-14.77864933013916,4.3835768699646,84.0
34,80,-7.43601131439209,4.424699306488037,31.0
34,81,-10.295012474060059,3.62145733833313,64.0
34,82,-5.168365955352783,2.811373472213745,3.0
34,83,-21.914230346679688,7.331665515899658,302.0
34,84,-8.612351417541504,17.650846481323242,74.0
34,85,-4.129424095153809,7.883028030395508,3.0
34,86,-5.136593341827393,5.541126251220703,4.0
34,87,-32.2717170715332,56.484405517578125,241.0
34,88,-14.484983444213867,6.114255428314209,72.0
34,89,-15.855358123779297,23.833009719848633,53.0
34,90,-14.139054298400879,16.908403396606445,310.0
34,91,-16.0511474609375,14.515125274658203,11.0
34,92,-5.195289611816406,5.650608539581299,3.0
34,93,-8.374204635620117,5.337945938110352,8.0
34,94,-6.823508262634277,3.9145548343658447,15.0
34,95,-16.401086807250977,5.1557297706604,242.0
34,96,-10.810356140136719,36.724788665771484,27.0
34,97,-4.408011436462402,4.346353054046631,4.0
34,98,-18.276615142822266,5.267261028289795,27.0
34,99,-16.360210418701172,7.729362487792969,157.0
34,100,-14.048398971557617,7.440322399139404,51.0
34,101,-25.300975799560547,9.975067138671875,307.0
34,102,-19.075889587402344,117.79813385009766,72.0
34,103,-9.341541290283203,22.507465362548828,316.0
34,104,-21.261384963989258,1196.466796875,21096.0
34,105,-33.43560791015625,28.319786071777344,84.0
34,106,-30.229549407958984,75.07646942138672,580.0
34,107,-10.449068069458008,32.557987213134766,41.0
34,108,-17.739124298095703,34.73767852783203,48.0
34,109,-4.734955787658691,4.846799373626709,2.0
34,110,-22.32798194885254,265.60107421875,5312.0
34,111,-8.166158676147461,3.9001944065093994,14.0
34,112,-11.65262222290039,10.283332824707031,19.0
34,113,-9.492876052856445,10.73188304901123,9.0
34,114,-5.744977951049805,4.204874515533447,7.0
34,115,-15.903929710388184,14.163313865661621,89.0
34,116,-11.64735221862793,6.967283725738525,9.0
34,117,-4.540762901306152,1.9130146503448486,4.0
34,118,-14.049464225769043,2.182619571685791,10.0
34,119,-4.326310157775879,1.7173608541488647,3.0
34,120,-7.282301425933838,11.329769134521484,11.0
34,121,-12.208463668823242,7.650293350219727,15.0
34,122,-21.088783264160156,6.801628589630127,29.0
34,123,-6.46646785736084,5.036024570465088,2.0
34,124,-15.056031227111816,12.296794891357422,11.0
34,125,-13.709627151489258,30.796676635742188,111.0
34,126,-13.88368034362793,102.29833984375,1097.0
34,127,-9.176240921020508,21.300851821899414,10.0
34,128,-10.08674430847168,5.371591091156006,13.0
34,129,-20.61940574645996,19.022632598876953,73.0
34,130,-14.16854190826416,1193.0531005859375,1652.0
34,131,-13.907265663146973,5.688281536102295,118.0
34,132,-26.992935180664062,89.91121673583984,117.0
34,133,-15.389348983764648,12.999249458312988,28.0
34,134,-18.7772274017334,522.7355346679688,128.0
34,135,-9.995155334472656,148.05409240722656,17.0
34,136,-1.4656667709350586,1.6299601793289185,1.0
34,137,-5.962494850158691,4.439864158630371,2.0
34,138,-8.100072860717773,3.8574724197387695,2.0
34,139,-16.194168090820312,10.10926628112793,25.0
34,140,-18.4459285736084,40.012245178222656,30.0
34,141,-13.490127563476562,14.850379943847656,73.0
34,142,-5.313102722167969,3.774529457092285,1.0
34,143,-8.622396469116211,17.71004867553711,74.0
34,144,-9.361647605895996,22.6588191986084,75.0
34,145,-8.041868209838867,7.466804027557373,7.0
34,146,-5.243851184844971,13.762198448181152,4.0
34,147,-6.874171257019043,2.669856071472168,4.0
34,148,-1.483604073524475,1.6397351026535034,1.0
34,149,-30.57415771484375,452.5197448730469,567.0
34,150,-9.187230110168457,21.37902069091797,8.0
34,151,-14.441329956054688,17.962139129638672,20.0
34,152,-9.341523170471191,22.50733184814453,21.0
34,153,-9.942672729492188,7.304821491241455,5.0
34,154,-21.383831024169922,209.75869750976562,625.0
34,155,-22.57928466796875,282.8229675292969,72.0
34,156,-12.597134590148926,66.6226577758789,64.0
34,157,-14.501608848571777,125.69639587402344,208.0
34,158,-4.912387847900391,3.414724826812744,3.0
34,159,-11.7167329788208,350.1517028808594,714.0
34,160,-9.273996353149414,22.00637435913086,17.0
34,161,-14.400404930114746,11.023921012878418,43.0
34,162,-15.06840705871582,5.334885597229004,45.0
34,163,-5.452269077301025,6.1559739112854,6.0
34,164,-8.813940048217773,18.877674102783203,8.0
34,165,-17.993133544921875,20.062564849853516,46.0
34,166,-15.379312515258789,2.0118601322174072,7.0
34,167,-17.12571144104004,11.548206329345703,21.0
34,168,-3.5182714462280273,2.021125078201294,3.0
34,169,-10.410943031311035,13.500622749328613,12.0
34,170,-22.343791961669922,41.428348541259766,55.0
34,171,-18.720176696777344,42.268211364746094,85.0
34,172,-11.527603149414062,6.829607009887695,7.0
34,173,-13.160133361816406,13.901915550231934,528.0
34,174,-17.197444915771484,11.667157173156738,15.0
34,175,-25.562049865722656,166.0701141357422,207.0
34,176,-14.662675857543945,11.516483306884766,20.0
34,177,-15.621856689453125,2.5066137313842773,8.0
34,178,-25.04587173461914,5.31070613861084,17.0
34,179,-14.738988876342773,1586.831298828125,5966.0
34,180,-13.932157516479492,32.558528900146484,22.0
34,181,-14.889656066894531,143.05349731445312,423.0
34,182,-17.97547149658203,89.46682739257812,81.0
34,183,-13.529067039489746,29.437421798706055,18.0
34,184,-38.54991912841797,246.44309997558594,929.0
34,185,-12.265213012695312,5.767122745513916,34.0
34,186,-5.421182155609131,2.9571807384490967,12.0
34,187,-12.573246002197266,537.335693359375,1178.0
34,188,-13.814927101135254,99.98055267333984,2278.0
34,189,-8.114091873168945,14.94979190826416,22.0
34,190,-26.0643253326416,25.99854850769043,31.0
34,191,-12.555596351623535,12.31871223449707,1636.0
34,192,-14.85383129119873,11.889297485351562,20.0
34,193,-13.530620574951172,29.448856353759766,31.0
34,194,-16.98331069946289,4873.927734375,495.0
34,195,-5.810088157653809,4.273879528045654,12.0
34,196,-22.3460693359375,266.8048095703125,13629.0
34,197,-11.758193969726562,18.90730857849121,1674.0
34,198,-10.975954055786133,2.996951103210449,74.0
34,199,-11.841769218444824,10.679797172546387,41.0
34,200,-19.46613311767578,4.470028400421143,84.0
34,201,-10.134968757629395,158.7744140625,323.0
34,202,-7.144740104675293,35.60087203979492,51.0
34,203,-34.17321014404297,30.487627029418945,1126.0
34,204,-7.123688220977783,5.93532657623291,6.0
34,205,-15.771944046020508,23.438709259033203,491.0
34,206,-5.837165355682373,4.3029093742370605,22.0
34,207,-12.016500473022461,20.168563842773438,1270.0
34,208,-13.587907791137695,92.69389343261719,2376.0
34,209,-26.728897094726562,28.25052833557129,5531.0
34,210,-3.4216485023498535,1.9824426174163818,2.0
34,211,-10.272258758544922,30.69458770751953,253.0
34,212,-9.256896018981934,10.117069244384766,10.0
34,213,-16.623443603515625,254.970458984375,2426.0
34,214,-7.581407070159912,6.654889106750488,32.0
34,215,-34.476322174072266,17.69048309326172,87.0
34,216,-6.916115760803223,5.635179042816162,5.0
34,217,-18.74582290649414,517.2921142578125,724.0
34,218,-10.966501235961914,15.512176513671875,9.0
34,219,-13.550033569335938,29.592126846313477,198.0
34,220,-14.00326156616211,106.45834350585938,3390.0
34,221,-5.840785503387451,3.216060161590576,3.0
34,222,-23.710308074951172,29.582611083984375,197.0
34,223,-4.042116165161133,3.847301721572876,2.0
34,224,-1.901089072227478,2.587118148803711,1.0
34,225,-15.921481132507324,9.723030090332031,137.0
34,226,-10.977190017700195,38.82495880126953,335.0
34,227,-15.119332313537598,43.8087272644043,334.0
34,228,-13.482107162475586,6.862112045288086,145.0
34,229,-21.348098754882812,5.923978328704834,67.0
34,230,-22.120603561401367,9.13451862335205,309.0
34,231,-6.642273902893066,3.025407075881958,3.0
34,232,-0.9274091720581055,1.362248182296753,1.0
34,233,-11.308390617370605,43.35679626464844,146.0
34,234,-14.950600624084473,41.99917984008789,52.0
34,235,-17.177263259887695,73.28205871582031,263.0
34,236,-12.91682243347168,74.11421203613281,33.0
34,237,-16.464466094970703,26.920637130737305,1047.0
34,238,-36.534942626953125,21.001178741455078,6395.0
34,239,-7.945714950561523,3.7594995498657227,8.0
34,240,-18.35784339904785,21.319894790649414,1761.0
34,241,-7.632438659667969,12.732354164123535,60.0
34,242,-39.156707763671875,268.7590637207031,1777.0
34,243,-15.917437553405762,9.717413902282715,29.0
34,244,-7.526726722717285,12.291512489318848,9.0
34,245,-10.256584167480469,7.778136253356934,10.0
34,246,-7.027751445770264,5.794666290283203,7.0
34,247,-22.26042938232422,40.85673141479492,137.0
34,248,-9.968814849853516,4.1541852951049805,3.0
34,249,-13.774635314941406,15.719895362854004,112.0
34,250,-30.508333206176758,45.31062698364258,1839.0
34,251,-20.993200302124023,66.59568786621094,246.0
34,252,-24.432449340820312,21.2011661529541,50.0
34,253,-31.41466522216797,535.356689453125,980.0
34,254,-12.548171997070312,8.09593391418457,9.0
34,255,-17.24422836303711,11.745393753051758,48.0
34,256,-17.08831024169922,71.67037963867188,212.0
34,257,-18.77677345275879,109.31060028076172,678.0
34,258,-5.966165065765381,3.2977256774902344,2.0
34,259,-11.296219825744629,9.575846672058105,214.0
34,260,-8.118271827697754,14.970636367797852,16.0
34,261,-26.538105010986328,9.129480361938477,650.0
34,262,-13.03062629699707,76.97972869873047,84.0
34,263,-17.73089027404785,34.680519104003906,15.0
34,264,-8.413899421691895,16.521015167236328,43.0
34,265,-8.250333786010742,15.644373893737793,51.0
34,266,-10.234052658081055,30.3061580657959,355.0
34,267,-14.065153121948242,33.659263610839844,91.0
34,268,-22.322547912597656,41.281925201416016,81.0
34,269,-1.9945285320281982,1.4901930093765259,1.0
34,270,-3.347630739212036,1.9533114433288574,1.0
34,271,-15.852182388305664,14.041686058044434,63.0
34,272,-7.045164108276367,10.468680381774902,6.0
34,273,-9.302204132080078,10.232316970825195,19.0
34,274,-8.943904876708984,9.355609893798828,38.0
34,275,-7.5100483894348145,6.5372209548950195,30.0
34,276,-14.149284362792969,7.548330307006836,11.0
34,277,-18.303606033325195,97.11554718017578,472.0
34,278,-18.70693588256836,14.474946022033691,130.0
34,279,-10.106801986694336,7.548587322235107,172.0
34,280,-16.900667190551758,8.269577026367188,40.0
34,281,-12.705979347229004,69.08422088623047,61.0
34,282,-7.272721767425537,11.293649673461914,9.0
34,283,-13.624921798706055,93.84465026855469,1138.0
34,284,-12.155487060546875,11.371356010437012,351.0
34,285,-24.02645492553711,8.883744239807129,11.0
34,286,-26.377147674560547,11.000299453735352,22.0
34,287,-2.287160634994507,3.1379830837249756,3.0
34,288,-12.490001678466797,12.158158302307129,623.0
34,289,-35.03436279296875,33.22944259643555,323.0
34,290,-17.402446746826172,77.52587127685547,60.0
34,291,-7.094329357147217,5.891922950744629,12.0
34,292,-8.938179016113281,9.342227935791016,13.0
34,293,-1.187211513519287,1.3455500602722168,1.0
34,294,-18.612211227416992,104.90475463867188,63.0
34,295,-6.4014177322387695,24.549928665161133,39.0
34,296,-30.262901306152344,28.862539291381836,242.0
34,297,-22.058780670166016,23.3653564453125,89.0
34,298,-17.556997299194336,33.495113372802734,6238.0
34,299,-19.228836059570312,14979.203125,337.0
34,300,-25.51833724975586,347725.46875,5431.0
34,301,-24.03169822692871,14.442694664001465,488.0
34,302,-9.671896934509277,11.223100662231445,14.0
34,303,-13.157302856445312,13.894049644470215,943.0
36,0,-22.115612030029297,39.88240432739258,115.0
36,1,-2.9627797603607178,2.0973925590515137,1.0
36,2,-8.784852027893066,18.695520401000977,4.0
36,3,-9.126447677612305,20.950223922729492,145.0
36,4,-18.600830078125,14.257190704345703,125.0
36,5,-29.707714080810547,27.135887145996094,134.0
36,6,-38.4140739440918,71.39518737792969,1808.0
36,7,-14.313117980957031,7.727081298828125,224.0
36,8,-5.235235214233398,5.726350784301758,5.0
36,9,-13.091242790222168,13.711686134338379,34.0
36,10,-20.811561584472656,181.79696655273438,1084.0
36,11,-8.027002334594727,4.97985315322876,6.0
36,12,-9.00515079498291,9.499961853027344,8.0
36,13,-9.247502326965332,3.7474353313446045,12.0
36,14,-19.063068389892578,574.9920654296875,207.0
36,15,-7.256342887878418,2.47698712348938,14.0
36,16,-7.539812088012695,6.586044788360596,19.0
36,17,-16.678646087646484,259.70562744140625,109.0
36,18,-20.870101928710938,34031.80859375,1667.0
36,19,-17.93650245666504,12.966348648071289,26.0
36,20,-14.000543594360352,16.446434020996094,26.0
36,21,-12.576919555664062,66.17524719238281,28.0
36,22,-11.10173511505127,9.210525512695312,17.0
36,23,-4.313474655151367,1.8518972396850586,2.0
36,24,-6.8821024894714355,9.91485595703125,6.0
36,25,-3.9401891231536865,3.718782424926758,5.0
36,26,-3.938676357269287,2.6769258975982666,3.0
36,27,-8.651448249816895,5.6422882080078125,43.0
36,28,-10.849506378173828,3.8813703060150146,47.0
36,29,-19.899202346801758,17.16278076171875,36.0
36,30,-5.776273727416992,3.1748321056365967,8.0
36,31,-10.167075157165527,29.637041091918945,34.0
36,32,-10.595439910888672,14.137911796569824,138.0
36,33,-13.174042701721191,5.190112113952637,37.0
36,34,-10.392378807067871,31.948537826538086,107.0
36,35,-6.750600337982178,9.48963451385498,21.0
36,36,-16.728910446166992,264.09356689453125,311.0
36,37,-24.135019302368164,11.173020362854004,215.0
36,38,-43.892578125,54.067562103271484,14890.0
36,39,-11.037742614746094,39.6165771484375,58.0
36,40,-10.064790725708008,28.643604278564453,20.0
36,41,-8.728485107421875,8.865092277526855,12.0
36,42,-10.258387565612793,168.88092041015625,205.0
36,43,-39.27867126464844,696.7630004882812,1829.0
36,44,-3.8106234073638916,6.721502304077148,2.0
36,45,-10.640390396118164,5.890839099884033,8.0
36,46,-11.690929412841797,49.2533073425293,92.0
36,47,-5.929851531982422,4.403778553009033,13.0
36,48,-22.175987243652344,255.6979522705078,3486.0
36,49,-16.322418212890625,6.1324968338012695,28.0
36,50,-14.257607460021973,115.87776184082031,1516.0
36,51,-12.897443771362305,73.63703918457031,99.0
36,52,-9.430013656616211,6.592962741851807,47.0
36,53,-6.23624324798584,7.994451522827148,10.0
36,54,-32.26185607910156,216.36700439453125,9646.0
36,55,-19.76964569091797,26.975820541381836,18.0
36,56,-6.767609596252441,9.543591499328613,14.0
36,57,-6.501287460327148,5.080053806304932,3.0
36,58,-9.740387916564941,11.416926383972168,11.0
36,59,-24.646188735961914,33.814308166503906,187.0
36,60,-9.662200927734375,11.195928573608398,29.0
36,61,-11.546732902526855,46.941917419433594,23.0
36,62,-23.413551330566406,348.4127197265625,309.0
36,63,-10.657265663146973,4.583516597747803,15.0
36,64,-8.400506973266602,5.366100311279297,13.0
36,65,-5.276627540588379,5.805907249450684,3.0
36,66,-16.675945281982422,16.10813331604004,8.0
36,67,-6.5893754959106445,3.735475540161133,3.0
36,68,-15.383001327514648,6.840598106384277,41.0
36,69,-9.066240310668945,20.53396224975586,14.0
36,70,-5.951353073120117,4.42751407623291,5.0
36,71,-12.630193710327148,2.2020463943481445,125.0
36,72,-14.069324493408203,33.69438171386719,22.0
36,73,-13.69239616394043,30.66429901123047,22.0
36,74,-14.383428573608398,120.84105682373047,292.0
36,75,-9.336261749267578,2.17716121673584,6.0
36,76,-7.3460540771484375,4.345804691314697,12.0
36,77,-14.061600685119629,16.648502349853516,51.0
36,78,-8.312371253967285,3.9964046478271484,3.0
36,79,-14.554628372192383,4.286466598510742,78.0
36,80,-7.358062744140625,4.3562541007995605,29.0
36,81,-10.12368392944336,3.544724702835083,53.0
36,82,-5.277804374694824,2.873586416244507,4.0
36,83,-21.76001739501953,7.229597568511963,289.0
36,84,-8.122376441955566,14.991129875183105,60.0
36,85,-4.167793273925781,8.035720825195312,3.0
36,86,-5.23179292678833,5.719783306121826,4.0
36,87,-32.022674560546875,54.753116607666016,251.0
36,88,-14.3656644821167,6.023738861083984,72.0
36,89,-16.395065307617188,26.549560546875,91.0
36,90,-14.18439769744873,17.06243896484375,301.0
36,91,-15.818038940429688,13.962008476257324,11.0
36,92,-5.289800643920898,5.831457138061523,3.0
36,93,-8.186488151550293,5.141257286071777,7.0
36,94,-6.996184825897217,4.0521063804626465,14.0
36,95,-16.43931007385254,5.175474643707275,216.0
36,96,-10.878046035766602,37.56284713745117,25.0
36,97,-4.537743091583252,4.538429260253906,6.0
36,98,-18.26142120361328,5.259990215301514,28.0
36,99,-16.35260009765625,7.722012519836426,178.0
36,100,-14.062553405761719,7.455382347106934,53.0
36,101,-25.001352310180664,9.70702838897705,276.0
36,102,-18.68001937866211,106.69825744628906,68.0
36,103,-9.100349426269531,20.76875877380371,271.0
36,104,-20.973613739013672,1087.0303955078125,19071.0
36,105,-33.904640197753906,29.679723739624023,103.0
36,106,-31.33991241455078,87.9818344116211,591.0
36,107,-9.878795623779297,26.921676635742188,36.0
36,108,-17.797870635986328,35.148223876953125,50.0
36,109,-4.825506210327148,4.9953227043151855,2.0
36,110,-22.413963317871094,271.3720703125,4639.0
36,111,-8.51751708984375,4.135408878326416,18.0
36,112,-11.43784236907959,9.850955963134766,19.0
36,113,-9.528680801391602,10.828376770019531,8.0
36,114,-6.013652801513672,4.497012138366699,6.0
36,115,-16.106101989746094,14.648680686950684,97.0
36,116,-11.768638610839844,7.109555721282959,7.0
36,117,-4.40018367767334,1.8749793767929077,3.0
36,118,-14.15626335144043,2.195608139038086,9.0
36,119,-4.65074348449707,1.7884386777877808,4.0
36,120,-6.9107866287231445,10.010109901428223,9.0
36,121,-11.80702018737793,7.155181407928467,12.0
36,122,-20.429210662841797,6.405782222747803,30.0
36,123,-6.556673526763916,5.15088415145874,2.0
36,124,-14.971206665039062,12.12417221069336,11.0
36,125,-13.754382133483887,31.143186569213867,121.0
36,126,-13.652029037475586,94.6964340209961,1063.0
36,127,-9.14671516418457,21.092239379882812,11.0
36,128,-10.077553749084473,5.363368511199951,13.0
36,129,-20.66756248474121,19.153949737548828,62.0
36,130,-14.253510475158691,1244.8311767578125,1922.0
36,131,-13.57967758178711,5.460059642791748,105.0
36,132,-26.469505310058594,82.39990997314453,113.0
36,133,-15.530074119567871,13.3077392578125,30.0
36,134,-18.48974609375,474.9685363769531,137.0
36,135,-9.679120063781738,126.41372680664062,17.0
36,136,-1.5338268280029297,1.6674168109893799,1.0
36,137,-6.0476579666137695,4.53540563583374,2.0
36,138,-8.402313232421875,4.056763172149658,2.0
36,139,-16.571325302124023,10.668891906738281,28.0
36,140,-18.666282653808594,41.815059661865234,29.0
36,141,-13.430213928222656,14.673494338989258,70.0
36,142,-5.667412757873535,4.124122142791748,1.0
36,143,-8.50085735321045,17.006900787353516,74.0
36,144,-9.3230562210083,22.36920738220215,82.0
36,145,-8.167365074157715,7.704782962799072,8.0
36,146,-5.066522121429443,12.594511032104492,4.0
36,147,-7.09675407409668,2.7561147212982178,5.0
36,148,-1.5260705947875977,1.6631114482879639,1.0
36,149,-30.426668167114258,439.366455078125,570.0
36,150,-9.558998107910156,24.19951629638672,10.0
36,151,-14.291501998901367,17.431875228881836,18.0
36,152,-9.438287734985352,23.24513816833496,21.0
36,153,-10.040337562561035,7.448909282684326,6.0
36,154,-21.336238861083984,207.2777557373047,629.0
36,155,-22.448190689086914,273.7041320800781,71.0
36,156,-12.50509262084961,64.60967254638672,66.0
36,157,-14.031169891357422,107.4533462524414,192.0
36,158,-4.9058074951171875,3.409111976623535,3.0
36,159,-11.855738639831543,375.3539123535156,787.0
36,160,-9.405343055725098,22.991268157958984,18.0
36,161,-14.13343620300293,10.54416561126709,44.0
36,162,-14.872557640075684,5.220046520233154,42.0
36,163,-5.551576614379883,6.363162517547607,7.0
36,164,-8.840662956237793,19.04658317565918,8.0
36,165,-17.805927276611328,19.44625473022461,43.0
36,166,-15.551486015319824,2.0276668071746826,8.0
36,167,-16.284494400024414,10.240561485290527,18.0
36,168,-3.767169713973999,2.124282121658325,3.0
36,169,-10.07380485534668,12.40936279296875,12.0
36,170,-22.07383918762207,39.605709075927734,55.0
36,171,-18.513151168823242,40.5538330078125,110.0
36,172,-12.055773735046387,7.458063125610352,9.0
36,173,-12.689543724060059,12.653183937072754,485.0
36,174,-16.548471450805664,10.634116172790527,13.0
36,175,-25.047374725341797,149.82601928710938,200.0
36,176,-14.866534233093262,11.914496421813965,20.0
36,177,-15.344146728515625,2.465998888015747,8.0
36,178,-25.045019149780273,5.310403823852539,17.0
36,179,-14.817296028137207,1650.1937255859375,6160.0
36,180,-13.948570251464844,32.69239807128906,22.0
36,181,-14.466419219970703,124.23062896728516,346.0
36,182,-17.285446166992188,75.29107666015625,67.0
36,183,-13.420022010803223,28.645763397216797,17.0
36,184,-38.35533142089844,239.686767578125,965.0
36,185,-12.191656112670898,5.706838130950928,32.0
36,186,-5.555893421173096,3.0379369258880615,10.0
36,187,-12.19780445098877,445.3686218261719,996.0
36,188,-14.019967079162598,107.05281066894531,2487.0
36,189,-7.644007682800293,12.781547546386719,20.0
36,190,-25.681642532348633,24.784175872802734,32.0
36,191,-12.519088745117188,12.229093551635742,1624.0
36,192,-14.335149765014648,10.904675483703613,18.0
36,193,-13.32247257232666,27.955617904663086,30.0
36,194,-16.86654281616211,4597.515625,481.0
36,195,-5.743268013000488,4.203077793121338,12.0
36,196,-22.51740264892578,278.4812316894531,14128.0
36,197,-11.765612602233887,18.942407608032227,1661.0
36,198,-11.012141227722168,3.0078158378601074,72.0
36,199,-11.696786880493164,10.374567031860352,46.0
36,200,-18.65991973876953,4.201234817504883,97.0
36,201,-10.25644588470459,168.71702575683594,357.0
36,202,-7.307229995727539,38.61400604248047,58.0
36,203,-33.52954864501953,28.587081909179688,1185.0
36,204,-7.411634922027588,6.378345489501953,6.0
36,205,-15.821338653564453,23.671403884887695,534.0
36,206,-5.5725297927856445,4.027446269989014,17.0
36,207,-11.764845848083496,18.93877601623535,1100.0
36,208,-13.644936561584473,94.47282409667969,2431.0
36,209,-26.61691665649414,27.85784339904785,5497.0
36,210,-3.418229341506958,1.981087327003479,2.0
36,211,-10.596956253051758,34.20318603515625,264.0
36,212,-9.218221664428711,10.019721984863281,9.0
36,213,-16.291093826293945,228.2324676513672,2242.0
36,214,-7.084038734436035,5.876784324645996,25.0
36,215,-33.79563903808594,16.714946746826172,78.0
36,216,-6.934664726257324,5.661371231079102,5.0
36,217,-18.655559539794922,501.9595947265625,717.0
36,218,-10.670781135559082,14.40672779083252,10.0
36,219,-13.734223365783691,30.986631393432617,236.0
36,220,-13.941339492797852,104.28352355957031,3388.0
36,221,-5.604215621948242,3.067439317703247,3.0
36,222,-23.414392471313477,28.35811424255371,207.0
36,223,-3.862545967102051,3.6237711906433105,2.0
36,224,-1.8401581048965454,2.509488821029663,1.0
36,225,-16.11383819580078,9.99392032623291,156.0
36,226,-11.01741886138916,39.34909439086914,371.0
36,227,-14.803985595703125,40.48762893676758,294.0
36,228,-13.570512771606445,6.9493255615234375,157.0
36,229,-20.834110260009766,5.675597667694092,63.0
36,230,-22.181678771972656,9.19047737121582,308.0
36,231,-6.505319595336914,2.957131862640381,3.0
36,232,-1.0004717111587524,1.395831823348999,1.0
36,233,-11.178741455078125,41.52298355102539,146.0
36,234,-14.188562393188477,34.71391677856445,44.0
36,235,-17.22498321533203,74.16155242919922,267.0
36,236,-12.793496131896973,71.1292495727539,35.0
36,237,-15.977996826171875,24.424808502197266,963.0
36,238,-35.313385009765625,18.96854591369629,5548.0
36,239,-8.152946472167969,3.891615390777588,7.0
36,240,-18.054840087890625,20.269960403442383,1706.0
36,241,-7.679486274719238,12.933603286743164,57.0
36,242,-38.41328811645508,241.6795654296875,1690.0
36,243,-15.401081085205078,9.026408195495605,28.0
36,244,-7.402762413024902,11.793959617614746,10.0
36,245,-11.046710968017578,9.109722137451172,19.0
36,246,-7.137850284576416,5.95637845993042,7.0
36,247,-21.624244689941406,36.746421813964844,139.0
36,248,-10.40261173248291,4.419769287109375,3.0
36,249,-14.401369094848633,17.81915283203125,144.0
36,250,-30.711688995361328,46.47716522216797,1874.0
36,251,-21.11565399169922,68.24681091308594,250.0
36,252,-24.462942123413086,21.28213119506836,60.0
36,253,-30.80913543701172,474.2938537597656,781.0
36,254,-13.171930313110352,8.982891082763672,8.0
36,255,-17.456172943115234,12.106456756591797,48.0
36,256,-16.667926788330078,64.52041625976562,205.0
36,257,-18.601524353027344,104.6248550415039,684.0
36,258,-5.916626930236816,3.265214204788208,2.0
36,259,-11.304335594177246,9.591403007507324,227.0
36,260,-8.322433471679688,16.02490997314453,16.0
36,261,-25.60289764404297,8.445001602172852,512.0
36,262,-13.309309005737305,84.47335815429688,95.0
36,263,-16.49496841430664,27.085365295410156,12.0
36,264,-8.046287536621094,14.615693092346191,33.0
36,265,-9.031485557556152,20.297449111938477,91.0
36,266,-10.183971405029297,29.804431915283203,368.0
36,267,-12.887377738952637,25.074325561523438,88.0
36,268,-21.955825805664062,38.834320068359375,76.0
36,269,-2.0781400203704834,1.515321969985962,1.0
36,270,-3.2904067039489746,1.9310837984085083,1.0
36,271,-15.705724716186523,13.703081130981445,59.0
36,272,-7.141626834869385,10.81076431274414,6.0
36,273,-8.837932586669922,9.111006736755371,16.0
36,274,-8.747356414794922,8.907014846801758,32.0
36,275,-6.585075378417969,5.187588214874268,17.0
36,276,-14.271262168884277,7.681016445159912,10.0
36,277,-18.521717071533203,102.55807495117188,507.0
36,278,-18.25802230834961,13.57580280303955,129.0
36,279,-10.122105598449707,7.571727275848389,179.0
36,280,-16.769947052001953,8.135550498962402,31.0
36,281,-12.259254455566406,59.52629470825195,41.0
36,282,-7.203590393066406,11.036375999450684,9.0
36,283,-13.631315231323242,94.04484558105469,1145.0
36,284,-11.849623680114746,10.696587562561035,225.0
36,285,-23.86075210571289,8.750923156738281,7.0
36,286,-26.10576057434082,10.732226371765137,13.0
36,287,-2.44282865524292,3.391981840133667,3.0
36,288,-12.399659156799316,11.940450668334961,673.0
36,289,-33.47290802001953,28.425617218017578,193.0
36,290,-17.64000701904297,82.26960754394531,81.0
36,291,-6.595136642456055,5.200652599334717,10.0
36,292,-8.824627876281738,9.080751419067383,14.0
36,293,-1.2458597421646118,1.3654240369796753,1.0
36,294,-18.256214141845703,95.97171783447266,55.0
36,295,-6.340827465057373,23.817337036132812,35.0
36,296,-29.790363311767578,27.386234283447266,221.0
36,297,-21.385597229003906,21.222997665405273,73.0
36,298,-17.43655014038086,32.697872161865234,6070.0
36,299,-18.936376571655273,12941.419921875,360.0
36,300,-25.080724716186523,279389.5625,5057.0
36,301,-23.74186134338379,13.984989166259766,536.0
36,302,-9.173227310180664,9.907647132873535,9.0
36,303,-13.439148902893066,14.699738502502441,1136.0
38,0,-22.17017936706543,40.24678039550781,106.0
38,1,-2.912271499633789,2.071075201034546,1.0
38,2,-8.590686798095703,17.523841857910156,4.0
38,3,-9.29338550567627,22.149065017700195,159.0
38,4,-18.733673095703125,14.530342102050781,123.0
38,5,-29.81564712524414,27.463279724121094,126.0
38,6,-38.364715576171875,71.00472259521484,1745.0
38,7,-14.40353775024414,7.827538967132568,218.0
38,8,-5.254814147949219,5.763844966888428,5.0
38,9,-12.792261123657227,12.915809631347656,26.0
38,10,-21.707271575927734,227.42442321777344,1310.0
38,11,-8.245864868164062,5.202675819396973,7.0
38,12,-9.161173820495605,9.877835273742676,8.0
38,13,-9.057474136352539,3.6470730304718018,12.0
38,14,-19.14215087890625,590.3507690429688,203.0
38,15,-7.30832576751709,2.4931342601776123,16.0
38,16,-7.394319534301758,6.350794315338135,15.0
38,17,-16.40843963623047,237.3367462158203,103.0
38,18,-20.811120986938477,33042.8515625,1789.0
38,19,-18.065492630004883,13.207496643066406,25.0
38,20,-13.945472717285156,16.26628303527832,27.0
38,21,-12.509172439575195,64.69758605957031,28.0
38,22,-11.15780258178711,9.314390182495117,16.0
38,23,-4.311042308807373,1.851253867149353,2.0
38,24,-6.9487152099609375,10.137469291687012,6.0
38,25,-3.9433107376098633,3.722654104232788,5.0
38,26,-3.9007372856140137,2.651655912399292,3.0
38,27,-8.635781288146973,5.624636173248291,44.0
38,28,-10.742626190185547,3.829859972000122,46.0
38,29,-19.616596221923828,16.483678817749023,34.0
38,30,-5.828108310699463,3.207916259765625,7.0
38,31,-10.069635391235352,28.689903259277344,33.0
38,32,-10.647446632385254,14.322928428649902,145.0
38,33,-13.186209678649902,5.198011875152588,35.0
38,34,-10.445755004882812,32.52204895019531,107.0
38,35,-6.816274166107178,9.699665069580078,21.0
38,36,-16.926944732666016,282.1150207519531,343.0
38,37,-23.952566146850586,10.971012115478516,212.0
38,38,-43.682743072509766,53.04595184326172,14358.0
38,39,-11.056875228881836,39.87003707885742,58.0
38,40,-9.833516120910645,26.51839828491211,16.0
38,41,-8.777315139770508,8.97397518157959,13.0
38,42,-10.099523544311523,155.98529052734375,192.0
38,43,-39.25859069824219,694.4348754882812,2027.0
38,44,-3.861173152923584,6.893552780151367,2.0
38,45,-10.630884170532227,5.8815131187438965,8.0
38,46,-11.649802207946777,48.58269500732422,96.0
38,47,-5.921116352081299,4.394171714782715,13.0
38,48,-22.40719985961914,270.9136047363281,3496.0
38,49,-16.48741912841797,6.245963096618652,29.0
38,50,-14.086785316467285,109.46395111083984,1465.0
38,51,-12.975454330444336,75.57695770263672,96.0
38,52,-9.494866371154785,6.679033279418945,41.0
38,53,-5.938985347747803,7.240293979644775,7.0
38,54,-32.06646728515625,209.4345703125,8980.0
38,55,-19.671367645263672,26.537567138671875,18.0
38,56,-6.820503234863281,9.713349342346191,13.0
38,57,-6.480550765991211,5.053786277770996,3.0
38,58,-9.465078353881836,10.657561302185059,11.0
38,59,-24.705188751220703,34.100521087646484,188.0
38,60,-9.905056953430176,11.896738052368164,34.0
38,61,-11.32243537902832,43.56025314331055,23.0
38,62,-23.095733642578125,321.801025390625,307.0
38,63,-10.608570098876953,4.551741600036621,15.0
38,64,-8.059542655944824,5.012368202209473,13.0
38,65,-5.3311285972595215,5.912347316741943,3.0
38,66,-16.640748977661133,16.013919830322266,8.0
38,67,-6.919912338256836,3.990762948989868,4.0
38,68,-15.15555191040039,6.648850917816162,42.0
38,69,-9.09650993347168,20.74219512939453,14.0
38,70,-5.76484489440918,4.22581148147583,4.0
38,71,-12.449590682983398,2.177330255508423,120.0
38,72,-14.014716148376465,33.237510681152344,23.0
38,73,-13.602931022644043,29.98606300354004,22.0
38,74,-14.579689025878906,129.01080322265625,357.0
38,75,-9.357248306274414,2.180972099304199,5.0
38,76,-7.279623031616211,4.28844690322876,11.0
38,77,-13.887116432189941,16.077543258666992,45.0
38,78,-8.194053649902344,3.9183692932128906,3.0
38,79,-14.438118934631348,4.236815452575684,78.0
38,80,-7.383413314819336,4.378396987915039,28.0
38,81,-9.967191696166992,3.4760582447052,47.0
38,82,-5.4067559242248535,2.9486610889434814,4.0
38,83,-21.857704162597656,7.294086933135986,284.0
38,84,-7.962001323699951,14.210775375366211,55.0
38,85,-4.173218727111816,8.057548522949219,3.0
38,86,-5.310593128204346,5.872014999389648,4.0
38,87,-32.15935516357422,55.696617126464844,256.0
38,88,-14.244186401367188,5.932960510253906,70.0
38,89,-16.689804077148438,28.161636352539062,112.0
38,90,-14.18120002746582,17.051532745361328,291.0
38,91,-15.773099899291992,13.857824325561523,12.0
38,92,-5.37936544418335,6.008179664611816,3.0
38,93,-7.993925094604492,4.947018623352051,7.0
38,94,-7.15512752532959,4.182986736297607,16.0
38,95,-16.39535140991211,5.152774333953857,203.0
38,96,-10.926214218139648,38.17082595825195,24.0
38,97,-4.580206871032715,4.603126525878906,6.0
38,98,-18.282642364501953,5.270147323608398,29.0
38,99,-16.34001922607422,7.709878444671631,196.0
38,100,-14.23165225982666,7.637674808502197,54.0
38,101,-25.041996002197266,9.742959976196289,273.0
38,102,-18.57244110107422,103.86690521240234,70.0
38,103,-8.864356994628906,19.19760513305664,226.0
38,104,-20.692432403564453,989.7749633789062,17307.0
38,105,-34.14801788330078,30.410921096801758,108.0
38,106,-31.8210506439209,94.24187469482422,577.0
38,107,-9.691442489624023,25.29181671142578,34.0
38,108,-17.75765037536621,34.86662673950195,50.0
38,109,-4.953086853027344,5.212340354919434,2.0
38,110,-22.562519073486328,281.6400146484375,4267.0
38,111,-8.739940643310547,4.291587829589844,19.0
38,112,-11.273256301879883,9.53196907043457,21.0
38,113,-9.700762748718262,11.3043851852417,7.0
38,114,-6.234585762023926,4.752384185791016,6.0
38,115,-16.302841186523438,15.136972427368164,94.0
38,116,-11.883974075317383,7.247541904449463,8.0
38,117,-4.301082134246826,1.8486216068267822,3.0
38,118,-14.320099830627441,2.215683698654175,9.0
38,119,-4.867388725280762,1.8375324010849,5.0
38,120,-6.695674896240234,9.317475318908691,8.0
38,121,-11.674429893493652,6.998797416687012,12.0
38,122,-20.130712509155273,6.234291076660156,29.0
38,123,-6.500599384307861,5.079179763793945,2.0
38,124,-14.978116035461426,12.138141632080078,11.0
38,125,-13.90284538269043,32.3208122253418,125.0
38,126,-13.603446960449219,93.17528533935547,1086.0
38,127,-9.189323425292969,21.39394187927246,11.0
38,128,-10.123886108398438,5.4049458503723145,12.0
38,129,-20.693979263305664,19.22637176513672,57.0
38,130,-14.249407768249512,1242.2802734375,1980.0
38,131,-13.40922737121582,5.344956874847412,100.0
38,132,-26.1872615814209,78.6135025024414,105.0
38,133,-15.624753952026367,13.519401550292969,30.0
38,134,-18.391357421875,459.6441650390625,143.0
38,135,-9.537986755371094,117.80060577392578,16.0
38,136,-1.5721337795257568,1.6888445615768433,1.0
38,137,-6.083084583282471,4.575752258300781,2.0
38,138,-8.551115036010742,4.15863037109375,2.0
38,139,-16.667774200439453,10.816910743713379,27.0
38,140,-18.86408233642578,43.502410888671875,31.0
38,141,-13.394426345825195,14.568843841552734,72.0
38,142,-5.8672285079956055,4.3353705406188965,1.0
38,143,-8.464113235473633,16.799867630004883,75.0
38,144,-9.312617301940918,22.291507720947266,81.0
38,145,-8.309614181518555,7.983713150024414,9.0
38,146,-4.984938144683838,12.091093063354492,4.0
38,147,-7.222103118896484,2.805912971496582,5.0
38,148,-1.5224206447601318,1.6610891819000244,1.0
38,149,-30.39779281616211,436.8362121582031,574.0
38,150,-9.687028884887695,25.2546329498291,10.0
38,151,-14.248868942260742,17.283872604370117,17.0
38,152,-9.436433792114258,23.230777740478516,21.0
38,153,-10.12242603302002,7.572211265563965,6.0
38,154,-21.288311004638672,204.80899047851562,620.0
38,155,-22.321699142456055,265.1842346191406,72.0
38,156,-12.37889289855957,61.9481315612793,63.0
38,157,-13.924049377441406,103.68421173095703,190.0
38,158,-4.877058982849121,3.3846981525421143,3.0
38,159,-11.915549278259277,386.74853515625,832.0
38,160,-9.471445083618164,23.50347900390625,21.0
38,161,-13.970500946044922,10.261682510375977,41.0
38,162,-14.751505851745605,5.150306701660156,42.0
38,163,-5.515238285064697,6.286552429199219,6.0
38,164,-8.82430648803711,18.943021774291992,8.0
38,165,-17.668025970458984,19.00440788269043,39.0
38,166,-15.801937103271484,2.050881862640381,8.0
38,167,-15.791224479675293,9.54377555847168,17.0
38,168,-3.859300374984741,2.163787364959717,3.0
38,169,-10.035799980163574,12.292016983032227,13.0
38,170,-22.037078857421875,39.36379623413086,54.0
38,171,-18.45288848876953,40.067989349365234,116.0
38,172,-12.300619125366211,7.768702507019043,11.0
38,173,-12.457894325256348,12.080333709716797,457.0
38,174,-16.246665954589844,10.185367584228516,13.0
38,175,-24.75741958618164,141.38458251953125,194.0
38,176,-14.96794319152832,12.117579460144043,21.0
38,177,-15.190834045410156,2.443859338760376,8.0
38,178,-25.060569763183594,5.315911769866943,18.0
38,179,-14.79953384399414,1635.6031494140625,6204.0
38,180,-13.905130386352539,32.33928298950195,22.0
38,181,-14.224939346313477,114.62275695800781,314.0
38,182,-16.99367904663086,69.99472045898438,58.0
38,183,-13.38841724395752,28.420318603515625,17.0
38,184,-38.243125915527344,235.87538146972656,976.0
38,185,-12.206157684326172,5.7186737060546875,30.0
38,186,-5.637908935546875,3.088179588317871,11.0
38,187,-12.118875503540039,428.1346435546875,972.0
38,188,-14.071643829345703,108.912841796875,2579.0
38,189,-7.5305280685424805,12.307095527648926,20.0
38,190,-25.39784812927246,23.92038345336914,33.0
38,191,-12.487186431884766,12.151313781738281,1619.0
38,192,-14.131200790405273,10.540237426757812,18.0
38,193,-13.219003677368164,27.241756439208984,29.0
38,194,-16.765724182128906,4371.5029296875,467.0
38,195,-5.6378021240234375,4.093705177307129,12.0
38,196,-22.477548599243164,275.7203369140625,14297.0
38,197,-11.879178047180176,19.4879150390625,1730.0
38,198,-10.908535957336426,2.976813793182373,71.0
38,199,-11.745264053344727,10.475643157958984,49.0
38,200,-18.012130737304688,3.9970176219940186,112.0
38,201,-10.360819816589355,177.7556610107422,372.0
38,202,-7.361964702606201,39.685359954833984,61.0
38,203,-33.057342529296875,27.268552780151367,1111.0
38,204,-7.620944023132324,6.720993518829346,6.0
38,205,-15.704910278320312,23.126569747924805,572.0
38,206,-5.400129795074463,3.857550859451294,14.0
38,207,-11.578072547912598,18.07478904724121,995.0
38,208,-13.784294128417969,98.96485137939453,2572.0
38,209,-26.5743350982666,27.709959030151367,5375.0
38,210,-3.431349992752075,1.986292839050293,2.0
38,211,-10.64406967163086,34.74456787109375,246.0
38,212,-9.155706405639648,9.864343643188477,7.0
38,213,-16.253583908081055,225.39659118652344,2238.0
38,214,-6.95603084564209,5.691693305969238,25.0
38,215,-33.91027069091797,16.875385284423828,77.0
38,216,-7.098039627075195,5.897390365600586,5.0
38,217,-18.7071475982666,510.66607666015625,753.0
38,218,-10.584992408752441,14.101033210754395,10.0
38,219,-13.894330978393555,32.25209045410156,286.0
38,220,-13.87643814086914,102.05166625976562,3222.0
38,221,-5.549320697784424,3.0339460372924805,3.0
38,222,-23.261959075927734,27.74725914001465,211.0
38,223,-3.8108067512512207,3.561810255050659,2.0
38,224,-1.788158893585205,2.4450840950012207,1.0
38,225,-16.298906326293945,10.261665344238281,169.0
38,226,-11.138866424560547,40.974727630615234,415.0
38,227,-14.656782150268555,39.02472686767578,261.0
38,228,-13.53676986694336,6.9159088134765625,150.0
38,229,-20.624818801879883,5.577467441558838,62.0
38,230,-22.244373321533203,9.248276710510254,317.0
38,231,-6.428430557250977,2.91947865486145,3.0
38,232,-1.0565013885498047,1.422146201133728,1.0
38,233,-11.193129539489746,41.72260665893555,151.0
38,234,-13.975476264953613,32.91304397583008,45.0
38,235,-17.24277114868164,74.49208068847656,259.0
38,236,-12.815967559814453,71.6640625,35.0
38,237,-15.497074127197266,22.184965133666992,920.0
38,238,-34.798309326171875,18.171586990356445,5418.0
38,239,-8.270496368408203,3.9686105251312256,7.0
38,240,-17.889087677001953,19.71765899658203,1681.0
38,241,-7.7646355628967285,13.305956840515137,58.0
38,242,-38.01271057128906,228.23757934570312,1655.0
38,243,-14.989788055419922,8.511330604553223,28.0
38,244,-7.359066009521484,11.623419761657715,10.0
38,245,-11.473807334899902,9.92206859588623,25.0
38,246,-7.196374416351318,6.044166564941406,7.0
38,247,-21.185867309570312,34.15735626220703,136.0
38,248,-10.60955810546875,4.552384376525879,3.0
38,249,-14.750215530395508,19.106779098510742,172.0
38,250,-30.753040313720703,46.718021392822266,1883.0
38,251,-21.07904815673828,67.74900817871094,241.0
38,252,-24.515378952026367,21.42208480834961,63.0
38,253,-30.51342010498047,447.05609130859375,717.0
38,254,-13.485513687133789,9.464855194091797,8.0
38,255,-17.75468635559082,12.633902549743652,47.0
38,256,-16.250804901123047,58.13112258911133,205.0
38,257,-18.697633743286133,107.16915893554688,686.0
38,258,-5.882494926452637,3.2430007457733154,2.0
38,259,-11.376016616821289,9.72989559173584,238.0
38,260,-8.431428909301758,16.61783218383789,16.0
38,261,-25.2880859375,8.226334571838379,438.0
38,262,-13.406976699829102,87.26873779296875,101.0
38,263,-15.826709747314453,23.69684410095215,10.0
38,264,-7.910294055938721,13.967941284179688,32.0
38,265,-9.374520301818848,22.756256103515625,128.0
38,266,-10.221138954162598,30.175981521606445,388.0
38,267,-12.247939109802246,21.36992835998535,88.0
38,268,-21.843929290771484,38.11678695678711,72.0
38,269,-2.1495258808135986,1.537111759185791,1.0
38,270,-3.225132465362549,1.906037449836731,1.0
38,271,-15.661121368408203,13.601592063903809,56.0
38,272,-7.14608907699585,10.82685661315918,6.0
38,273,-8.622408866882324,8.633088111877441,15.0
38,274,-8.555875778198242,8.490678787231445,27.0
38,275,-6.1776323318481445,4.685197353363037,10.0
38,276,-14.379154205322266,7.800321102142334,10.0
38,277,-18.60820960998535,104.79985809326172,506.0
38,278,-17.92599105834961,12.946893692016602,128.0
38,279,-10.167811393737793,7.6412577629089355,184.0
38,280,-16.911874771118164,8.281170845031738,33.0
38,281,-12.111300468444824,56.66180419921875,38.0
38,282,-7.1244120597839355,10.748906135559082,10.0
38,283,-13.670076370239258,95.267822265625,1155.0
38,284,-11.71012020111084,10.402270317077637,183.0
38,285,-23.86687469482422,8.7557954788208,7.0
38,286,-25.858074188232422,10.493268966674805,13.0
38,287,-2.521029472351074,3.5272364616394043,4.0
38,288,-12.368429183959961,11.866101264953613,712.0
38,289,-32.449729919433594,25.6610164642334,132.0
38,290,-17.950210571289062,88.90359497070312,96.0
38,291,-6.401806354522705,4.955269813537598,10.0
38,292,-8.828421592712402,9.08936882019043,14.0
38,293,-1.2810721397399902,1.3774968385696411,1.0
38,294,-18.149919509887695,93.45498657226562,51.0
38,295,-6.276432514190674,23.062692642211914,35.0
38,296,-29.531652450561523,26.610204696655273,206.0
38,297,-21.12167739868164,20.43772315979004,67.0
38,298,-17.562334060668945,33.5308837890625,6439.0
38,299,-18.788837432861328,12021.1005859375,364.0
38,300,-24.811872482299805,244247.234375,4906.0
38,301,-23.602169036865234,13.769599914550781,548.0
38,302,-9.014871597290039,9.523076057434082,8.0
38,303,-13.820611000061035,15.865108489990234,1296.0
40,0,-22.100597381591797,39.7827262878418,119.0
40,1,-2.790618896484375,2.009035587310791,1.0
40,2,-8.956912994384766,19.799123764038086,4.0
40,3,-8.950157165527344,19.754589080810547,126.0
40,4,-18.7690372467041,14.603936195373535,125.0
40,5,-29.570064544677734,26.72402000427246,117.0
40,6,-37.90217971801758,67.44775390625,1757.0
40,7,-13.892500877380371,7.276449680328369,184.0
40,8,-5.331902503967285,5.913872718811035,5.0
40,9,-12.27952766418457,11.656983375549316,20.0
40,10,-22.025230407714844,246.240234375,1531.0
40,11,-8.065217971801758,5.018060684204102,7.0
40,12,-9.345746994018555,10.344311714172363,8.0
40,13,-8.555277824401855,3.3945884704589844,10.0
40,14,-20.08349609375,807.9486694335938,276.0
40,15,-6.959725379943848,2.386828899383545,14.0
40,16,-7.604576587677002,6.693548679351807,21.0
40,17,-17.079105377197266,296.7930603027344,114.0
40,18,-20.720794677734375,31583.728515625,1717.0
40,19,-18.21285057067871,13.488475799560547,26.0
40,20,-13.855855941772461,15.977334022521973,28.0
40,21,-12.580251693725586,66.248779296875,29.0
40,22,-10.969735145568848,8.970550537109375,16.0
40,23,-4.161416053771973,1.812103033065796,2.0
40,24,-6.964822769165039,10.192045211791992,6.0
40,25,-3.8900675773620605,3.65716814994812,5.0
40,26,-3.857442617416382,2.623110055923462,3.0
40,27,-8.449394226074219,5.418823719024658,39.0
40,28,-10.066694259643555,3.5195627212524414,40.0
40,29,-19.90193748474121,17.16948890686035,36.0
40,30,-5.582488059997559,3.054138660430908,6.0
40,31,-10.124860763549805,29.22292709350586,33.0
40,32,-10.415517807006836,13.516071319580078,125.0
40,33,-13.191487312316895,5.201442241668701,36.0
40,34,-10.36816692352295,31.69172477722168,106.0
40,35,-6.751718521118164,9.493172645568848,20.0
40,36,-17.294681549072266,318.9052429199219,358.0
40,37,-23.77972984313965,10.783024787902832,206.0
40,38,-43.99504852294922,54.573577880859375,14681.0
40,39,-11.089500427246094,40.30598831176758,58.0
40,40,-10.04439640045166,28.44954490661621,19.0
40,41,-8.658836364746094,8.712067604064941,11.0
40,42,-10.201629638671875,164.15560913085938,197.0
40,43,-39.340110778808594,703.9342651367188,1868.0
40,44,-3.745574474334717,6.506406784057617,2.0
40,45,-10.477794647216797,5.7333455085754395,10.0
40,46,-12.021997451782227,54.99995422363281,96.0
40,47,-5.785987854003906,4.248207092285156,11.0
40,48,-22.102859497070312,251.0657501220703,3639.0
40,49,-16.227672576904297,6.068277359008789,29.0
40,50,-14.037409782409668,107.67708587646484,1419.0
40,51,-13.076393127441406,78.16309356689453,105.0
40,52,-9.361870765686035,6.503719329833984,50.0
40,53,-5.932412147521973,7.224447727203369,4.0
40,54,-31.91671371459961,204.27197265625,8820.0
40,55,-19.850387573242188,27.341291427612305,19.0
40,56,-6.659151077270508,9.204726219177246,14.0
40,57,-6.371854782104492,4.918303966522217,3.0
40,58,-9.217998504638672,10.019163131713867,11.0
40,59,-24.94802474975586,35.304256439208984,206.0
40,60,-9.808623313903809,11.613356590270996,35.0
40,61,-11.60653305053711,47.88700866699219,26.0
40,62,-23.68505859375,372.88299560546875,304.0
40,63,-10.733757019042969,4.633877277374268,14.0
40,64,-8.294275283813477,5.253293037414551,13.0
40,65,-5.169659614562988,5.6025390625,3.0
40,66,-16.471561431884766,15.56866455078125,8.0
40,67,-6.830750465393066,3.920229196548462,3.0
40,68,-15.488743782043457,6.931615829467773,44.0
40,69,-9.151805877685547,21.12805938720703,14.0
40,70,-5.616377830505371,4.071837902069092,4.0
40,71,-11.663071632385254,2.0728862285614014,123.0
40,72,-14.547080039978027,37.968997955322266,24.0
40,73,-13.562382698059082,29.68362808227539,19.0
40,74,-14.679508209228516,133.37562561035156,318.0
40,75,-9.033208847045898,2.122866630554199,5.0
40,76,-7.168086051940918,4.193841934204102,11.0
40,77,-13.977835655212402,16.371910095214844,48.0
40,78,-7.955534934997559,3.765657663345337,3.0
40,79,-14.10175895690918,4.096675872802734,89.0
40,80,-7.104620933532715,4.140945911407471,25.0
40,81,-10.060538291931152,3.516855478286743,54.0
40,82,-5.337215423583984,2.9079346656799316,4.0
40,83,-21.704631805419922,7.1932878494262695,280.0
40,84,-8.314985275268555,15.985175132751465,67.0
40,85,-4.08797550201416,7.721338748931885,3.0
40,86,-5.012020111083984,5.315745830535889,4.0
40,87,-32.384002685546875,57.28279495239258,277.0
40,88,-14.288208961486816,5.965698719024658,72.0
40,89,-16.347198486328125,26.296600341796875,83.0
40,90,-13.637007713317871,15.293096542358398,258.0
40,91,-15.766321182250977,13.84217643737793,12.0
40,92,-5.075260639190674,5.428991794586182,3.0
40,93,-7.56003475189209,4.535824775695801,7.0
40,94,-7.140571594238281,4.1708269119262695,18.0
40,95,-16.779338836669922,5.3544816970825195,249.0
40,96,-11.159225463867188,41.25374221801758,25.0
40,97,-4.572542667388916,4.591381072998047,6.0
40,98,-18.247379302978516,5.253280162811279,27.0
40,99,-16.260761260986328,7.633871555328369,159.0
40,100,-14.374004364013672,7.794583797454834,60.0
40,101,-25.549509048461914,10.203008651733398,272.0
40,102,-19.05225944519043,117.10429382324219,76.0
40,103,-8.704721450805664,18.20277214050293,181.0
40,104,-20.363969802856445,887.1287841796875,17569.0
40,105,-34.654693603515625,31.991472244262695,93.0
40,106,-31.147212982177734,85.59284210205078,566.0
40,107,-10.185163497924805,29.816280364990234,41.0
40,108,-17.652618408203125,34.141845703125,48.0
40,109,-4.918577671051025,5.152726173400879,2.0
40,110,-23.226879119873047,332.5265808105469,4646.0
40,111,-8.280838012695312,3.975456953048706,15.0
40,112,-11.28610610961914,9.556496620178223,19.0
40,113,-9.665146827697754,11.204176902770996,9.0
40,114,-5.984299659729004,4.464132308959961,7.0
40,115,-16.009838104248047,14.415533065795898,76.0
40,116,-11.674392700195312,6.998754024505615,6.0
40,117,-4.473663330078125,1.89476478099823,3.0
40,118,-14.113615036010742,2.1904120445251465,9.0
40,119,-4.383436679840088,1.7296682596206665,4.0
40,120,-6.931755065917969,10.080320358276367,9.0
40,121,-11.96371841430664,7.344510555267334,12.0
40,122,-20.092464447021484,6.212651252746582,28.0
40,123,-6.219364643096924,4.734334468841553,2.0
40,124,-15.160401344299316,12.512568473815918,14.0
40,125,-13.740507125854492,31.03534698486328,120.0
40,126,-13.773551940917969,98.61112976074219,1171.0
40,127,-9.151613235473633,21.1267032623291,11.0
40,128,-10.100194931030273,5.383646011352539,13.0
40,129,-20.579055786132812,18.913293838500977,58.0
40,130,-14.21999740600586,1224.14599609375,1719.0
40,131,-13.244678497314453,5.236141204833984,87.0
40,132,-26.39203643798828,81.34281921386719,104.0
40,133,-15.622857093811035,13.515128135681152,31.0
40,134,-18.701662063598633,509.7330627441406,137.0
40,135,-9.522804260253906,116.90973663330078,16.0
40,136,-1.4528512954711914,1.6230121850967407,1.0
40,137,-5.891129493713379,4.361352920532227,2.0
40,138,-8.097103118896484,3.8555636405944824,2.0
40,139,-16.21260643005371,10.135930061340332,22.0
40,140,-18.507957458496094,40.5117301940918,29.0
40,141,-13.205702781677246,14.029193878173828,70.0
40,142,-5.664559364318848,4.121181488037109,1.0
40,143,-8.373310089111328,16.298992156982422,69.0
40,144,-9.424637794494629,23.13961410522461,85.0
40,145,-7.986842155456543,7.364790439605713,7.0
40,146,-5.1324357986450195,13.016501426696777,4.0
40,147,-6.940378189086914,2.69522762298584,5.0
40,148,-1.3780514001846313,1.5830453634262085,1.0
40,149,-30.26178741455078,425.1141357421875,541.0
40,150,-9.25168228149414,21.84329605102539,8.0
40,151,-14.089117050170898,16.740373611450195,15.0
40,152,-9.566617965698242,24.26106071472168,21.0
40,153,-9.63538932800293,6.869408130645752,6.0
40,154,-21.41876983642578,211.59889221191406,614.0
40,155,-22.535743713378906,279.7610778808594,74.0
40,156,-12.431659698486328,63.047386169433594,53.0
40,157,-14.159603118896484,112.1534194946289,192.0
40,158,-4.543334007263184,3.113767623901367,3.0
40,159,-11.780401229858398,361.477783203125,761.0
40,160,-9.441596031188965,23.27078628540039,21.0
40,161,-14.088113784790039,10.46481704711914,41.0
40,162,-14.555710792541504,5.039471626281738,41.0
40,163,-5.46085262298584,6.17361307144165,5.0
40,164,-8.850166320800781,19.107011795043945,8.0
40,165,-17.45403480529785,18.338560104370117,36.0
40,166,-16.176166534423828,2.086066722869873,8.0
40,167,-15.879998207092285,9.665579795837402,15.0
40,168,-3.7065892219543457,2.0986995697021484,2.0
40,169,-10.260801315307617,13.003263473510742,12.0
40,170,-22.325992584228516,41.30562973022461,55.0
40,171,-18.60497283935547,41.30545425415039,102.0
40,172,-11.926438331604004,7.299016952514648,9.0
40,173,-12.832596778869629,13.020424842834473,486.0
40,174,-16.926860809326172,11.224771499633789,15.0
40,175,-25.16529083251953,153.40142822265625,196.0
40,176,-14.83979320526123,11.86151123046875,24.0
40,177,-15.07343578338623,2.4270408153533936,7.0
40,178,-25.658205032348633,5.531986713409424,21.0
40,179,-14.779417037963867,1619.2340087890625,6039.0
40,180,-14.047395706176758,33.510169982910156,25.0
40,181,-14.221041679382324,114.47396850585938,308.0
40,182,-17.175708770751953,73.25358581542969,62.0
40,183,-13.544137001037598,29.54853630065918,17.0
40,184,-38.664791107177734,250.52069091796875,948.0
40,185,-12.650609970092773,6.093545436859131,33.0
40,186,-5.444885730743408,2.971233367919922,9.0
40,187,-12.316742897033691,472.6576843261719,1038.0
40,188,-13.845545768737793,101.0062026977539,2350.0
40,189,-8.02288818359375,14.5021390914917,24.0
40,190,-25.256282806396484,23.500822067260742,33.0
40,191,-12.63227367401123,12.509078979492188,1677.0
40,192,-14.327327728271484,10.89046859741211,18.0
40,193,-13.423131942749023,28.668041229248047,29.0
40,194,-17.019840240478516,4963.7666015625,485.0
40,195,-5.523651123046875,3.9785315990448,10.0
40,196,-22.44247055053711,273.31298828125,13829.0
40,197,-11.956381797790527,19.867704391479492,1804.0
40,198,-10.699584007263184,2.9152584075927734,69.0
40,199,-11.278482437133789,9.541936874389648,39.0
40,200,-17.688735961914062,3.8988120555877686,88.0
40,201,-10.43164348602295,184.16310119628906,376.0
40,202,-7.259781360626221,37.70869445800781,53.0
40,203,-33.18413543701172,27.61650276184082,1018.0
40,204,-7.237335205078125,6.106378078460693,6.0
40,205,-15.693082809448242,23.07192611694336,538.0
40,206,-5.481147289276123,3.9364795684814453,18.0
40,207,-11.570008277893066,18.03838539123535,977.0
40,208,-13.958271026611328,104.87374877929688,2725.0
40,209,-26.800857543945312,28.50579071044922,5675.0
40,210,-3.4319000244140625,1.9865113496780396,2.0
40,211,-10.91053295135498,37.971824645996094,274.0
40,212,-9.319408416748047,10.276421546936035,9.0
40,213,-16.287506103515625,227.95965576171875,2256.0
40,214,-7.120640754699707,5.9308061599731445,29.0
40,215,-34.78065490722656,18.14487075805664,79.0
40,216,-7.08847188949585,5.883301258087158,5.0
40,217,-19.014646530151367,565.78564453125,833.0
40,218,-10.568195343017578,14.04194450378418,9.0
40,219,-14.022102355957031,33.2989387512207,245.0
40,220,-13.57352066040039,92.25044250488281,2574.0
40,221,-5.365084648132324,2.9241881370544434,3.0
40,222,-23.283842086791992,27.834136962890625,207.0
40,223,-3.7633004188537598,3.505851984024048,2.0
40,224,-1.7708384990692139,2.4240005016326904,1.0
40,225,-16.579116821289062,10.68077278137207,143.0
40,226,-10.941681861877441,38.368133544921875,389.0
40,227,-14.39297103881836,36.53398132324219,278.0
40,228,-13.448053359985352,6.828810214996338,153.0
40,229,-20.262784957885742,5.411711692810059,63.0
40,230,-22.211341857910156,9.217780113220215,268.0
40,231,-6.464500904083252,2.937082529067993,3.0
40,232,-0.9911730885505676,1.391512155532837,1.0
40,233,-11.253562927246094,42.57160949707031,145.0
40,234,-14.240450859069824,35.16716003417969,45.0
40,235,-17.274871826171875,75.09229278564453,250.0
40,236,-13.015491485595703,76.59234619140625,36.0
40,237,-15.017838478088379,20.157323837280273,906.0
40,238,-34.892578125,18.314897537231445,4626.0
40,239,-8.07699966430664,3.8426666259765625,9.0
40,240,-17.659168243408203,18.97637176513672,1501.0
40,241,-7.813259124755859,13.523375511169434,61.0
40,242,-38.41246032714844,241.6510009765625,1739.0
40,243,-14.631993293762207,8.087218284606934,26.0
40,244,-7.406512260437012,11.808712005615234,10.0
40,245,-10.842931747436523,8.74591064453125,16.0
40,246,-7.197972774505615,6.046582221984863,7.0
40,247,-21.265748977661133,34.615150451660156,125.0
40,248,-10.22537899017334,4.309269905090332,3.0
40,249,-14.365776062011719,17.692752838134766,139.0
40,250,-30.58190155029297,45.72923278808594,1877.0
40,251,-21.200824737548828,69.4192886352539,246.0
40,252,-24.310829162597656,20.88129234313965,65.0
40,253,-31.57056999206543,552.3125610351562,880.0
40,254,-13.600995063781738,9.64879035949707,9.0
40,255,-17.9071044921875,12.912007331848145,49.0
40,256,-16.57229232788086,62.996116638183594,251.0
40,257,-19.535480499267578,132.14108276367188,642.0
40,258,-5.779519557952881,3.176893949508667,2.0
40,259,-11.473313331604004,9.921089172363281,242.0
40,260,-8.614315032958984,17.662403106689453,17.0
40,261,-24.866710662841797,7.942481994628906,393.0
40,262,-13.560670852661133,91.85614013671875,108.0
40,263,-16.187381744384766,25.469364166259766,12.0
40,264,-7.8986663818359375,13.913907051086426,31.0
40,265,-8.610984802246094,17.642807006835938,71.0
40,266,-10.087774276733398,28.863893508911133,309.0
40,267,-12.299507141113281,21.647214889526367,87.0
40,268,-22.175811767578125,40.284576416015625,82.0
40,269,-2.0162410736083984,1.496678352355957,1.0
40,270,-3.1920926570892334,1.893484115600586,1.0
40,271,-15.543642044067383,13.33786392211914,55.0
40,272,-7.140460014343262,10.806561470031738,6.0
40,273,-8.9783935546875,9.436624526977539,15.0
40,274,-8.354134559631348,8.073068618774414,25.0
40,275,-6.898457050323486,5.61035680770874,21.0
40,276,-14.26621150970459,7.675475120544434,10.0
40,277,-18.57736587524414,103.99486541748047,516.0
40,278,-17.823230743408203,12.758219718933105,130.0
40,279,-10.05085563659668,7.464595317840576,193.0
40,280,-17.17184066772461,8.554694175720215,40.0
40,281,-12.644339561462402,67.67926788330078,48.0
40,282,-7.026385307312012,10.403356552124023,7.0
40,283,-13.64838695526123,94.58154296875,1159.0
40,284,-11.15867805480957,9.316021919250488,165.0
40,285,-22.975753784179688,8.074451446533203,7.0
40,286,-24.881690979003906,9.602005004882812,13.0
40,287,-2.346935272216797,3.233184576034546,3.0
40,288,-12.543420791625977,12.288749694824219,731.0
40,289,-32.7808952331543,26.525049209594727,158.0
40,290,-18.136863708496094,93.15045166015625,75.0
40,291,-6.271894454956055,4.796917915344238,9.0
40,292,-8.92513656616211,9.311817169189453,13.0
40,293,-1.0688072443008423,1.3063039779663086,1.0
40,294,-18.68858528137207,106.927001953125,61.0
40,295,-6.3208160400390625,23.580217361450195,36.0
40,296,-29.458406448364258,26.394514083862305,213.0
40,297,-21.01779556274414,20.13666534423828,68.0
40,298,-17.551061630249023,33.45537185668945,6688.0
40,299,-18.840486526489258,12335.5830078125,362.0
40,300,-25.20354461669922,297084.625,5040.0
40,301,-23.520851135253906,13.645746231079102,541.0
40,302,-9.214795112609863,10.01114273071289,10.0
40,303,-14.309417724609375,17.494449615478516,1379.0
42,0,-22.09581756591797,39.75104904174805,130.0
42,1,-2.702932357788086,1.9654732942581177,1.0
42,2,-9.157251358032227,21.16644287109375,4.0
42,3,-8.604126930236816,17.602521896362305,104.0
42,4,-18.838632583618164,14.749853134155273,128.0
42,5,-29.597816467285156,26.806549072265625,123.0
42,6,-37.85146713256836,67.06877136230469,1902.0
42,7,-13.640766143798828,7.0194220542907715,165.0
42,8,-5.3610992431640625,5.97170877456665,5.0
42,9,-12.009054183959961,11.043156623840332,19.0
42,10,-22.21810531616211,258.404541015625,1669.0
42,11,-7.866139888763428,4.8221893310546875,7.0
42,12,-9.394964218139648,10.472376823425293,6.0
42,13,-8.30681324005127,3.2762110233306885,10.0
42,14,-20.616683959960938,965.0965576171875,308.0
42,15,-6.698878765106201,2.3102595806121826,13.0
42,16,-7.71195650100708,6.875670433044434,24.0
42,17,-17.785356521606445,375.5727233886719,142.0
42,18,-20.65066146850586,30495.388671875,1610.0
42,19,-18.254316329956055,13.56861686706543,29.0
42,20,-13.77560043334961,15.722928047180176,31.0
42,21,-12.572189331054688,66.07098388671875,29.0
42,22,-11.09589958190918,9.199783325195312,17.0
42,23,-4.054113864898682,1.7845371961593628,2.0
42,24,-6.961000442504883,10.179068565368652,6.0
42,25,-3.883816719055176,3.6495563983917236,5.0
42,26,-3.87385630607605,2.6338961124420166,3.0
42,27,-8.33928394317627,5.300795078277588,37.0
42,28,-9.547091484069824,3.298231601715088,33.0
42,29,-20.090595245361328,17.638517379760742,37.0
42,30,-5.35882568359375,2.920530319213867,6.0
42,31,-10.219181060791016,30.15629768371582,31.0
42,32,-10.281512260437012,13.070764541625977,115.0
42,33,-13.459907531738281,5.37892484664917,38.0
42,34,-10.339441299438477,31.389720916748047,105.0
42,35,-6.713451862335205,9.37285041809082,18.0
42,36,-17.586837768554688,351.5245056152344,356.0
42,37,-23.63564682006836,10.628772735595703,205.0
42,38,-44.22697448730469,55.73644256591797,14911.0
42,39,-11.110913276672363,40.5947151184082,58.0
42,40,-9.950350761413574,27.5715274810791,17.0
42,41,-8.60903263092041,8.604266166687012,11.0
42,42,-10.223440170288086,165.95556640625,197.0
42,43,-39.50970458984375,724.1155395507812,1789.0
42,44,-3.7190375328063965,6.420646667480469,2.0
42,45,-10.409688949584961,5.668633937835693,11.0
42,46,-12.249191284179688,59.32694625854492,98.0
42,47,-5.7040839195251465,4.162105083465576,10.0
42,48,-21.630624771118164,223.10806274414062,3576.0
42,49,-16.10763931274414,5.987881660461426,27.0
42,50,-13.979324340820312,105.61229705810547,1384.0
42,51,-13.072185516357422,78.05355072021484,112.0
42,52,-9.340188980102539,6.4755778312683105,54.0
42,53,-6.093455791473389,7.622862815856934,4.0
42,54,-31.941186904907227,205.10687255859375,8805.0
42,55,-19.8643798828125,27.40512466430664,20.0
42,56,-6.567904472351074,8.928974151611328,14.0
42,57,-6.212510108947754,4.7262282371521,3.0
42,58,-8.960834503173828,9.39529037475586,11.0
42,59,-25.160533905029297,36.39247512817383,226.0
42,60,-9.836726188659668,11.695236206054688,34.0
42,61,-11.764863967895508,50.48222732543945,26.0
42,62,-24.114233016967773,415.11614990234375,289.0
42,63,-10.87054443359375,4.72531795501709,13.0
42,64,-8.544142723083496,5.522488594055176,13.0
42,65,-5.069141387939453,5.4179301261901855,3.0
42,66,-16.346050262451172,15.246373176574707,9.0
42,67,-6.794504165649414,3.8919126987457275,3.0
42,68,-15.994535446166992,7.3840107917785645,51.0
42,69,-9.310333251953125,22.274539947509766,14.0
42,70,-5.601883888244629,4.05711030960083,3.0
42,71,-11.097466468811035,2.000889301300049,117.0
42,72,-14.727106094360352,39.71689224243164,23.0
42,73,-13.50973892211914,29.29552459716797,19.0
42,74,-14.847318649291992,141.048828125,325.0
42,75,-8.90383529663086,2.100102663040161,5.0
42,76,-7.175591945648193,4.2001423835754395,11.0
42,77,-14.139813423156738,16.910972595214844,53.0
42,78,-7.77897834777832,3.656463384628296,2.0
42,79,-13.923203468322754,4.024177074432373,95.0
42,80,-7.02653169631958,4.076775550842285,25.0
42,81,-10.070982933044434,3.5214500427246094,54.0
42,82,-5.421067237854004,2.957113265991211,4.0
42,83,-21.75821304321289,7.22841215133667,292.0
42,84,-8.586845397949219,17.501415252685547,75.0
42,85,-4.05672550201416,7.601630210876465,3.0
42,86,-4.833883762359619,5.0092926025390625,4.0
42,87,-32.63130187988281,59.08119583129883,288.0
42,88,-14.421215057373047,6.065711498260498,82.0
42,89,-16.18934440612793,25.47936248779297,66.0
42,90,-13.335415840148926,14.397912979125977,240.0
42,91,-15.849512100219727,14.035436630249023,13.0
42,92,-4.905672073364258,5.130606651306152,3.0
42,93,-7.212249755859375,4.231049060821533,6.0
42,94,-7.247554779052734,4.261030197143555,21.0
42,95,-17.016525268554688,5.483000755310059,287.0
42,96,-11.23954963684082,42.37321472167969,27.0
42,97,-4.5515546798706055,4.5593719482421875,7.0
42,98,-18.33806800842285,5.296769142150879,26.0
42,99,-16.19768524169922,7.573919296264648,146.0
42,100,-14.436058044433594,7.863989353179932,62.0
42,101,-25.776681900024414,10.415912628173828,271.0
42,102,-19.303224563598633,124.68694305419922,82.0
42,103,-8.767085075378418,18.585126876831055,182.0
42,104,-20.2696533203125,859.6723022460938,17843.0
42,105,-34.903568267822266,32.79765319824219,91.0
42,106,-30.789020538330078,81.32319641113281,566.0
42,107,-10.479413032531738,32.88897705078125,45.0
42,108,-17.387771606445312,32.38043212890625,47.0
42,109,-4.929272651672363,5.171128273010254,2.0
42,110,-23.939489364624023,397.3717956542969,5059.0
42,111,-8.027551651000977,3.8111283779144287,14.0
42,112,-11.307188987731934,9.596878051757812,19.0
42,113,-9.672645568847656,11.225201606750488,12.0
42,114,-5.857149600982666,4.324460506439209,7.0
42,115,-15.867196083068848,14.076866149902344,63.0
42,116,-11.523970603942871,6.825473785400391,6.0
42,117,-4.6883063316345215,1.9537644386291504,3.0
42,118,-13.974778175354004,2.173582077026367,9.0
42,119,-4.108117580413818,1.671154499053955,3.0
42,120,-7.188605308532715,10.981388092041016,10.0
42,121,-12.126970291137695,7.547088623046875,13.0
42,122,-20.124004364013672,6.230489730834961,26.0
42,123,-6.037624835968018,4.524043560028076,2.0
42,124,-15.267435073852539,12.73778247833252,16.0
42,125,-13.622560501098633,30.13357925415039,113.0
42,126,-13.767680168151855,98.41829681396484,1182.0
42,127,-9.115196228027344,20.871795654296875,10.0
42,128,-10.09483528137207,5.378839492797852,14.0
42,129,-20.46439552307129,18.606016159057617,58.0
42,130,-14.36598014831543,1316.83984375,1691.0
42,131,-13.005970001220703,5.082210063934326,82.0
42,132,-26.47195816040039,82.43359375,95.0
42,133,-15.542381286621094,13.335062980651855,31.0
42,134,-19.019662857055664,566.732666015625,136.0
42,135,-9.497742652893066,115.45391082763672,16.0
42,136,-1.3748213052749634,1.5813418626785278,1.0
42,137,-5.8545732498168945,4.321676254272461,2.0
42,138,-7.805605888366699,3.672726631164551,2.0
42,139,-16.002422332763672,9.83611011505127,20.0
42,140,-18.267391204833984,38.60871887207031,31.0
42,141,-13.128101348876953,13.813140869140625,72.0
42,142,-5.472979545593262,3.9284496307373047,1.0
42,143,-8.345977783203125,16.151172637939453,63.0
42,144,-9.465326309204102,23.45558738708496,85.0
42,145,-7.866069793701172,7.145748138427734,6.0
42,146,-5.3110551834106445,14.23249340057373,4.0
42,147,-6.6998090744018555,2.6041741371154785,4.0
42,148,-1.2941511869430542,1.5393861532211304,1.0
42,149,-30.138181686401367,414.7336730957031,537.0
42,150,-8.929670333862305,19.62014389038086,8.0
42,151,-14.005884170532227,16.46401023864746,15.0
42,152,-9.56129264831543,24.218034744262695,21.0
42,153,-9.415216445922852,6.573479652404785,5.0
42,154,-21.583438873291016,220.4916229248047,605.0
42,155,-22.646404266357422,287.6087646484375,74.0
42,156,-12.436286926269531,63.144710540771484,45.0
42,157,-14.399727821350098,121.49937438964844,187.0
42,158,-4.3068695068359375,2.9350290298461914,3.0
42,159,-11.732004165649414,352.8355712890625,691.0
42,160,-9.345586776733398,22.537837982177734,18.0
42,161,-14.087383270263672,10.463544845581055,40.0
42,162,-14.453309059143066,4.982457160949707,40.0
42,163,-5.489078521728516,6.2319722175598145,6.0
42,164,-8.843290328979492,19.063270568847656,9.0
42,165,-17.373262405395508,18.093338012695312,37.0
42,166,-16.42662811279297,2.1099514961242676,8.0
42,167,-16.0596923828125,9.916913032531738,15.0
42,168,-3.580089569091797,2.0462687015533447,2.0
42,169,-10.459383964538574,13.665111541748047,12.0
42,170,-22.662158966064453,43.68594741821289,57.0
42,171,-18.584243774414062,41.13456726074219,89.0
42,172,-11.586933135986328,6.8974761962890625,8.0
42,173,-13.1466646194458,13.864520072937012,521.0
42,174,-17.372512817382812,11.962628364562988,18.0
42,175,-25.452442169189453,162.4691925048828,195.0
42,176,-14.72289752960205,11.632655143737793,22.0
42,177,-14.93256950378418,2.407012701034546,7.0
42,178,-26.060836791992188,5.682487964630127,21.0
42,179,-14.828262329101562,1659.2669677734375,6060.0
42,180,-14.010906219482422,33.205867767333984,25.0
42,181,-14.167925834655762,112.4649887084961,292.0
42,182,-17.277629852294922,75.14408874511719,65.0
42,183,-13.623300552368164,30.1391544342041,17.0
42,184,-38.99098205566406,262.470947265625,971.0
42,185,-12.950067520141602,6.359881401062012,33.0
42,186,-5.276924133300781,2.8730809688568115,9.0
42,187,-12.509269714355469,520.4193115234375,1103.0
42,188,-13.744709014892578,97.66757202148438,2276.0
42,189,-8.331506729125977,16.073453903198242,28.0
42,190,-25.104267120361328,23.058475494384766,30.0
42,191,-12.700400352478027,12.680686950683594,1674.0
42,192,-14.497102737426758,11.203023910522461,18.0
42,193,-13.505624771118164,29.26540756225586,30.0
42,194,-17.06955909729004,5088.70947265625,478.0
42,195,-5.475470066070557,3.930896282196045,10.0
42,196,-22.40392303466797,270.6917724609375,13539.0
42,197,-12.10235595703125,20.606138229370117,1913.0
42,198,-10.452316284179688,2.844057321548462,67.0
42,199,-11.29189395904541,9.567564964294434,39.0
42,200,-17.840091705322266,3.9444704055786133,66.0
42,201,-10.380470275878906,179.51075744628906,369.0
42,202,-7.166579246520996,35.99174880981445,48.0
42,203,-32.86187744140625,26.74072265625,922.0
42,204,-7.019545078277588,5.782790184020996,6.0
42,205,-15.593722343444824,22.617961883544922,508.0
42,206,-5.538519859313965,3.9933481216430664,18.0
42,207,-11.567933082580566,18.02903175354004,965.0
42,208,-14.098783493041992,109.90259552001953,2894.0
42,209,-26.975147247314453,29.133638381958008,5885.0
42,210,-3.4373562335968018,1.988680362701416,2.0
42,211,-10.907193183898926,37.929569244384766,283.0
42,212,-9.485633850097656,10.712470054626465,15.0
42,213,-16.321521759033203,230.55914306640625,2359.0
42,214,-7.165623664855957,5.9978790283203125,34.0
42,215,-35.549739837646484,19.34585952758789,106.0
42,216,-7.07377815246582,5.861728668212891,5.0
42,217,-19.235523223876953,609.0137939453125,870.0
42,218,-10.562980651855469,14.023649215698242,8.0
42,219,-14.182321548461914,34.65979766845703,213.0
42,220,-13.393610000610352,86.8807601928711,2182.0
42,221,-5.161686420440674,2.8076205253601074,3.0
42,222,-23.248779296875,27.695064544677734,205.0
42,223,-3.754014492034912,3.4950168132781982,2.0
42,224,-1.77582585811615,2.4300525188446045,1.0
42,225,-16.98583221435547,11.319733619689941,131.0
42,226,-10.757099151611328,36.07859802246094,360.0
42,227,-14.205517768859863,34.86137390136719,281.0
42,228,-13.403884887695312,6.785857677459717,153.0
42,229,-19.914443969726562,5.256875991821289,62.0
42,230,-22.3834171295166,9.377768516540527,248.0
42,231,-6.524539947509766,2.9666202068328857,3.0
42,232,-0.9449692964553833,1.370245337486267,1.0
42,233,-11.346494674682617,43.91099548339844,147.0
42,234,-14.497937202453613,37.505374908447266,47.0
42,235,-17.260393142700195,74.82097625732422,245.0
42,236,-13.079301834106445,78.23893737792969,37.0
42,237,-14.839290618896484,19.450214385986328,879.0
42,238,-35.0318603515625,18.528717041015625,4291.0
42,239,-7.937714576721191,3.7544896602630615,9.0
42,240,-17.55340576171875,18.644805908203125,1397.0
42,241,-7.829629421234131,13.597370147705078,65.0
42,242,-38.48887252807617,244.30323791503906,1734.0
42,243,-14.387350082397461,7.809459686279297,23.0
42,244,-7.416471481323242,11.847978591918945,9.0
42,245,-10.336673736572266,7.90372896194458,11.0
42,246,-7.1557416915893555,5.98307991027832,6.0
42,247,-21.30797576904297,34.85962677001953,123.0
42,248,-9.99766731262207,4.171343803405762,3.0
42,249,-14.030364036560059,16.544815063476562,120.0
42,250,-30.49032974243164,45.20877456665039,1848.0
42,251,-21.29151725769043,70.6899642944336,267.0
42,252,-24.286968231201172,20.81910514831543,64.0
42,253,-32.321144104003906,641.7691650390625,1085.0
42,254,-13.524559020996094,9.526650428771973,9.0
42,255,-18.1197509765625,13.31026840209961,51.0
42,256,-16.778152465820312,66.32308959960938,273.0
42,257,-20.236900329589844,157.46844482421875,638.0
42,258,-5.637519836425781,3.0879392623901367,2.0
42,259,-11.596033096313477,10.167604446411133,252.0
42,260,-8.679710388183594,18.051645278930664,17.0
42,261,-24.593873977661133,7.763936519622803,343.0
42,262,-13.603683471679688,93.1826171875,107.0
42,263,-16.564510345458984,27.464710235595703,12.0
42,264,-7.999137878417969,14.38778018951416,31.0
42,265,-8.083382606506348,14.797539710998535,43.0
42,266,-9.947624206542969,27.546480178833008,241.0
42,267,-12.47746753692627,22.632047653198242,89.0
42,268,-22.229663848876953,40.64776611328125,83.0
42,269,-1.9458980560302734,1.4757695198059082,1.0
42,270,-3.1423027515411377,1.8747223615646362,1.0
42,271,-15.458120346069336,13.149100303649902,53.0
42,272,-7.037848472595215,10.443182945251465,6.0
42,273,-9.197243690490723,9.967310905456543,15.0
42,274,-8.402471542358398,8.171217918395996,26.0
42,275,-7.494658470153809,6.512117385864258,27.0
42,276,-14.193906784057617,7.5966010093688965,10.0
42,277,-18.543107986450195,103.10800170898438,527.0
42,278,-17.599960327148438,12.357708930969238,126.0
42,279,-10.156290054321289,7.623671531677246,210.0
42,280,-17.385089874267578,8.785795211791992,48.0
42,281,-13.111942291259766,79.0948257446289,63.0
42,282,-6.846037864685059,9.796378135681152,7.0
42,283,-13.654770851135254,94.78303527832031,1168.0
42,284,-10.870201110839844,8.793741226196289,153.0
42,285,-22.336177825927734,7.618364334106445,7.0
42,286,-24.196086883544922,9.021803855895996,12.0
42,287,-2.220330238342285,3.0348594188690186,3.0
42,288,-12.607423782348633,12.447065353393555,702.0
42,289,-33.016571044921875,27.157608032226562,178.0
42,290,-18.367969512939453,98.69085693359375,72.0
42,291,-6.117959022521973,4.61582088470459,6.0
42,292,-8.983524322509766,9.448737144470215,14.0
42,293,-0.9697574377059937,1.2743539810180664,1.0
42,294,-18.975296020507812,114.87264251708984,59.0
42,295,-6.32525634765625,23.63262367248535,35.0
42,296,-29.19761085510254,25.64065170288086,214.0
42,297,-20.982967376708984,20.03672218322754,71.0
42,298,-17.766122817993164,34.925758361816406,7095.0
42,299,-18.869712829589844,12517.16796875,358.0
42,300,-25.35954475402832,321184.9375,5277.0
42,301,-23.32516860961914,13.352255821228027,517.0
42,302,-9.280877113342285,10.177906036376953,12.0
42,303,-14.641918182373047,18.697383880615234,1491.0
44,0,-21.923221588134766,38.623863220214844,124.0
44,1,-2.728332042694092,1.9779936075210571,1.0
44,2,-8.968793869018555,19.877689361572266,4.0
44,3,-8.647275924682617,17.85753059387207,116.0
44,4,-18.987565994262695,15.067038536071777,143.0
44,5,-29.786476135253906,27.374404907226562,144.0
44,6,-38.12336730957031,69.12590026855469,1955.0
44,7,-13.543039321899414,6.922105312347412,150.0
44,8,-5.274164199829102,5.80114221572876,5.0
44,9,-11.672245979309082,10.323773384094238,17.0
44,10,-21.747859954833984,229.74386596679688,1405.0
44,11,-7.69919490814209,4.663839340209961,7.0
44,12,-9.429661750793457,10.563613891601562,6.0
44,13,-8.062482833862305,3.1638295650482178,10.0
44,14,-20.438587188720703,909.4703369140625,288.0
44,15,-6.666281700134277,2.3008651733398438,12.0
44,16,-7.754055976867676,6.948418140411377,21.0
44,17,-17.939056396484375,395.3159484863281,162.0
44,18,-20.711992263793945,31445.02734375,1619.0
44,19,-18.018938064575195,13.119952201843262,26.0
44,20,-13.729089736938477,15.577349662780762,33.0
44,21,-12.357315063476562,61.5041618347168,27.0
44,22,-11.1123046875,9.23001766204834,17.0
44,23,-4.0794548988342285,1.7910093069076538,2.0
44,24,-6.936164379119873,10.095147132873535,6.0
44,25,-3.8073720932006836,3.557734727859497,5.0
44,26,-3.8449926376342773,2.6149582862854004,3.0
44,27,-8.219643592834473,5.1754631996154785,38.0
44,28,-9.736579895019531,3.377286195755005,40.0
44,29,-19.95026206970215,17.288427352905273,35.0
44,30,-5.299103736877441,2.8858537673950195,5.0
44,31,-10.437323570251465,32.4307746887207,31.0
44,32,-10.11506462097168,12.538026809692383,106.0
44,33,-13.625334739685059,5.491310119628906,41.0
44,34,-10.297425270080566,30.953161239624023,112.0
44,35,-6.614748001098633,9.069489479064941,18.0
44,36,-17.3831844329834,328.4533996582031,323.0
44,37,-23.197778701782227,10.173415184020996,190.0
44,38,-44.04777145385742,54.83578872680664,15242.0
44,39,-11.056198120117188,39.86103439331055,58.0
44,40,-9.80584716796875,26.27494239807129,16.0
44,41,-8.592866897583008,8.569562911987305,11.0
44,42,-10.246355056762695,167.86793518066406,196.0
44,43,-39.77076721191406,756.3175659179688,1940.0
44,44,-3.70626163482666,6.379762649536133,3.0
44,45,-10.425365447998047,5.683464050292969,11.0
44,46,-12.059249877929688,55.68718719482422,95.0
44,47,-5.684541702270508,4.141820430755615,12.0
44,48,-21.31536293029785,206.19879150390625,3437.0
44,49,-16.093433380126953,5.978437900543213,27.0
44,50,-13.807564735412598,99.7354736328125,1311.0
44,51,-12.831475257873535,72.03544616699219,110.0
44,52,-9.219482421875,6.321120738983154,47.0
44,53,-6.177083969116211,7.838346481323242,4.0
44,54,-31.79781723022461,200.26397705078125,8677.0
44,55,-19.699138641357422,26.660676956176758,18.0
44,56,-6.577834606170654,8.958577156066895,14.0
44,57,-6.126064777374268,4.625184535980225,3.0
44,58,-9.206421852111816,9.99020767211914,13.0
44,59,-24.87960433959961,34.96086502075195,220.0
44,60,-9.653800964355469,11.172442436218262,32.0
44,61,-11.630598068237305,48.27269744873047,23.0
44,62,-24.561492919921875,464.226806640625,331.0
44,63,-11.293595314025879,5.019703388214111,13.0
44,64,-8.517162322998047,5.49276876449585,13.0
44,65,-5.179788589477539,5.621487140655518,3.0
44,66,-16.17123031616211,14.808553695678711,9.0
44,67,-6.596269607543945,3.7406296730041504,3.0
44,68,-15.97170639038086,7.362969398498535,42.0
44,69,-9.343050003051758,22.51879119873047,14.0
44,70,-5.499537944793701,3.954619884490967,3.0
44,71,-10.680825233459473,1.9494582414627075,103.0
44,72,-14.556173324584961,38.05541229248047,22.0
44,73,-13.414254188537598,28.6044864654541,19.0
44,74,-14.99333381652832,148.083740234375,329.0
44,75,-8.583931922912598,2.044856548309326,5.0
44,76,-7.1189866065979,4.152860641479492,11.0
44,77,-14.155698776245117,16.964786529541016,55.0
44,78,-7.726902484893799,3.6248652935028076,2.0
44,79,-13.578853607177734,3.887962818145752,91.0
44,80,-6.872430324554443,3.9530444145202637,23.0
44,81,-9.890060424804688,3.4427051544189453,50.0
44,82,-5.397392272949219,2.9431443214416504,4.0
44,83,-21.490737915039062,7.054765701293945,293.0
44,84,-8.718029022216797,18.283695220947266,84.0
44,85,-4.075658798217773,7.673933982849121,3.0
44,86,-4.684695243835449,4.766274929046631,4.0
44,87,-32.54082489013672,58.416778564453125,286.0
44,88,-14.272491455078125,5.953989505767822,101.0
44,89,-16.26822853088379,25.884532928466797,64.0
44,90,-13.522712707519531,14.947478294372559,250.0
44,91,-15.61823558807373,13.504720687866211,12.0
44,92,-4.950113773345947,5.207176685333252,3.0
44,93,-7.197442054748535,4.218537330627441,4.0
44,94,-7.330899715423584,4.332652568817139,22.0
44,95,-16.92474365234375,5.4329071044921875,288.0
44,96,-11.123824119567871,40.7697868347168,26.0
44,97,-4.490721225738525,4.467849254608154,6.0
44,98,-17.832876205444336,5.059008598327637,25.0
44,99,-16.054777145385742,7.439823627471924,145.0
44,100,-14.044243812561035,7.435906410217285,57.0
44,101,-25.555362701416016,10.208439826965332,276.0
44,102,-19.361621856689453,126.52063751220703,82.0
44,103,-8.82723331451416,18.961511611938477,196.0
44,104,-20.564220428466797,948.3656005859375,18802.0
44,105,-34.09477996826172,30.24945068359375,95.0
44,106,-30.817440032958984,81.65406036376953,576.0
44,107,-10.34169864654541,31.413349151611328,43.0
44,108,-17.1014347076416,30.578187942504883,48.0
44,109,-4.925190448760986,5.164096832275391,2.0
44,110,-23.89736557006836,393.20904541015625,5455.0
44,111,-8.012369155883789,3.8014965057373047,13.0
44,112,-11.179498672485352,9.354894638061523,20.0
44,113,-9.797748565673828,11.581826210021973,11.0
44,114,-5.7831130027771,4.245154857635498,7.0
44,115,-15.921590805053711,14.205065727233887,48.0
44,116,-11.406871795654297,6.693556785583496,6.0
44,117,-4.8259172439575195,1.9925529956817627,4.0
44,118,-13.884051322937012,2.162654161453247,9.0
44,119,-4.115058422088623,1.672605037689209,3.0
44,120,-7.02183723449707,10.387596130371094,9.0
44,121,-11.968400001525879,7.350242614746094,12.0
44,122,-20.242416381835938,6.297921657562256,26.0
44,123,-5.748520851135254,4.2086005210876465,2.0
44,124,-15.083209037780762,12.352618217468262,13.0
44,125,-13.690635681152344,30.65080451965332,112.0
44,126,-13.78940200805664,99.13350677490234,1179.0
44,127,-8.804487228393555,18.81828498840332,10.0
44,128,-10.114585876464844,5.3965744972229,14.0
44,129,-20.331588745117188,18.256343841552734,59.0
44,130,-14.241168975830078,1237.17333984375,1674.0
44,131,-13.126583099365234,5.159413814544678,82.0
44,132,-26.27935218811035,79.82939910888672,92.0
44,133,-15.47073745727539,13.176779747009277,31.0
44,134,-18.924488067626953,549.0352783203125,135.0
44,135,-9.389049530029297,109.3468246459961,16.0
44,136,-1.355017900466919,1.5709376335144043,1.0
44,137,-5.786067962646484,4.248291969299316,2.0
44,138,-7.895681381225586,3.7282798290252686,2.0
44,139,-16.107982635498047,9.985562324523926,17.0
44,140,-18.29808807373047,38.84648895263672,30.0
44,141,-13.019036293029785,13.515095710754395,61.0
44,142,-5.347701549530029,3.807319402694702,1.0
44,143,-8.445782661437988,16.697532653808594,67.0
44,144,-9.38416576385498,22.82954216003418,85.0
44,145,-7.7837982177734375,7.0002760887146,6.0
44,146,-5.248067378997803,13.791241645812988,4.0
44,147,-6.561400413513184,2.5531883239746094,4.0
44,148,-1.3102445602416992,1.547666311264038,1.0
44,149,-29.883420944213867,394.1313171386719,526.0
44,150,-8.82535457611084,18.94963836669922,7.0
44,151,-13.797307968139648,15.791338920593262,15.0
44,152,-9.544157028198242,24.08009910583496,21.0
44,153,-9.322909355163574,6.453237056732178,6.0
44,154,-21.385814666748047,209.86273193359375,551.0
44,155,-22.68730926513672,290.56500244140625,73.0
44,156,-12.554553985595703,65.68372344970703,44.0
44,157,-14.429349899291992,122.7050552368164,184.0
44,158,-4.176366329193115,2.8408167362213135,3.0
44,159,-11.65367603302002,339.2841491699219,680.0
44,160,-9.130337715148926,20.977401733398438,19.0
44,161,-14.24105453491211,10.734997749328613,40.0
44,162,-14.335853576660156,4.917855739593506,40.0
44,163,-5.616711616516113,6.502828598022461,7.0
44,164,-8.674346923828125,18.01940155029297,8.0
44,165,-17.374303817749023,18.096479415893555,42.0
44,166,-16.266075134277344,2.094609260559082,8.0
44,167,-15.764900207519531,9.507952690124512,15.0
44,168,-3.5666332244873047,2.04076886177063,2.0
44,169,-10.266179084777832,13.020756721496582,11.0
44,170,-22.811363220214844,44.78592300415039,58.0
44,171,-18.346675872802734,39.2258186340332,77.0
44,172,-11.658590316772461,6.980346202850342,8.0
44,173,-13.161093711853027,13.904587745666504,549.0
44,174,-17.22360610961914,11.710844039916992,19.0
44,175,-25.473148345947266,163.1434326171875,198.0
44,176,-14.397823333740234,11.01917839050293,22.0
44,177,-14.825101852416992,2.3918445110321045,7.0
44,178,-26.27468490600586,5.764081001281738,21.0
44,179,-14.680614471435547,1541.185546875,5942.0
44,180,-13.867342948913574,32.035213470458984,26.0
44,181,-14.286079406738281,116.98273468017578,302.0
44,182,-16.993331909179688,69.98863983154297,68.0
44,183,-13.627784729003906,30.172962188720703,18.0
44,184,-38.69695281982422,251.67442321777344,1038.0
44,185,-12.53600025177002,5.994588851928711,31.0
44,186,-5.0600762367248535,2.7511396408081055,9.0
44,187,-12.477685928344727,512.2655029296875,1078.0
44,188,-13.711136817932129,96.58068084716797,2236.0
44,189,-8.448321342468262,16.711666107177734,29.0
44,190,-24.952102661132812,22.624034881591797,28.0
44,191,-12.766732215881348,12.8500337600708,1754.0
44,192,-14.46707534790039,11.147099494934082,19.0
44,193,-13.581345558166504,29.824682235717773,34.0
44,194,-17.077680587768555,5109.41552734375,491.0
44,195,-5.304721832275391,3.766629219055176,10.0
44,196,-22.478666305541992,275.7973937988281,13689.0
44,197,-12.106378555297852,20.62687110900879,1996.0
44,198,-10.450571060180664,2.8435606956481934,65.0
44,199,-11.398868560791016,9.774468421936035,40.0
44,200,-17.977699279785156,3.986445426940918,67.0
44,201,-10.227744102478027,166.31307983398438,356.0
44,202,-7.035157203674316,33.702720642089844,45.0
44,203,-32.63017654418945,26.128263473510742,724.0
44,204,-6.917356491088867,5.636927604675293,6.0
44,205,-15.161788940429688,20.74608612060547,432.0
44,206,-6.162375450134277,4.667360782623291,32.0
44,207,-11.42634105682373,17.402002334594727,916.0
44,208,-13.98066234588623,105.65939331054688,2788.0
44,209,-26.678707122802734,28.07384490966797,5951.0
44,210,-3.3844375610351562,1.9677436351776123,2.0
44,211,-10.569786071777344,33.894813537597656,260.0
44,212,-9.420921325683594,10.540556907653809,11.0
44,213,-15.984346389770508,206.04931640625,2438.0
44,214,-7.254440784454346,6.132547378540039,35.0
44,215,-34.81582260131836,18.198123931884766,103.0
44,216,-6.940138339996338,5.669124126434326,5.0
44,217,-19.196670532226562,601.1773681640625,849.0
44,218,-10.440828323364258,13.601866722106934,8.0
44,219,-14.353414535522461,36.174468994140625,222.0
44,220,-13.788533210754395,99.10476684570312,2311.0
44,221,-5.055534839630127,2.7486419677734375,3.0
44,222,-23.144073486328125,27.28388214111328,203.0
44,223,-3.723203182220459,3.4593052864074707,2.0
44,224,-1.6960477828979492,2.3350279331207275,1.0
44,225,-16.838733673095703,11.08434009552002,128.0
44,226,-10.822381973266602,36.8723030090332,388.0
44,227,-14.379544258117676,36.41155242919922,318.0
44,228,-13.470458984375,6.850703716278076,147.0
44,229,-19.67606544494629,5.15347957611084,54.0
44,230,-22.853965759277344,9.829583168029785,284.0
44,231,-6.478891372680664,2.9441356658935547,3.0
44,232,-0.9543977975845337,1.374558448791504,1.0
44,233,-11.482392311096191,45.94587707519531,161.0
44,234,-14.574357986450195,38.22881317138672,48.0
44,235,-17.167936325073242,73.11138153076172,262.0
44,236,-13.183216094970703,80.99645233154297,38.0
44,237,-15.367999076843262,21.619590759277344,940.0
44,238,-34.778751373291016,18.141992568969727,3640.0
44,239,-7.794883728027344,3.666168689727783,7.0
44,240,-17.604455947875977,18.804121017456055,1463.0
44,241,-7.590309143066406,12.55479907989502,59.0
44,242,-38.66513442993164,250.53298950195312,1871.0
44,243,-14.371421813964844,7.791709899902344,24.0
44,244,-7.4725542068481445,12.071550369262695,10.0
44,245,-10.013145446777344,7.408507823944092,10.0
44,246,-7.007992744445801,5.76611328125,7.0
44,247,-21.078880310058594,33.55368423461914,115.0
44,248,-9.77785873413086,4.042393684387207,3.0
44,249,-13.890682220458984,16.089012145996094,110.0
44,250,-30.395423889160156,44.675621032714844,1850.0
44,251,-21.325632095336914,71.17390441894531,304.0
44,252,-24.38988494873047,21.08866310119629,64.0
44,253,-32.2800178527832,636.5122680664062,1052.0
44,254,-12.727972030639648,8.34221363067627,6.0
44,255,-17.867610931396484,12.839364051818848,60.0
44,256,-16.812625885009766,66.89715576171875,235.0
44,257,-20.191356658935547,155.68568420410156,602.0
44,258,-5.603278160095215,3.066864490509033,2.0
44,259,-11.484970092773438,9.944244384765625,250.0
44,260,-8.48473072052002,16.915721893310547,17.0
44,261,-24.164199829101562,7.49085807800293,269.0
44,262,-13.509370803833008,90.29875946044922,96.0
44,263,-16.59332275390625,27.623435974121094,13.0
44,264,-7.911777973175049,13.974849700927734,30.0
44,265,-7.973387241363525,14.264810562133789,39.0
44,266,-9.935880661010742,27.438858032226562,237.0
44,267,-12.698970794677734,23.920663833618164,90.0
44,268,-22.225587844848633,40.62016677856445,78.0
44,269,-1.9156827926635742,1.4668782949447632,1.0
44,270,-3.14522123336792,1.8758169412612915,1.0
44,271,-15.483354568481445,13.204517364501953,48.0
44,272,-6.9123945236206055,10.01547622680664,4.0
44,273,-9.101428031921387,9.731391906738281,15.0
44,274,-8.734614372253418,8.87868595123291,28.0
44,275,-7.367965221405029,6.309089183807373,26.0
44,276,-14.034891128540039,7.42597770690918,10.0
44,277,-18.48141860961914,101.530029296875,519.0
44,278,-17.35304069519043,11.929398536682129,125.0
44,279,-10.161543846130371,7.631686210632324,220.0
44,280,-17.224510192871094,8.611201286315918,46.0
44,281,-13.207118034362793,81.64437103271484,67.0
44,282,-6.5817461013793945,8.970266342163086,5.0
44,283,-13.656296730041504,94.83122253417969,1165.0
44,284,-11.053964614868164,9.12294864654541,184.0
44,285,-22.225845336914062,7.542332649230957,7.0
44,286,-23.570728302001953,8.523213386535645,12.0
44,287,-2.205167770385742,3.0119385719299316,2.0
44,288,-12.579055786132812,12.3766450881958,695.0
44,289,-33.0758056640625,27.318946838378906,185.0
44,290,-17.919429779052734,88.22209930419922,60.0
44,291,-5.893903732299805,4.364379405975342,6.0
44,292,-8.806902885437012,9.04060173034668,13.0
44,293,-0.9455865621566772,1.266676664352417,1.0
44,294,-18.651987075805664,105.953125,53.0
44,295,-6.353090286254883,23.963817596435547,35.0
44,296,-29.13402557373047,25.46013641357422,219.0
44,297,-20.873821258544922,19.72672462463379,68.0
44,298,-17.783790588378906,35.04938888549805,7074.0
44,299,-18.718809127807617,11607.474609375,353.0
44,300,-25.373260498046875,323395.15625,5192.0
44,301,-23.272296905517578,13.274045944213867,534.0
44,302,-9.074610710144043,9.666367530822754,9.0
44,303,-14.500518798828125,18.1760311126709,1563.0
46,0,-21.7623291015625,37.60191345214844,119.0
46,1,-2.7093753814697266,1.9686416387557983,1.0
46,2,-8.858951568603516,19.163047790527344,3.0
46,3,-8.736794471740723,18.398420333862305,120.0
46,4,-19.0398006439209,15.179888725280762,147.0
46,5,-29.941532135009766,27.850109100341797,154.0
46,6,-38.26939392089844,70.25663757324219,1944.0
46,7,-13.44940185546875,6.83012580871582,140.0
46,8,-5.251095771789551,5.756705284118652,5.0
46,9,-11.508790969848633,9.991735458374023,15.0
46,10,-21.229450225830078,201.8172607421875,1208.0
46,11,-7.56693172454834,4.542086124420166,7.0
46,12,-9.405174255371094,10.499141693115234,6.0
46,13,-7.84708309173584,3.0679571628570557,9.0
46,14,-20.115192413330078,816.530517578125,255.0
46,15,-6.595091819763184,2.2804811000823975,11.0
46,16,-7.629441261291504,6.735286235809326,22.0
46,17,-17.787555694580078,375.8482360839844,167.0
46,18,-20.891721725463867,34401.6875,1611.0
46,19,-17.74569320678711,12.617680549621582,24.0
46,20,-13.602153778076172,15.186864852905273,35.0
46,21,-12.202369689941406,58.408226013183594,24.0
46,22,-11.079492568969727,9.169645309448242,16.0
46,23,-4.121116638183594,1.801700472831726,2.0
46,24,-6.887701034545898,9.933375358581543,6.0
46,25,-3.846651792526245,3.6046230792999268,5.0
46,26,-3.8269083499908447,2.6031625270843506,4.0
46,27,-8.062204360961914,5.0150370597839355,35.0
46,28,-9.869525909423828,3.433879852294922,44.0
46,29,-19.74386978149414,16.7861270904541,33.0
46,30,-5.373081207275391,2.928868532180786,5.0
46,31,-10.470532417297363,32.79176330566406,31.0
46,32,-10.099246978759766,12.488544464111328,109.0
46,33,-13.624479293823242,5.49072265625,41.0
46,34,-10.104762077331543,29.02779769897461,112.0
46,35,-6.425845146179199,8.51601505279541,16.0
46,36,-17.236797332763672,312.81103515625,309.0
46,37,-23.086830139160156,10.061163902282715,187.0
46,38,-43.976783752441406,54.4830436706543,15280.0
46,39,-10.989991188049316,38.9909782409668,58.0
46,40,-9.765347480773926,25.92261505126953,15.0
46,41,-8.615957260131836,8.61917495727539,12.0
46,42,-10.146387100219727,159.6834716796875,183.0
46,43,-39.80907440185547,761.1616821289062,1838.0
46,44,-3.693359851837158,6.33873987197876,3.0
46,45,-10.557147979736328,5.809675216674805,11.0
46,46,-11.941057205200195,53.53589630126953,91.0
46,47,-5.668244361877441,4.1249799728393555,12.0
46,48,-20.89267349243164,185.52105712890625,3323.0
46,49,-15.975164413452148,5.900388717651367,26.0
46,50,-13.830141067504883,100.48885345458984,1335.0
46,51,-12.714284896850586,69.27574157714844,114.0
46,52,-9.253961563110352,6.364860534667969,49.0
46,53,-6.079812049865723,7.5882720947265625,5.0
46,54,-31.71540069580078,197.5319061279297,8807.0
46,55,-19.517852783203125,25.8671932220459,18.0
46,56,-6.678869247436523,9.265424728393555,14.0
46,57,-6.1378493309021,4.638830661773682,3.0
46,58,-9.321322441101074,10.281339645385742,13.0
46,59,-24.52682876586914,33.242610931396484,213.0
46,60,-9.458358764648438,10.63967227935791,27.0
46,61,-11.291742324829102,43.11686325073242,21.0
46,62,-24.5653076171875,464.6697692871094,351.0
46,63,-11.55953598022461,5.214078426361084,13.0
46,64,-8.350565910339355,5.312768936157227,12.0
46,65,-5.171319007873535,5.6056389808654785,3.0
46,66,-16.08504867553711,14.597372055053711,7.0
46,67,-6.531494140625,3.6924819946289062,3.0
46,68,-15.884183883666992,7.282855033874512,39.0
46,69,-9.36080265045166,22.652442932128906,14.0
46,70,-5.51566219329834,3.9705934524536133,3.0
46,71,-10.461141586303711,1.9228746891021729,95.0
46,72,-14.300199508666992,35.69640350341797,22.0
46,73,-13.216255187988281,27.22304344177246,15.0
46,74,-15.039907455444336,150.4005889892578,317.0
46,75,-8.454757690429688,2.022962808609009,5.0
46,76,-7.085940361022949,4.1255035400390625,12.0
46,77,-14.202486038208008,17.124277114868164,56.0
46,78,-7.617959499359131,3.5596415996551514,2.0
46,79,-13.369755744934082,3.8075106143951416,79.0
46,80,-6.7881059646606445,3.8869359493255615,23.0
46,81,-9.70181941986084,3.3626434803009033,47.0
46,82,-5.357820510864258,2.919942855834961,4.0
46,83,-21.35244369506836,6.966627597808838,293.0
46,84,-8.71181583404541,18.245866775512695,83.0
46,85,-4.065248489379883,7.634093761444092,3.0
46,86,-4.576685428619385,4.597726345062256,4.0
46,87,-32.309207916259766,56.749732971191406,280.0
46,88,-14.17190933227539,5.8796000480651855,105.0
46,89,-16.134807586669922,25.202964782714844,57.0
46,90,-13.782423973083496,15.744400024414062,256.0
46,91,-15.508744239807129,13.260513305664062,12.0
46,92,-5.088583946228027,5.4531569480896,3.0
46,93,-7.180203437805176,4.204017639160156,4.0
46,94,-7.394096374511719,4.387762069702148,23.0
46,95,-16.870912551879883,5.4037394523620605,279.0
46,96,-11.064787864685059,39.975337982177734,25.0
46,97,-4.4927873611450195,4.470926761627197,6.0
46,98,-17.544557571411133,4.928130626678467,24.0
46,99,-15.979948043823242,7.370558738708496,149.0
46,100,-13.652714729309082,7.03141450881958,55.0
46,101,-25.316225051879883,9.988905906677246,285.0
46,102,-19.130746841430664,119.4247817993164,80.0
46,103,-8.814109802246094,18.87874412536621,199.0
46,104,-20.80235481262207,1026.713623046875,19569.0
46,105,-33.477439880371094,28.438505172729492,110.0
46,106,-30.30821990966797,75.92498779296875,550.0
46,107,-10.20412826538086,30.005359649658203,36.0
46,108,-16.942928314208984,29.624021530151367,47.0
46,109,-4.94051456451416,5.190542221069336,2.0
46,110,-23.61374282836914,366.2937927246094,5417.0
46,111,-7.986492156982422,3.7851364612579346,13.0
46,112,-11.104272842407227,9.215202331542969,20.0
46,113,-9.86826229095459,11.787806510925293,11.0
46,114,-5.711942672729492,4.170290470123291,6.0
46,115,-15.914758682250977,14.188899040222168,46.0
46,116,-11.373143196105957,6.656034469604492,6.0
46,117,-5.073183059692383,2.064195394515991,4.0
46,118,-13.702333450317383,2.1409308910369873,9.0
46,119,-4.115384101867676,1.672672986984253,3.0
46,120,-6.772197723388672,9.558198928833008,8.0
46,121,-11.830085754394531,7.182740688323975,12.0
46,122,-20.303924560546875,6.333236217498779,25.0
46,123,-5.685657024383545,4.142975330352783,2.0
46,124,-15.011072158813477,12.204996109008789,11.0
46,125,-13.682449340820312,30.588138580322266,113.0
46,126,-13.899404525756836,102.8359375,1224.0
46,127,-8.650850296020508,17.87881851196289,10.0
46,128,-10.066068649291992,5.35311222076416,13.0
46,129,-20.177825927734375,17.859697341918945,62.0
46,130,-14.205277442932129,1215.1693115234375,1663.0
46,131,-13.269388198852539,5.2523393630981445,81.0
46,132,-26.050045013427734,76.83607482910156,93.0
46,133,-15.468400955200195,13.171649932861328,31.0
46,134,-18.727500915527344,514.1423950195312,139.0
46,135,-9.373905181884766,108.52196502685547,16.0
46,136,-1.3154228925704956,1.5503400564193726,1.0
46,137,-5.776480674743652,4.238121509552002,2.0
46,138,-7.937880516052246,3.75459361076355,2.0
46,139,-16.186622619628906,10.098376274108887,19.0
46,140,-18.320755004882812,39.02299118041992,30.0
46,141,-13.095704078674316,13.723928451538086,60.0
46,142,-5.329914093017578,3.790426254272461,1.0
46,143,-8.540265083312988,17.231773376464844,71.0
46,144,-9.223577499389648,21.639619827270508,81.0
46,145,-7.861288070678711,7.137210845947266,7.0
46,146,-5.331439971923828,14.37829875946045,4.0
46,147,-6.542969226837158,2.5464746952056885,4.0
46,148,-1.332782506942749,1.5593372583389282,1.0
46,149,-29.72470474243164,381.8168640136719,529.0
46,150,-8.777447700500488,18.64943504333496,7.0
46,151,-13.693023681640625,15.465392112731934,15.0
46,152,-9.584188461303711,24.403573989868164,20.0
46,153,-9.325029373168945,6.455974102020264,6.0
46,154,-21.19776725769043,200.22500610351562,512.0
46,155,-22.669090270996094,289.24456787109375,72.0
46,156,-12.65304183959961,67.87586212158203,49.0
46,157,-14.370078086853027,120.30451965332031,183.0
46,158,-4.1886138916015625,2.8495283126831055,3.0
46,159,-11.595151901245117,329.4998779296875,681.0
46,160,-8.942293167114258,19.702871322631836,19.0
46,161,-14.312232971191406,10.863104820251465,40.0
46,162,-14.292646408081055,4.894302845001221,38.0
46,163,-5.658139228820801,6.593250274658203,8.0
46,164,-8.585291862487793,17.492355346679688,8.0
46,165,-17.53690528869629,18.593599319458008,48.0
46,166,-16.10453987121582,2.0792858600616455,8.0
46,167,-15.659997940063477,9.366528511047363,15.0
46,168,-3.539498805999756,2.029723882675171,2.0
46,169,-10.209678649902344,12.838129997253418,12.0
46,170,-23.016414642333984,46.34294509887695,60.0
46,171,-18.39605712890625,39.61513900756836,73.0
46,172,-11.79871654510498,7.145285129547119,10.0
46,173,-13.243680953979492,14.136162757873535,575.0
46,174,-16.99903106689453,11.341095924377441,19.0
46,175,-25.38818359375,160.39456176757812,193.0
46,176,-14.250198364257812,10.75136947631836,18.0
46,177,-14.77742862701416,2.385146379470825,7.0
46,178,-26.278675079345703,5.7656145095825195,20.0
46,179,-14.702567100524902,1558.1953125,6090.0
46,180,-13.551675796508789,29.604280471801758,24.0
46,181,-14.354616165161133,119.68605041503906,316.0
46,182,-16.809085845947266,66.83798217773438,68.0
46,183,-13.561588287353516,29.677734375,19.0
46,184,-38.45155334472656,243.00430297851562,1044.0
46,185,-12.273662567138672,5.7740888595581055,28.0
46,186,-4.9529948234558105,2.6928470134735107,8.0
46,187,-12.377891540527344,487.33209228515625,1056.0
46,188,-13.64117431640625,94.35441589355469,2163.0
46,189,-8.422473907470703,16.568302154541016,29.0
46,190,-24.9071044921875,22.49713706970215,28.0
46,191,-12.584567070007324,12.390294075012207,1646.0
46,192,-14.297685623168945,10.836799621582031,18.0
46,193,-13.518495559692383,29.35972785949707,35.0
46,194,-17.073997497558594,5100.01513671875,489.0
46,195,-5.266422271728516,3.730736255645752,7.0
46,196,-22.434162139892578,272.7458801269531,13458.0
46,197,-11.948854446411133,19.830350875854492,1849.0
46,198,-10.358738899230957,2.8175675868988037,59.0
46,199,-11.345259666442871,9.670228958129883,43.0
46,200,-17.997852325439453,3.9926300048828125,71.0
46,201,-10.09935474395752,155.97213745117188,331.0
46,202,-6.95476770401001,32.37491226196289,43.0
46,203,-32.53251647949219,25.87433624267578,661.0
46,204,-6.948683738708496,5.681248188018799,6.0
46,205,-14.889564514160156,19.646770477294922,425.0
46,206,-6.390054702758789,4.940732955932617,37.0
46,207,-11.386138916015625,17.227977752685547,902.0
46,208,-13.901389122009277,102.90396881103516,2711.0
46,209,-26.679340362548828,28.076066970825195,6118.0
46,210,-3.364396572113037,1.9598722457885742,2.0
46,211,-10.215716361999512,30.121490478515625,221.0
46,212,-9.315820693969727,10.267208099365234,12.0
46,213,-15.641989707946777,183.82725524902344,2289.0
46,214,-6.992157936096191,5.7433319091796875,26.0
46,215,-34.19370651245117,17.278718948364258,98.0
46,216,-6.804712295532227,5.4803996086120605,5.0
46,217,-19.133037567138672,588.560302734375,835.0
46,218,-10.406852722167969,13.486823081970215,10.0
46,219,-14.36088752746582,36.24211502075195,244.0
46,220,-13.924339294433594,103.69424438476562,2329.0
46,221,-5.025839805603027,2.7323663234710693,3.0
46,222,-23.092912673950195,27.085205078125,207.0
46,223,-3.6503639221191406,3.3763251304626465,2.0
46,224,-1.6244392395019531,2.2529029846191406,1.0
46,225,-16.727205276489258,10.909138679504395,127.0
46,226,-10.77675724029541,36.3157844543457,381.0
46,227,-14.407622337341309,36.66804504394531,347.0
46,228,-13.485357284545898,6.865299224853516,144.0
46,229,-19.348674774169922,5.014780521392822,51.0
46,230,-23.041217803955078,10.01537799835205,320.0
46,231,-6.492349624633789,2.950746774673462,3.0
46,232,-0.9705111384391785,1.3819612264633179,1.0
46,233,-11.536528587341309,46.78251266479492,164.0
46,234,-14.506619453430176,37.58687210083008,47.0
46,235,-17.12801742553711,72.3853759765625,273.0
46,236,-13.16824722290039,80.59332275390625,34.0
46,237,-15.717594146728516,23.18531036376953,904.0
46,238,-34.64241027832031,17.937034606933594,3253.0
46,239,-7.703466415405273,3.610734224319458,7.0
46,240,-17.695323944091797,19.091068267822266,1522.0
46,241,-7.494202613830566,12.158975601196289,55.0
46,242,-38.58544921875,247.6971893310547,1902.0
46,243,-14.313889503479004,7.727932453155518,24.0
46,244,-7.60666561126709,12.62343692779541,10.0
46,245,-9.960692405700684,7.331194877624512,10.0
46,246,-6.89205265045166,5.601380825042725,7.0
46,247,-20.934022903442383,32.7533073425293,117.0
46,248,-9.671503067016602,3.981438636779785,3.0
46,249,-13.837997436523438,15.920372009277344,110.0
46,250,-30.286712646484375,44.072635650634766,1831.0
46,251,-21.36193084716797,71.69249725341797,334.0
46,252,-24.566612243652344,21.559715270996094,71.0
46,253,-31.966907501220703,597.8748779296875,989.0
46,254,-12.240621566772461,7.691406726837158,6.0
46,255,-17.647663116455078,12.442211151123047,61.0
46,256,-16.837371826171875,67.31229400634766,214.0
46,257,-19.933712005615234,145.9739227294922,566.0
46,258,-5.639347076416016,3.0890676975250244,2.0
46,259,-11.428152084350586,9.831883430480957,257.0
46,260,-8.343648910522461,16.138639450073242,16.0
46,261,-23.883630752563477,7.317747592926025,207.0
46,262,-13.439665794372559,88.2248306274414,90.0
46,263,-16.419822692871094,26.681344985961914,13.0
46,264,-7.868734359741211,13.775773048400879,29.0
46,265,-7.974741458892822,14.27125358581543,36.0
46,266,-9.854423522949219,26.703855514526367,227.0
46,267,-12.704310417175293,23.952617645263672,91.0
46,268,-22.080398559570312,39.649024963378906,74.0
46,269,-1.9838757514953613,1.487021565437317,1.0
46,270,-3.118030548095703,1.8656435012817383,1.0
46,271,-15.335184097290039,12.882426261901855,47.0
46,272,-6.875626087188721,9.893474578857422,4.0
46,273,-9.026561737060547,9.550948143005371,14.0
46,274,-8.783368110656738,8.987565994262695,31.0
46,275,-7.019199848175049,5.782291412353516,22.0
46,276,-13.929716110229492,7.315237522125244,10.0
46,277,-18.514707565307617,102.3785171508789,570.0
46,278,-17.195266723632812,11.663528442382812,121.0
46,279,-10.144469261169434,7.6056694984436035,229.0
46,280,-16.943222045898438,8.31368350982666,40.0
46,281,-13.05538272857666,77.61760711669922,60.0
46,282,-6.471424102783203,8.64638614654541,4.0
46,283,-13.617682456970215,93.61845397949219,1158.0
46,284,-11.220902442932129,9.432682037353516,207.0
46,285,-22.075740814208984,7.4401092529296875,7.0
46,286,-23.199687957763672,8.240511894226074,12.0
46,287,-2.2233948707580566,3.039513349533081,3.0
46,288,-12.593812942504883,12.413227081298828,661.0
46,289,-32.841251373291016,26.685626983642578,170.0
46,290,-17.63668441772461,82.20130157470703,56.0
46,291,-5.5945634841918945,4.049691677093506,6.0
46,292,-8.663022994995117,8.721190452575684,13.0
46,293,-0.9537431001663208,1.2692621946334839,1.0
46,294,-18.54125213623047,103.06017303466797,49.0
46,295,-6.2681779861450195,22.967702865600586,33.0
46,296,-29.049087524414062,25.220985412597656,215.0
46,297,-20.893787384033203,19.7830753326416,69.0
46,298,-17.757705688476562,34.867008209228516,6888.0
46,299,-18.62809181213379,11092.7373046875,352.0
46,300,-25.301023483276367,311923.03125,5091.0
46,301,-23.376224517822266,13.428216934204102,572.0
46,302,-9.030770301818848,9.561002731323242,9.0
46,303,-14.497091293334961,18.163578033447266,1670.0
48,0,-21.717247009277344,37.320438385009766,120.0
48,1,-2.6470093727111816,1.938185691833496,2.0
48,2,-8.667512893676758,17.978397369384766,3.0
48,3,-8.819466590881348,18.91248321533203,123.0
48,4,-18.501117706298828,14.055542945861816,129.0
48,5,-29.933151245117188,27.824190139770508,139.0
48,6,-38.24079895019531,70.03377532958984,1817.0
48,7,-13.47580623626709,6.855938911437988,132.0
48,8,-5.3005290031433105,5.8523478507995605,5.0
48,9,-11.479267120361328,9.93290901184082,12.0
48,10,-20.906091690063477,186.14443969726562,1160.0
48,11,-7.551644325256348,4.528219699859619,7.0
48,12,-9.430081367492676,10.564722061157227,8.0
48,13,-7.82584810256958,3.058664560317993,10.0
48,14,-19.94993782043457,772.7681884765625,238.0
48,15,-6.608443260192871,2.284290313720703,12.0
48,16,-7.504741191864014,6.528553009033203,18.0
48,17,-17.504634857177734,342.0231628417969,159.0
48,18,-20.863643646240234,33922.09375,1613.0
48,19,-17.39647674560547,12.00365161895752,23.0
48,20,-13.369260787963867,14.495701789855957,32.0
48,21,-12.198461532592773,58.332183837890625,26.0
48,22,-11.103797912597656,9.214327812194824,15.0
48,23,-4.027447700500488,1.7777520418167114,2.0
48,24,-6.802640914916992,9.655685424804688,6.0
48,25,-3.8439695835113525,3.6014018058776855,6.0
48,26,-3.7239856719970703,2.537036180496216,4.0
48,27,-7.788135051727295,4.747541904449463,28.0
48,28,-10.07590389251709,3.5236167907714844,42.0
48,29,-19.39995574951172,15.981346130371094,35.0
48,30,-5.475085735321045,2.98923397064209,5.0
48,31,-10.384504318237305,31.86478042602539,30.0
48,32,-10.214685440063477,12.854209899902344,112.0
48,33,-13.421064376831055,5.352870941162109,41.0
48,34,-9.947388648986816,27.544313430786133,108.0
48,35,-6.294683933258057,8.151712417602539,13.0
48,36,-17.154293060302734,304.325439453125,343.0
48,37,-23.039554595947266,10.013713836669922,180.0
48,38,-43.72417449951172,53.246124267578125,15230.0
48,39,-11.020563125610352,39.39035415649414,58.0
48,40,-9.824479103088379,26.43863296508789,17.0
48,41,-8.626264572143555,8.641413688659668,10.0
48,42,-10.058128356933594,152.7899627685547,168.0
48,43,-39.54719924926758,728.6546630859375,1763.0
48,44,-3.5957329273223877,6.036754131317139,2.0
48,45,-10.604425430297852,5.855633735656738,11.0
48,46,-11.648542404174805,48.56229782104492,87.0
48,47,-5.671449184417725,4.128285884857178,12.0
48,48,-20.84273910522461,183.21949768066406,3315.0
48,49,-15.890687942504883,5.845265865325928,27.0
48,50,-13.958030700683594,104.86534118652344,1402.0
48,51,-12.750903129577637,70.12650299072266,113.0
48,52,-9.22458553314209,6.327575206756592,49.0
48,53,-5.913829803466797,7.179836750030518,3.0
48,54,-31.722688674926758,197.77195739746094,8443.0
48,55,-19.75579071044922,26.913602828979492,18.0
48,56,-6.602794647216797,9.033424377441406,14.0
48,57,-6.244795322418213,4.764529705047607,3.0
48,58,-9.338949203491211,10.326746940612793,12.0
48,59,-24.316184997558594,32.25718688964844,213.0
48,60,-9.524911880493164,10.8181791305542,28.0
48,61,-11.148394584655762,41.10506820678711,21.0
48,62,-24.05586814880371,409.1030578613281,330.0
48,63,-11.372392654418945,5.076527118682861,13.0
48,64,-8.229273796081543,5.1854400634765625,12.0
48,65,-5.036574363708496,5.359432697296143,3.0
48,66,-16.145742416381836,14.745781898498535,7.0
48,67,-6.570673942565918,3.721529722213745,3.0
48,68,-15.415584564208984,6.868515968322754,41.0
48,69,-9.49740982055664,23.70777702331543,15.0
48,70,-5.4598069190979,3.915534019470215,3.0
48,71,-10.522109985351562,1.9302159547805786,87.0
48,72,-14.107275009155273,34.015586853027344,22.0
48,73,-13.171792984008789,26.922119140625,15.0
48,74,-15.065603256225586,151.69436645507812,332.0
48,75,-8.470840454101562,2.0256755352020264,5.0
48,76,-6.991366386413574,4.048203468322754,10.0
48,77,-14.302133560180664,17.468978881835938,55.0
48,78,-7.718282699584961,3.619661331176758,2.0
48,79,-13.436716079711914,3.8330912590026855,75.0
48,80,-6.514533996582031,3.6799778938293457,19.0
48,81,-9.742524147033691,3.3797965049743652,47.0
48,82,-5.219744682312012,2.840411424636841,4.0
48,83,-21.14543342590332,6.836747646331787,279.0
48,84,-8.669573783874512,17.990755081176758,81.0
48,85,-4.186226844787598,8.110125541687012,3.0
48,86,-4.5457072257995605,4.550494194030762,4.0
48,87,-32.37748336791992,57.23613739013672,282.0
48,88,-13.928078651428223,5.703100204467773,100.0
48,89,-16.20243263244629,25.54615020751953,58.0
48,90,-13.74083137512207,15.613974571228027,239.0
48,91,-15.552234649658203,13.356980323791504,12.0
48,92,-4.940652847290039,5.190781593322754,3.0
48,93,-7.218659400939941,4.236476421356201,4.0
48,94,-7.236022472381592,4.251213550567627,21.0
48,95,-16.700326919555664,5.312341690063477,251.0
48,96,-11.014808654785156,39.314876556396484,24.0
48,97,-4.544881820678711,4.54924201965332,5.0
48,98,-17.534799575805664,4.923760890960693,25.0
48,99,-15.904882431030273,7.301723003387451,145.0
48,100,-13.454150199890137,6.834761142730713,49.0
48,101,-25.26526641845703,9.942736625671387,299.0
48,102,-19.016311645507812,116.05659484863281,75.0
48,103,-8.813750267028809,18.876480102539062,202.0
48,104,-20.794450759887695,1024.01220703125,19190.0
48,105,-32.55451583862305,25.931324005126953,109.0
48,106,-29.994522094726562,72.59757995605469,545.0
48,107,-10.019869804382324,28.217899322509766,36.0
48,108,-17.050792694091797,30.270044326782227,48.0
48,109,-4.851118087768555,5.038151741027832,2.0
48,110,-23.450698852539062,351.6634826660156,5567.0
48,111,-7.903128623962402,3.73291015625,12.0
48,112,-11.063349723815918,9.140087127685547,20.0
48,113,-9.879012107849121,11.819527626037598,8.0
48,114,-5.7047834396362305,4.162833213806152,7.0
48,115,-15.877132415771484,14.100196838378906,51.0
48,116,-11.357486724853516,6.638688564300537,6.0
48,117,-4.93366003036499,2.0234591960906982,4.0
48,118,-13.819269180297852,2.1548845767974854,9.0
48,119,-4.169672966003418,1.6840626001358032,3.0
48,120,-6.605842590332031,9.042606353759766,6.0
48,121,-11.869073867797852,7.2295660972595215,12.0
48,122,-20.188217163085938,6.266966819763184,27.0
48,123,-5.929996490478516,4.403937816619873,2.0
48,124,-14.822785377502441,11.827937126159668,11.0
48,125,-13.749847412109375,31.107900619506836,113.0
48,126,-13.777580261230469,98.7436294555664,1153.0
48,127,-8.527292251586914,17.157421112060547,10.0
48,128,-9.92857551574707,5.231837749481201,12.0
48,129,-20.333885192871094,18.2623348236084,55.0
48,130,-14.217644691467285,1222.706787109375,1686.0
48,131,-13.286114692687988,5.263332366943359,77.0
48,132,-25.966228485107422,75.77018737792969,93.0
48,133,-15.405762672424316,13.034858703613281,31.0
48,134,-18.55691909790039,485.7236633300781,138.0
48,135,-9.38066577911377,108.8894271850586,16.0
48,136,-1.3353749513626099,1.5606852769851685,1.0
48,137,-5.860121726989746,4.327674865722656,2.0
48,138,-8.064554214477539,3.8347043991088867,2.0
48,139,-15.875833511352539,9.659832000732422,16.0
48,140,-18.283857345581055,38.73607635498047,29.0
48,141,-12.98885440826416,13.433759689331055,56.0
48,142,-5.441225051879883,3.8973865509033203,1.0
48,143,-8.622325897216797,17.70962905883789,70.0
48,144,-9.216724395751953,21.59024429321289,84.0
48,145,-7.812960624694824,7.0514984130859375,6.0
48,146,-5.293786525726318,14.11013412475586,4.0
48,147,-6.616274833679199,2.57328200340271,4.0
48,148,-1.3494549989700317,1.568027377128601,1.0
48,149,-29.7369384765625,382.7521667480469,519.0
48,150,-8.970647811889648,19.889978408813477,8.0
48,151,-13.594785690307617,15.16450023651123,15.0
48,152,-9.501791954040527,23.742435455322266,20.0
48,153,-9.301519393920898,6.425689220428467,6.0
48,154,-21.132051467895508,196.96241760253906,526.0
48,155,-22.619667053222656,285.69268798828125,73.0
48,156,-12.620697021484375,67.14800262451172,49.0
48,157,-14.394272804260254,121.27867126464844,184.0
48,158,-4.182337284088135,2.845060348510742,3.0
48,159,-11.582282066345215,327.3863830566406,667.0
48,160,-9.0497465133667,20.421377182006836,20.0
48,161,-14.026849746704102,10.35851001739502,39.0
48,162,-14.089540481567383,4.785088539123535,38.0
48,163,-5.5969343185424805,6.460100173950195,7.0
48,164,-8.747428894042969,18.463754653930664,8.0
48,165,-17.574127197265625,18.709306716918945,43.0
48,166,-15.727219581604004,2.043928384780884,8.0
48,167,-15.470402717590332,9.116240501403809,13.0
48,168,-3.496476173400879,2.012333869934082,2.0
48,169,-10.0585298538208,12.362064361572266,12.0
48,170,-22.855968475341797,45.120113372802734,57.0
48,171,-18.392047882080078,39.58339309692383,85.0
48,172,-11.86365795135498,7.223043441772461,9.0
48,173,-13.126547813415527,13.808846473693848,545.0
48,174,-16.772480010986328,10.979924201965332,17.0
48,175,-25.435810089111328,161.92965698242188,189.0
48,176,-14.391035079956055,11.006719589233398,20.0
48,177,-14.479558944702148,2.3437182903289795,7.0
48,178,-25.68510627746582,5.541916847229004,19.0
48,179,-14.747573852539062,1593.657470703125,6071.0
48,180,-13.3140869140625,27.897071838378906,24.0
48,181,-14.370484352111816,120.32081604003906,314.0
48,182,-16.516216278076172,62.11913299560547,60.0
48,183,-13.428668975830078,28.707754135131836,17.0
48,184,-38.343658447265625,239.2874298095703,1055.0
48,185,-12.29214096069336,5.789350986480713,29.0
48,186,-4.999654769897461,2.7180943489074707,8.0
48,187,-12.468234062194824,509.8502502441406,1094.0
48,188,-13.729413032531738,97.17086029052734,2211.0
48,189,-8.160072326660156,15.18068790435791,28.0
48,190,-24.837173461914062,22.30133819580078,28.0
48,191,-12.558311462402344,12.325401306152344,1666.0
48,192,-14.16659164428711,10.602592468261719,18.0
48,193,-13.480192184448242,29.079925537109375,35.0
48,194,-17.027490615844727,4982.7900390625,464.0
48,195,-5.2656025886535645,3.7299716472625732,6.0
48,196,-22.317529678344727,264.907958984375,13024.0
48,197,-11.985780715942383,20.014263153076172,1894.0
48,198,-10.204837799072266,2.774536609649658,56.0
48,199,-11.027552604675293,9.074883460998535,42.0
48,200,-17.09486198425293,3.7247111797332764,72.0
48,201,-9.971637725830078,146.32333374023438,317.0
48,202,-6.9406023025512695,32.14642333984375,47.0
48,203,-32.37564468383789,25.47161293029785,694.0
48,204,-6.951727390289307,5.685572624206543,6.0
48,205,-14.770092010498047,19.18288230895996,452.0
48,206,-6.363662242889404,4.908240795135498,34.0
48,207,-11.3524751663208,17.08359718322754,883.0
48,208,-13.78436279296875,98.96710968017578,2571.0
48,209,-26.543289184570312,27.602630615234375,6001.0
48,210,-3.389873743057251,1.9698841571807861,2.0
48,211,-10.045062065124512,28.455860137939453,190.0
48,212,-9.27634048461914,10.166369438171387,11.0
48,213,-15.577924728393555,179.94329833984375,2154.0
48,214,-7.0017170906066895,5.757073879241943,25.0
48,215,-33.700157165527344,16.582477569580078,86.0
48,216,-6.7882208824157715,5.457851886749268,5.0
48,217,-19.01100730895996,565.0997924804688,778.0
48,218,-10.280256271362305,13.06666088104248,11.0
48,219,-14.346163749694824,36.10895919799805,262.0
48,220,-13.885843276977539,102.37212371826172,2400.0
48,221,-5.0606818199157715,2.7514727115631104,3.0
48,222,-23.16750717163086,27.375377655029297,209.0
48,223,-3.632662296295166,3.356461763381958,2.0
48,224,-1.5121452808380127,2.129894971847534,1.0
48,225,-16.66753387451172,10.81653881072998,121.0
48,226,-10.70655345916748,35.47581481933594,356.0
48,227,-14.436895370483398,36.937374114990234,332.0
48,228,-13.49608039855957,6.875824451446533,137.0
48,229,-19.203105926513672,4.954314708709717,51.0
48,230,-22.85852813720703,9.834070205688477,297.0
48,231,-6.340130805969238,2.876828670501709,3.0
48,232,-0.9730402827262878,1.3831268548965454,1.0
48,233,-11.45750904083252,45.56636428833008,157.0
48,234,-14.558065414428711,38.07341766357422,48.0
48,235,-17.23171615600586,74.28648376464844,265.0
48,236,-12.957500457763672,75.1259994506836,35.0
48,237,-16.75860595703125,28.551837921142578,808.0
48,238,-34.57847595214844,17.841720581054688,3114.0
48,239,-7.655091285705566,3.5817391872406006,7.0
48,240,-17.687877655029297,19.067392349243164,1491.0
48,241,-7.644784927368164,12.784859657287598,60.0
48,242,-38.544532775878906,246.2536163330078,1884.0
48,243,-14.389577865600586,7.811945915222168,24.0
48,244,-7.773824214935303,13.346774101257324,10.0
48,245,-10.158490180969238,7.627026081085205,10.0
48,246,-7.014744758605957,5.775854587554932,7.0
48,247,-20.837814331054688,32.232303619384766,110.0
48,248,-9.840595245361328,4.078785419464111,3.0
48,249,-13.890417098999023,16.08815574645996,115.0
48,250,-30.171009063720703,43.43980407714844,1796.0
48,251,-21.30343246459961,70.85860443115234,324.0
48,252,-24.519441604614258,21.432966232299805,65.0
48,253,-31.705305099487305,567.3980712890625,876.0
48,254,-11.87800407409668,7.2403340339660645,6.0
48,255,-17.428237915039062,12.058239936828613,58.0
48,256,-16.85550308227539,67.61810302734375,221.0
48,257,-19.781387329101562,140.5195770263672,559.0
48,258,-5.681837558746338,3.115431308746338,2.0
48,259,-11.2689790725708,9.523818016052246,247.0
48,260,-8.51490306854248,17.086708068847656,16.0
48,261,-23.311141967773438,6.976833820343018,170.0
48,262,-13.430658340454102,87.96036529541016,89.0
48,263,-15.83731460571289,23.747156143188477,12.0
48,264,-7.966365814208984,14.231465339660645,29.0
48,265,-8.300472259521484,15.908029556274414,52.0
48,266,-10.017928123474121,28.19964599609375,257.0
48,267,-12.47775650024414,22.633682250976562,88.0
48,268,-22.084529876708984,39.676334381103516,77.0
48,269,-1.969832420349121,1.4828507900238037,1.0
48,270,-3.094606399536133,1.8569239377975464,1.0
48,271,-15.253948211669922,12.709182739257812,46.0
48,272,-6.8425092697143555,9.784860610961914,5.0
48,273,-8.83050537109375,9.094104766845703,14.0
48,274,-8.744811058044434,8.901349067687988,32.0
48,275,-6.581169128417969,5.18252420425415,18.0
48,276,-13.822759628295898,7.2043137550354,10.0
48,277,-18.461036682128906,101.01400756835938,537.0
48,278,-17.354854583740234,11.932490348815918,126.0
48,279,-10.12513542175293,7.576315879821777,234.0
48,280,-16.66671371459961,8.031242370605469,35.0
48,281,-12.723909378051758,69.49835205078125,53.0
48,282,-6.501438140869141,8.733323097229004,4.0
48,283,-13.554264068603516,91.66016387939453,1080.0
48,284,-11.073862075805664,9.159324645996094,185.0
48,285,-21.674156188964844,7.173386096954346,7.0
48,286,-22.652191162109375,7.840402603149414,11.0
48,287,-2.1714563369750977,2.961595296859741,2.0
48,288,-12.820849418640137,12.989871978759766,704.0
48,289,-32.395225524902344,25.52153205871582,153.0
48,290,-17.569454193115234,80.83124542236328,51.0
48,291,-5.6797919273376465,4.136905193328857,6.0
48,292,-8.648969650268555,8.690604209899902,12.0
48,293,-0.9897079467773438,1.2807258367538452,1.0
48,294,-18.594558715820312,104.44281768798828,47.0
48,295,-5.9419989585876465,19.511411666870117,31.0
48,296,-28.894420623779297,24.791259765625,206.0
48,297,-20.92669105529785,19.87628173828125,69.0
48,298,-17.724775314331055,34.638126373291016,6642.0
48,299,-18.680866241455078,11389.33984375,364.0
48,300,-25.05483627319336,275796.375,4960.0
48,301,-23.481218338012695,13.58578872680664,565.0
48,302,-9.323189735412598,10.286141395568848,10.0
48,303,-14.14687442779541,16.93486976623535,1631.0
50,0,-21.510234832763672,36.054771423339844,115.0
50,1,-2.5759475231170654,1.9040570259094238,1.0
50,2,-8.564482688903809,17.371444702148438,3.0
50,3,-8.832820892333984,18.99686050415039,129.0
50,4,-18.205228805541992,13.473797798156738,127.0
50,5,-29.934246063232422,27.827573776245117,142.0
50,6,-38.32744216918945,70.71124267578125,1847.0
50,7,-13.426645278930664,6.807957649230957,134.0
50,8,-5.29889440536499,5.849160671234131,5.0
50,9,-11.320588111877441,9.622631072998047,12.0
50,10,-21.01038360595703,191.06161499023438,1132.0
50,11,-7.481421947479248,4.465067386627197,7.0
50,12,-9.534095764160156,10.843046188354492,8.0
50,13,-7.849335670471191,3.0689446926116943,10.0
50,14,-19.997772216796875,785.188720703125,242.0
50,15,-6.572360038757324,2.274010419845581,13.0
50,16,-7.465154647827148,6.464260578155518,18.0
50,17,-17.328886032104492,322.56195068359375,152.0
50,18,-20.870088577270508,34031.58203125,1687.0
50,19,-17.126399993896484,11.54934310913086,22.0
50,20,-13.265499114990234,14.197980880737305,29.0
50,21,-12.231918334960938,58.986358642578125,24.0
50,22,-10.992547988891602,9.011573791503906,14.0
50,23,-3.9849743843078613,1.766998052597046,2.0
50,24,-6.80511474609375,9.663651466369629,6.0
50,25,-3.8440778255462646,3.601531982421875,6.0
50,26,-3.708230495452881,2.5270626544952393,4.0
50,27,-7.684574127197266,4.650221347808838,27.0
50,28,-10.10244369506836,3.535325765609741,38.0
50,29,-19.26405906677246,15.674080848693848,36.0
50,30,-5.473721027374268,2.9884181022644043,6.0
50,31,-10.330888748168945,31.300357818603516,30.0
50,32,-10.307443618774414,13.155776023864746,118.0
50,33,-13.205499649047852,5.2105607986450195,38.0
50,34,-9.794923782348633,26.179447174072266,100.0
50,35,-6.2305498123168945,7.979294300079346,12.0
50,36,-17.175437927246094,306.47796630859375,378.0
50,37,-23.0214900970459,9.995640754699707,183.0
50,38,-43.70412826538086,53.149173736572266,15312.0
50,39,-11.021970748901367,39.408843994140625,58.0
50,40,-9.846244812011719,26.631149291992188,18.0
50,41,-8.579695701599121,8.541391372680664,10.0
50,42,-10.092203140258789,155.4154052734375,172.0
50,43,-39.42314910888672,713.7442016601562,1713.0
50,44,-3.56620717048645,5.948288917541504,2.0
50,45,-10.638566970825195,5.889049053192139,11.0
50,46,-11.51412296295166,46.43442153930664,89.0
50,47,-5.751236915588379,4.211459636688232,12.0
50,48,-20.847461700439453,183.43592834472656,3338.0
50,49,-15.829612731933594,5.805732727050781,27.0
50,50,-14.012816429138184,106.7979736328125,1431.0
50,51,-12.741069793701172,69.89702606201172,110.0
50,52,-9.284452438354492,6.403792858123779,53.0
50,53,-5.771042346954346,6.84611177444458,3.0
50,54,-31.688669204711914,196.6538543701172,8341.0
50,55,-19.708946228027344,26.704294204711914,18.0
50,56,-6.534003257751465,8.828641891479492,14.0
50,57,-6.280802249908447,4.807612419128418,3.0
50,58,-9.374712944030762,10.4194917678833,13.0
50,59,-24.202484130859375,31.737464904785156,208.0
50,60,-9.609622955322266,11.049727439880371,29.0
50,61,-11.11746883392334,40.68351364135742,21.0
50,62,-23.848400115966797,388.42498779296875,330.0
50,63,-11.253778457641602,4.9912309646606445,13.0
50,64,-8.277759552001953,5.235969066619873,12.0
50,65,-4.938623905181885,5.187271595001221,3.0
50,66,-16.201332092285156,14.883035659790039,7.0
50,67,-6.587183952331543,3.7338385581970215,3.0
50,68,-15.268239974975586,6.74316930770874,42.0
50,69,-9.595868110656738,24.49876594543457,15.0
50,70,-5.486007213592529,3.941265106201172,3.0
50,71,-10.576492309570312,1.9367876052856445,83.0
50,72,-14.08279037475586,33.80800247192383,22.0
50,73,-13.084969520568848,26.34404945373535,15.0
50,74,-14.953680038452148,146.13925170898438,326.0
50,75,-8.398625373840332,2.013522148132324,6.0
50,76,-6.955005645751953,4.018871307373047,11.0
50,77,-14.290264129638672,17.42755699157715,55.0
50,78,-7.7296905517578125,3.6265501976013184,2.0
50,79,-13.429132461547852,3.830185651779175,73.0
50,80,-6.290020942687988,3.518392324447632,18.0
50,81,-9.765216827392578,3.389397144317627,47.0
50,82,-5.138052940368652,2.7943806648254395,4.0
50,83,-21.14665985107422,6.837510108947754,274.0
50,84,-8.595266342163086,17.550609588623047,76.0
50,85,-4.222970008850098,8.260499000549316,3.0
50,86,-4.58467435836792,4.609986305236816,4.0
50,87,-32.44327163696289,57.70875930786133,281.0
50,88,-13.916492462158203,5.694846153259277,100.0
50,89,-16.280651092529297,25.94892692565918,63.0
50,90,-13.739261627197266,15.6090726852417,235.0
50,91,-15.617363929748535,13.50275993347168,14.0
50,92,-4.853047847747803,5.041393756866455,3.0
50,93,-7.188501358032227,4.211000442504883,4.0
50,94,-7.172065734863281,4.197181224822998,18.0
50,95,-16.64689064025879,5.284029960632324,237.0
50,96,-11.040801048278809,39.656986236572266,23.0
50,97,-4.559573173522949,4.571574687957764,6.0
50,98,-17.597379684448242,4.951852798461914,24.0
50,99,-16.013240814208984,7.401296138763428,150.0
50,100,-13.276067733764648,6.663074493408203,46.0
50,101,-25.255455017089844,9.933873176574707,312.0
50,102,-18.919132232666016,113.27098083496094,74.0
50,103,-8.758139610290527,18.529794692993164,195.0
50,104,-20.63559341430664,971.1986083984375,18526.0
50,105,-32.34870147705078,25.403074264526367,112.0
50,106,-29.772663116455078,70.332763671875,549.0
50,107,-9.902814865112305,27.138092041015625,36.0
50,108,-17.043060302734375,30.2232666015625,48.0
50,109,-4.761712551116943,4.890221118927002,2.0
50,110,-23.745450973510742,378.5555114746094,5801.0
50,111,-7.907599449157715,3.7356925010681152,13.0
50,112,-10.896882057189941,8.840790748596191,20.0
50,113,-9.928205490112305,11.96578598022461,11.0
50,114,-5.723576545715332,4.182437419891357,6.0
50,115,-15.826333045959473,13.981321334838867,48.0
50,116,-11.29102611541748,6.565559387207031,6.0
50,117,-4.823724269866943,1.9919289350509644,4.0
50,118,-13.853353500366211,2.158968925476074,9.0
50,119,-4.102314472198486,1.6699426174163818,3.0
50,120,-6.488495826721191,8.69572925567627,6.0
50,121,-11.84380054473877,7.199177265167236,12.0
50,122,-20.157358169555664,6.249410152435303,27.0
50,123,-5.996081829071045,4.477301120758057,2.0
50,124,-14.672624588012695,11.535594940185547,11.0
50,125,-13.712421417236328,30.81819725036621,113.0
50,126,-13.716751098632812,96.76161193847656,1161.0
50,127,-8.582122802734375,17.473886489868164,10.0
50,128,-9.895755767822266,5.2032976150512695,12.0
50,129,-20.29689598083496,18.16609001159668,55.0
50,130,-14.33186149597168,1294.56591796875,1775.0
50,131,-13.217422485351562,5.218331813812256,75.0
50,132,-25.870220184326172,74.56739044189453,85.0
50,133,-15.29054069519043,12.786930084228516,30.0
50,134,-18.379480361938477,457.82794189453125,135.0
50,135,-9.334209442138672,106.38927459716797,16.0
50,136,-1.3388367891311646,1.562487244606018,1.0
50,137,-5.942441463470459,4.417661190032959,2.0
50,138,-8.071053504943848,3.838860511779785,2.0
50,139,-15.802958488464355,9.55978775024414,14.0
50,140,-18.31562614440918,38.98298645019531,30.0
50,141,-13.059085845947266,13.623784065246582,61.0
50,142,-5.508155822753906,3.963149070739746,1.0
50,143,-8.720715522766113,18.30007553100586,79.0
50,144,-9.138617515563965,21.03537940979004,83.0
50,145,-7.824352741241455,7.071610450744629,7.0
50,146,-5.222405433654785,13.615416526794434,4.0
50,147,-6.697490692138672,2.603311777114868,4.0
50,148,-1.3380343914031982,1.562069296836853,1.0
50,149,-29.643037796020508,375.6310729980469,517.0
50,150,-8.938779830932617,19.679811477661133,8.0
50,151,-13.426294326782227,14.661995887756348,15.0
50,152,-9.491703033447266,23.66272735595703,20.0
50,153,-9.231819152832031,6.33673620223999,6.0
50,154,-21.185222625732422,199.5980682373047,554.0
50,155,-22.644412994384766,287.4656066894531,73.0
50,156,-12.619170188903809,67.11381530761719,46.0
50,157,-14.418764114379883,122.27283477783203,183.0
50,158,-4.205146789550781,2.861330509185791,3.0
50,159,-11.638731002807617,336.75830078125,681.0
50,160,-9.0401611328125,20.356229782104492,19.0
50,161,-13.863988876342773,10.081124305725098,39.0
50,162,-13.997249603271484,4.736269950866699,37.0
50,163,-5.616194248199463,6.501706600189209,7.0
50,164,-8.791176795959473,18.73497772216797,8.0
50,165,-17.710546493530273,19.13956642150879,47.0
50,166,-15.735347747802734,2.0446836948394775,7.0
50,167,-15.492044448852539,9.144469261169434,13.0
50,168,-3.4772047996520996,2.0045928955078125,2.0
50,169,-9.999923706054688,12.182262420654297,12.0
50,170,-22.89366912841797,45.40451431274414,56.0
50,171,-18.369943618774414,39.40878677368164,81.0
50,172,-12.019754409790039,7.413423538208008,10.0
50,173,-13.091410636901855,13.712146759033203,535.0
50,174,-16.60975456237793,10.72762393951416,16.0
50,175,-25.482471466064453,163.44789123535156,184.0
50,176,-14.501293182373047,11.21085262298584,24.0
50,177,-14.332923889160156,2.323589563369751,7.0
50,178,-25.832210540771484,5.596533298492432,20.0
50,179,-14.680464744567871,1541.0701904296875,5922.0
50,180,-13.186273574829102,27.019758224487305,23.0
50,181,-14.283360481262207,116.87679290771484,301.0
50,182,-16.588211059570312,63.24732208251953,58.0
50,183,-13.49307918548584,29.173763275146484,18.0
50,184,-38.11140441894531,231.47830200195312,1016.0
50,185,-12.26786994934082,5.769312381744385,29.0
50,186,-5.0638508796691895,2.7532174587249756,8.0
50,187,-12.518036842346191,522.7056274414062,1119.0
50,188,-13.855874061584473,101.35454559326172,2303.0
50,189,-7.9654645919799805,14.227190017700195,24.0
50,190,-24.658958435058594,21.810026168823242,29.0
50,191,-12.704490661621094,12.69106388092041,1722.0
50,192,-14.128702163696289,10.535850524902344,18.0
50,193,-13.472286224365234,29.022504806518555,34.0
50,194,-17.01837158203125,4960.123046875,477.0
50,195,-5.243409156799316,3.709333658218384,6.0
50,196,-22.398225784301758,270.3064880371094,13364.0
50,197,-11.890472412109375,19.543018341064453,1798.0
50,198,-10.01267147064209,2.721728563308716,53.0
50,199,-10.77623462677002,8.630021095275879,39.0
50,200,-16.862995147705078,3.6588666439056396,76.0
50,201,-9.910170555114746,141.8946990966797,297.0
50,202,-6.9350128173828125,32.05670928955078,45.0
50,203,-32.19377136230469,25.01253318786621,746.0
50,204,-6.928000450134277,5.651947021484375,6.0
50,205,-14.769906044006348,19.18216896057129,458.0
50,206,-6.358321666717529,4.901691913604736,35.0
50,207,-11.287873268127441,16.809904098510742,846.0
50,208,-13.773876190185547,98.62175750732422,2545.0
50,209,-26.607664108276367,27.82564353942871,5999.0
50,210,-3.3896989822387695,1.9698151350021362,2.0
50,211,-10.304322242736816,31.024404525756836,195.0
50,212,-9.32654857635498,10.294781684875488,12.0
50,213,-15.495277404785156,175.05364990234375,2080.0
50,214,-6.989516735076904,5.739541053771973,25.0
50,215,-33.379886627197266,16.145755767822266,79.0
50,216,-6.782508373260498,5.450062274932861,6.0
50,217,-18.976524353027344,558.6416015625,789.0
50,218,-10.135841369628906,12.60332202911377,11.0
50,219,-14.353004455566406,36.17076110839844,272.0
50,220,-13.802672386169434,99.57295989990234,2392.0
50,221,-5.176975727081299,2.816218852996826,3.0
50,222,-23.26237678527832,27.748912811279297,211.0
50,223,-3.5347816944122314,3.24871826171875,2.0
50,224,-1.4685909748077393,2.0840134620666504,1.0
50,225,-16.669668197631836,10.819838523864746,121.0
50,226,-10.58184814453125,34.0313720703125,325.0
50,227,-14.381669044494629,36.43090057373047,322.0
50,228,-13.5137357711792,6.893187522888184,137.0
50,229,-18.900590896606445,4.830979347229004,50.0
50,230,-22.619007110595703,9.60132122039795,281.0
50,231,-6.151519775390625,2.7878012657165527,3.0
50,232,-0.9838688373565674,1.3881282806396484,1.0
50,233,-11.47598648071289,45.84787368774414,158.0
50,234,-14.577400207519531,38.257896423339844,49.0
50,235,-17.174488067626953,73.23123931884766,250.0
50,236,-13.01889419555664,76.67928314208984,39.0
50,237,-17.73265266418457,34.69274139404297,728.0
50,238,-34.53412628173828,17.77590560913086,2870.0
50,239,-7.652889251708984,3.580425262451172,7.0
50,240,-17.734161376953125,19.215044021606445,1526.0
50,241,-7.663054943084717,12.862956047058105,60.0
50,242,-38.34282684326172,239.25901794433594,1897.0
50,243,-14.446484565734863,7.875710487365723,24.0
50,244,-7.781947135925293,13.382963180541992,10.0
50,245,-10.2107515335083,7.7071638107299805,10.0
50,246,-7.02026891708374,5.783836841583252,7.0
50,247,-20.795446395874023,32.00550079345703,106.0
50,248,-9.88381576538086,4.1040472984313965,3.0
50,249,-13.894745826721191,16.102092742919922,112.0
50,250,-30.095537185668945,43.03192138671875,1782.0
50,251,-21.245227813720703,70.03852081298828,311.0
50,252,-24.505008697509766,21.394332885742188,63.0
50,253,-31.821861267089844,580.7801513671875,869.0
50,254,-11.779922485351562,7.122939109802246,6.0
50,255,-17.39997100830078,12.009645462036133,55.0
50,256,-16.698448181152344,65.01461029052734,216.0
50,257,-19.6988525390625,137.64984130859375,559.0
50,258,-5.705928325653076,3.1304776668548584,2.0
50,259,-11.152199745178223,9.30395793914795,239.0
50,260,-8.581863403320312,17.47237777709961,16.0
50,261,-23.11370849609375,6.8629841804504395,138.0
50,262,-13.498823165893555,89.98181915283203,92.0
50,263,-15.458401679992676,22.0140380859375,11.0
50,264,-8.11069393157959,14.932867050170898,30.0
50,265,-8.392541885375977,16.40381622314453,58.0
50,266,-9.858752250671387,26.742414474487305,212.0
50,267,-12.339098930358887,21.86254119873047,90.0
50,268,-22.011566162109375,39.196773529052734,75.0
50,269,-1.9422104358673096,1.4746816158294678,1.0
50,270,-3.0467710494995117,1.8392431735992432,1.0
50,271,-15.212516784667969,12.621724128723145,44.0
50,272,-6.864473819732666,9.85676383972168,6.0
50,273,-8.855632781982422,9.151412010192871,14.0
50,274,-8.639911651611328,8.67094612121582,29.0
50,275,-6.380222320556641,4.928602695465088,18.0
50,276,-13.796850204467773,7.177697658538818,10.0
50,277,-18.390933990478516,99.25908660888672,512.0
50,278,-17.391033172607422,11.994322776794434,124.0
50,279,-10.252354621887207,7.771559238433838,246.0
50,280,-16.5273380279541,7.892533779144287,32.0
50,281,-12.755508422851562,70.23426055908203,51.0
50,282,-6.503247261047363,8.738592147827148,3.0
50,283,-13.533893585205078,91.03988647460938,1055.0
50,284,-11.173439979553223,9.343565940856934,189.0
50,285,-21.473613739013672,7.043791770935059,7.0
50,286,-22.429697036743164,7.683410167694092,10.0
50,287,-2.2004382610321045,3.00482439994812,2.0
50,288,-12.943851470947266,13.31339168548584,709.0
50,289,-32.11463928222656,24.815387725830078,148.0
50,290,-17.56239128112793,80.68863677978516,51.0
50,291,-5.540132999420166,3.9949586391448975,6.0
50,292,-8.707691192626953,8.819127082824707,12.0
50,293,-1.014620065689087,1.2887271642684937,1.0
50,294,-18.70879364013672,107.46856689453125,48.0
50,295,-5.887146472930908,18.983558654785156,30.0
50,296,-28.668935775756836,24.1778564453125,199.0
50,297,-20.82384490966797,19.586389541625977,64.0
50,298,-17.815448760986328,35.27201461791992,6650.0
50,299,-18.637821197509766,11146.83203125,362.0
50,300,-25.130970001220703,286497.46875,4954.0
50,301,-23.467693328857422,13.565387725830078,569.0
50,302,-9.452165603637695,10.623211860656738,12.0
50,303,-14.103343963623047,16.78807258605957,1642.0
52,0,-21.30374526977539,34.835052490234375,110.0
52,1,-2.578770637512207,1.9054012298583984,1.0
52,2,-8.615886688232422,17.671661376953125,3.0
52,3,-8.628774642944336,17.747739791870117,118.0
52,4,-18.54437828063965,14.142675399780273,132.0
52,5,-29.97461700439453,27.952678680419922,134.0
52,6,-38.31208038330078,70.59066772460938,1945.0
52,7,-13.340039253234863,6.724246501922607,128.0
52,8,-5.3374834060668945,5.924883842468262,5.0
52,9,-11.335349082946777,9.651079177856445,12.0
52,10,-21.628097534179688,222.96713256835938,1151.0
52,11,-7.543516159057617,4.520864486694336,8.0
52,12,-9.56527328491211,10.92789077758789,8.0
52,13,-8.007153511047363,3.138920783996582,10.0
52,14,-20.150596618652344,826.2236938476562,257.0
52,15,-6.539487838745117,2.26468563079834,13.0
52,16,-7.430777549743652,6.4089436531066895,17.0
52,17,-17.80626678466797,378.1997375488281,194.0
52,18,-20.88791275024414,34336.23046875,1811.0
52,19,-17.140432357788086,11.572518348693848,23.0
52,20,-13.23044490814209,14.098791122436523,28.0
52,21,-12.229034423828125,58.9296875,23.0
52,22,-11.028166770935059,9.075998306274414,13.0
52,23,-3.810412883758545,1.7234786748886108,2.0
52,24,-6.805263519287109,9.664130210876465,6.0
52,25,-3.8925821781158447,3.6602351665496826,6.0
52,26,-3.68808650970459,2.5143685340881348,4.0
52,27,-7.873800754547119,4.829583168029785,27.0
52,28,-9.928794860839844,3.459414482116699,36.0
52,29,-19.255800247192383,15.655596733093262,34.0
52,30,-5.323009490966797,2.899684429168701,4.0
52,31,-10.517416000366211,33.30825424194336,29.0
52,32,-10.233674049377441,12.915375709533691,111.0
52,33,-13.091787338256836,5.137021064758301,39.0
52,34,-9.641804695129395,24.87678337097168,92.0
52,35,-6.300889492034912,8.168591499328613,13.0
52,36,-17.330095291137695,322.6921081542969,382.0
52,37,-23.132038116455078,10.1067533493042,182.0
52,38,-43.699214935302734,53.12544631958008,15215.0
52,39,-11.054235458374023,39.834964752197266,58.0
52,40,-9.869584083557129,26.839143753051758,19.0
52,41,-8.53933334350586,8.455636978149414,11.0
52,42,-10.10870361328125,156.7029266357422,174.0
52,43,-39.58588409423828,733.36767578125,1722.0
52,44,-3.648563861846924,6.198342800140381,3.0
52,45,-10.556241989135742,5.808797836303711,11.0
52,46,-11.636626243591309,48.36979293823242,91.0
52,47,-5.753961086273193,4.214328765869141,13.0
52,48,-20.929996490478516,187.2602081298828,3454.0
52,49,-15.924503326416016,5.867269039154053,27.0
52,50,-13.903249740600586,102.96781921386719,1361.0
52,51,-12.723176956176758,69.48138427734375,110.0
52,52,-9.297904968261719,6.421046257019043,54.0
52,53,-5.70863151550293,6.7051591873168945,3.0
52,54,-31.93954849243164,205.05084228515625,8906.0
52,55,-19.534290313720703,25.93815803527832,18.0
52,56,-6.493626117706299,8.710611343383789,13.0
52,57,-6.186894416809082,4.696058750152588,3.0
52,58,-9.130361557006836,9.802038192749023,12.0
52,59,-24.31635093688965,32.2579460144043,213.0
52,60,-9.73016357421875,11.387781143188477,32.0
52,61,-11.067083358764648,40.00593185424805,21.0
52,62,-24.14483070373535,418.30364990234375,339.0
52,63,-11.431072235107422,5.119262218475342,13.0
52,64,-8.298072814941406,5.257284164428711,12.0
52,65,-4.995289325714111,5.2861833572387695,3.0
52,66,-16.178531646728516,14.82658576965332,7.0
52,67,-6.617550849914551,3.756584405899048,3.0
52,68,-15.330538749694824,6.795886039733887,41.0
52,69,-9.540552139282227,24.05118179321289,15.0
52,70,-5.365639686584473,3.824431896209717,3.0
52,71,-10.549372673034668,1.9335075616836548,81.0
52,72,-14.140033721923828,34.29530334472656,22.0
52,73,-13.021638870239258,25.930238723754883,15.0
52,74,-14.87195110321045,142.21170043945312,321.0
52,75,-8.401230812072754,2.0139594078063965,6.0
52,76,-6.888017654418945,3.9653871059417725,10.0
52,77,-14.322534561157227,17.540403366088867,54.0
52,78,-7.770710468292236,3.651428461074829,2.0
52,79,-13.385080337524414,3.813349485397339,74.0
52,80,-6.24845552444458,3.489264965057373,19.0
52,81,-9.850494384765625,3.425720453262329,47.0
52,82,-5.080559730529785,2.7624335289001465,4.0
52,83,-21.31584358215332,6.943486213684082,287.0
52,84,-8.5963773727417,17.557113647460938,75.0
52,85,-4.274169921875,8.474698066711426,3.0
52,86,-4.5875654220581055,4.614430904388428,4.0
52,87,-32.724884033203125,59.77637481689453,280.0
52,88,-14.06319808959961,5.800242900848389,104.0
52,89,-16.326641082763672,26.188705444335938,65.0
52,90,-13.464497566223145,14.77445125579834,225.0
52,91,-15.58867073059082,13.438340187072754,14.0
52,92,-4.929615020751953,5.171718597412109,3.0
52,93,-7.034430503845215,4.083220958709717,4.0
52,94,-7.142951011657715,4.172811985015869,19.0
52,95,-16.70601463317871,5.315363883972168,254.0
52,96,-10.999348640441895,39.11279296875,23.0
52,97,-4.536962032318115,4.537247657775879,6.0
52,98,-17.522165298461914,4.918108940124512,24.0
52,99,-16.034807205200195,7.421275615692139,145.0
52,100,-13.320108413696289,6.7051286697387695,50.0
52,101,-25.446147918701172,10.107583999633789,311.0
52,102,-19.072221755981445,117.69017028808594,74.0
52,103,-9.017184257507324,20.200918197631836,235.0
52,104,-20.4166259765625,902.8369140625,18708.0
52,105,-32.525054931640625,25.85504150390625,109.0
52,106,-30.17605972290039,74.50497436523438,582.0
52,107,-9.925243377685547,27.341739654541016,35.0
52,108,-17.05042266845703,30.26780128479004,48.0
52,109,-4.779131889343262,4.918698310852051,2.0
52,110,-24.142969131469727,418.1090393066406,5960.0
52,111,-7.853613376617432,3.70223069190979,13.0
52,112,-10.89084243774414,8.830120086669922,20.0
52,113,-9.856522560119629,11.753259658813477,11.0
52,114,-5.579334259033203,4.034303188323975,6.0
52,115,-15.795755386352539,13.910247802734375,43.0
52,116,-11.272403717041016,6.545213222503662,6.0
52,117,-4.931121826171875,2.022725820541382,4.0
52,118,-13.76512336730957,2.1484122276306152,8.0
52,119,-4.005008220672607,1.6497538089752197,3.0
52,120,-6.552920341491699,8.884488105773926,7.0
52,121,-11.860843658447266,7.219655990600586,12.0
52,122,-20.249160766601562,6.301784515380859,26.0
52,123,-6.038581848144531,4.525125980377197,2.0
52,124,-14.571731567382812,11.343240737915039,11.0
52,125,-13.753717422485352,31.138011932373047,110.0
52,126,-13.775016784667969,98.65928649902344,1199.0
52,127,-8.571979522705078,17.414905548095703,10.0
52,128,-9.897579193115234,5.204879283905029,12.0
52,129,-20.229347229003906,17.99163055419922,54.0
52,130,-14.35306167602539,1308.3614501953125,1801.0
52,131,-13.283636093139648,5.261701583862305,75.0
52,132,-26.01558494567871,76.39603424072266,79.0
52,133,-15.277559280395508,12.759293556213379,29.0
52,134,-18.50800323486328,477.867919921875,138.0
52,135,-9.30348014831543,104.76712799072266,16.0
52,136,-1.3437843322753906,1.5650662183761597,1.0
52,137,-5.777015209197998,4.238687992095947,2.0
52,138,-7.983957290649414,3.7835376262664795,2.0
52,139,-15.964977264404297,9.783634185791016,14.0
52,140,-18.417573928833008,39.785987854003906,32.0
52,141,-12.991867065429688,13.441856384277344,62.0
52,142,-5.407937526702881,3.8650877475738525,1.0
52,143,-8.704607963562012,18.202083587646484,78.0
52,144,-9.163098335266113,21.207738876342773,81.0
52,145,-7.710597991943359,6.873335838317871,5.0
52,146,-5.19091272354126,13.402702331542969,4.0
52,147,-6.591921806335449,2.564345121383667,4.0
52,148,-1.2986094951629639,1.5416754484176636,1.0
52,149,-29.517009735107422,366.2813720703125,503.0
52,150,-8.86549186706543,19.204870223999023,8.0
52,151,-13.310017585754395,14.324960708618164,15.0
52,152,-9.59597110748291,24.49960708618164,20.0
52,153,-9.186229705810547,6.279221534729004,6.0
52,154,-21.378387451171875,209.47341918945312,576.0
52,155,-22.699777603149414,291.4721374511719,70.0
52,156,-12.594669342041016,66.56794738769531,43.0
52,157,-14.399110794067383,121.47441101074219,179.0
52,158,-4.150857925415039,2.822758197784424,3.0
52,159,-11.610332489013672,332.0103759765625,660.0
52,160,-9.051774024963379,20.4351806640625,19.0
52,161,-14.041982650756836,10.384666442871094,39.0
52,162,-13.918928146362305,4.695231914520264,37.0
52,163,-5.60088586807251,6.4686150550842285,7.0
52,164,-8.73797607421875,18.405670166015625,8.0
52,165,-17.76908302307129,19.327205657958984,44.0
52,166,-16.050182342529297,2.074154853820801,8.0
52,167,-15.646894454956055,9.34901237487793,15.0
52,168,-3.4266529083251953,1.984427571296692,2.0
52,169,-10.01006031036377,12.213172912597656,12.0
52,170,-22.97905731201172,46.0552978515625,57.0
52,171,-18.22309112548828,38.26816177368164,77.0
52,172,-12.113166809082031,7.529744625091553,11.0
52,173,-13.016703605651855,13.508790969848633,523.0
52,174,-16.651012420654297,10.791038513183594,17.0
52,175,-25.4058837890625,160.96336364746094,188.0
52,176,-14.6065673828125,11.40929126739502,26.0
52,177,-14.132862091064453,2.296405076980591,8.0
52,178,-26.219436645507812,5.742889881134033,20.0
52,179,-14.760420799255371,1603.9271240234375,6070.0
52,180,-13.301445007324219,27.809043884277344,25.0
52,181,-14.21891975402832,114.39299011230469,283.0
52,182,-16.495685577392578,61.80111312866211,58.0
52,183,-13.548258781433105,29.579002380371094,17.0
52,184,-38.20180130004883,234.48703002929688,1043.0
52,185,-12.159299850463867,5.680520534515381,27.0
52,186,-4.930811405181885,2.6809260845184326,8.0
52,187,-12.509866714477539,520.57470703125,1113.0
52,188,-13.835926055908203,100.68281555175781,2281.0
52,189,-7.998226165771484,14.383410453796387,26.0
52,190,-24.409523010253906,21.140493392944336,29.0
52,191,-12.67314338684082,12.611745834350586,1684.0
52,192,-14.093404769897461,10.474050521850586,18.0
52,193,-13.45343017578125,28.886014938354492,35.0
52,194,-17.022079467773438,4969.3271484375,472.0
52,195,-5.167549133300781,3.6396491527557373,6.0
52,196,-22.634681701660156,286.7671203613281,14015.0
52,197,-11.997661590576172,20.07379913330078,1915.0
52,198,-9.62772274017334,2.6189467906951904,45.0
52,199,-10.9837007522583,8.995640754699707,46.0
52,200,-16.905155181884766,3.6707520484924316,74.0
52,201,-9.949559211730957,144.7169189453125,314.0
52,202,-6.9753031730651855,32.70904541015625,46.0
52,203,-32.00649642944336,24.54847526550293,704.0
52,204,-6.927335262298584,5.651007175445557,6.0
52,205,-15.024272918701172,20.18328285217285,443.0
52,206,-6.4320292472839355,4.992852210998535,36.0
52,207,-11.312509536743164,16.913759231567383,861.0
52,208,-13.914093017578125,103.34066772460938,2725.0
52,209,-26.71485710144043,28.200990676879883,6287.0
52,210,-3.382154941558838,1.9668455123901367,2.0
52,211,-10.395288467407227,31.979536056518555,211.0
52,212,-9.375526428222656,10.421610832214355,13.0
52,213,-15.598776817321777,181.1983184814453,2163.0
52,214,-7.40283727645874,6.36433219909668,36.0
52,215,-33.68024444580078,16.554981231689453,90.0
52,216,-6.905672550201416,5.620486259460449,6.0
52,217,-19.083988189697266,579.015625,863.0
52,218,-10.040063858032227,12.305127143859863,11.0
52,219,-14.440032958984375,36.96635818481445,276.0
52,220,-13.71195125579834,96.60693359375,2284.0
52,221,-5.171011924743652,2.812861680984497,3.0
52,222,-23.123207092285156,27.202678680419922,202.0
52,223,-3.6196069717407227,3.3418872356414795,2.0
52,224,-1.4175817966461182,2.0315334796905518,1.0
52,225,-16.768232345581055,10.97326374053955,123.0
52,226,-10.66677188873291,35.00849151611328,336.0
52,227,-14.315535545349121,35.83352279663086,324.0
52,228,-13.390251159667969,6.772654056549072,138.0
52,229,-18.840850830078125,4.806988716125488,50.0
52,230,-23.041492462158203,10.015652656555176,308.0
52,231,-6.156839370727539,2.790274143218994,3.0
52,232,-0.97016441822052,1.3818014860153198,1.0
52,233,-11.467495918273926,45.71829605102539,155.0
52,234,-14.448689460754395,37.046443939208984,47.0
52,235,-17.303226470947266,75.6264877319336,264.0
52,236,-13.173566818237305,80.73636627197266,42.0
52,237,-20.25608253479004,57.46733093261719,780.0
52,238,-34.47489929199219,17.688386917114258,2776.0
52,239,-7.645873069763184,3.5762407779693604,7.0
52,240,-17.7574520111084,19.289779663085938,1583.0
52,241,-7.615931510925293,12.662487030029297,57.0
52,242,-38.279361724853516,237.09954833984375,1860.0
52,243,-14.31840705871582,7.732921123504639,23.0
52,244,-7.739189147949219,13.193572998046875,10.0
52,245,-10.093530654907227,7.5285773277282715,10.0
52,246,-6.982095718383789,5.728902339935303,7.0
52,247,-20.75140380859375,31.771427154541016,106.0
52,248,-9.888046264648438,4.106528282165527,3.0
52,249,-14.038418769836426,16.571489334106445,116.0
52,250,-30.0604248046875,42.84346389770508,1794.0
52,251,-21.32297134399414,71.13603973388672,309.0
52,252,-24.399948120117188,21.11520767211914,61.0
52,253,-32.109703063964844,615.1959228515625,944.0
52,254,-11.88101577758789,7.243969440460205,6.0
52,255,-17.601587295532227,12.360581398010254,57.0
52,256,-16.384735107421875,60.11045455932617,218.0
52,257,-20.119998931884766,152.93296813964844,589.0
52,258,-5.646913051605225,3.093745708465576,2.0
52,259,-11.492427825927734,9.959087371826172,257.0
52,260,-8.644977569580078,17.843856811523438,16.0
52,261,-22.957317352294922,6.77412223815918,123.0
52,262,-13.603068351745605,93.16350555419922,95.0
52,263,-15.506242752075195,22.22568130493164,12.0
52,264,-8.059885025024414,14.682089805603027,29.0
52,265,-8.274890899658203,15.772957801818848,54.0
52,266,-9.669535636901855,25.10780143737793,169.0
52,267,-12.31024169921875,21.705385208129883,90.0
52,268,-22.035213470458984,39.3515625,74.0
52,269,-1.951941967010498,1.4775545597076416,1.0
52,270,-3.009122133255005,1.8254461288452148,1.0
52,271,-15.146391868591309,12.48338508605957,44.0
52,272,-6.8751115798950195,9.891777992248535,6.0
52,273,-8.766480445861816,8.949700355529785,14.0
52,274,-8.525242805480957,8.4259033203125,24.0
52,275,-6.413915157318115,4.970293045043945,18.0
52,276,-13.824703216552734,7.2063140869140625,10.0
52,277,-18.444156646728516,100.588623046875,522.0
52,278,-17.288236618041992,11.81946849822998,119.0
52,279,-10.265422821044922,7.79189920425415,255.0
52,280,-16.663684844970703,8.028202056884766,34.0
52,281,-12.98732852935791,75.87670135498047,57.0
52,282,-6.3846845626831055,8.399970054626465,4.0
52,283,-13.591625213623047,92.808837890625,1072.0
52,284,-10.86667251586914,8.787537574768066,163.0
52,285,-21.216033935546875,6.880768775939941,8.0
52,286,-22.066558837890625,7.433901786804199,10.0
52,287,-2.1816816329956055,2.976775884628296,2.0
52,288,-12.96068000793457,13.35827350616455,793.0
52,289,-31.888629913330078,24.260828018188477,142.0
52,290,-17.73706817626953,84.29032135009766,52.0
52,291,-5.548814296722412,4.003638744354248,6.0
52,292,-8.67105770111084,8.738725662231445,12.0
52,293,-0.9307317733764648,1.2619812488555908,1.0
52,294,-18.906089782714844,112.90225982666016,52.0
52,295,-6.082921981811523,20.935806274414062,32.0
52,296,-28.73996925354004,24.36943817138672,214.0
52,297,-20.50918197631836,18.725444793701172,59.0
52,298,-17.935598373413086,36.12985610961914,6997.0
52,299,-18.579723358154297,10827.6865234375,371.0
52,300,-25.176713943481445,293125.75,5098.0
52,301,-23.472658157348633,13.572874069213867,573.0
52,302,-9.373790740966797,10.417089462280273,9.0
52,303,-14.323038101196289,17.54216766357422,1745.0
54,0,-21.1308650970459,33.84566116333008,110.0
54,1,-2.5249102115631104,1.8799169063568115,1.0
54,2,-8.646341323852539,17.851966857910156,3.0
54,3,-8.4265775680542,16.590978622436523,110.0
54,4,-18.62652587890625,14.309623718261719,137.0
54,5,-30.018396377563477,28.0889835357666,132.0
54,6,-38.30908966064453,70.56720733642578,1910.0
54,7,-13.248297691345215,6.636694431304932,125.0
54,8,-5.378873825073242,6.007194995880127,5.0
54,9,-11.236790657043457,9.462703704833984,10.0
54,10,-22.153688430786133,254.27645874023438,1209.0
54,11,-7.508020401000977,4.488883972167969,7.0
54,12,-9.621654510498047,11.083013534545898,8.0
54,13,-7.977879524230957,3.125821113586426,10.0
54,14,-20.405616760253906,899.5299072265625,284.0
54,15,-6.507775783538818,2.2557263374328613,13.0
54,16,-7.402399063110352,6.363635063171387,18.0
54,17,-17.896629333496094,389.76470947265625,202.0
54,18,-20.863611221313477,33921.54296875,1778.0
54,19,-17.15959930419922,11.60425090789795,23.0
54,20,-13.15135669708252,13.87753677368164,29.0
54,21,-12.217096328735352,58.69563293457031,24.0
54,22,-11.056844711303711,9.128204345703125,13.0
54,23,-3.732379674911499,1.704372525215149,2.0
54,24,-6.830743312835693,9.746560096740723,6.0
54,25,-3.875278949737549,3.6391844749450684,6.0
54,26,-3.651258707046509,2.4913249015808105,3.0
54,27,-7.832095623016357,4.789466857910156,27.0
54,28,-9.693990707397461,3.3593544960021973,33.0
54,29,-19.333131790161133,15.829509735107422,34.0
54,30,-5.2032012939453125,2.831028938293457,4.0
54,31,-10.564013481140137,33.829654693603516,31.0
54,32,-10.147844314575195,12.641197204589844,108.0
54,33,-13.082025527954102,5.130756855010986,39.0
54,34,-9.607266426086426,24.592023849487305,91.0
54,35,-6.297181606292725,8.158501625061035,13.0
54,36,-17.42914390563965,333.52398681640625,384.0
54,37,-23.02975082397461,10.003901481628418,175.0
54,38,-43.82522964477539,53.7375373840332,15411.0
54,39,-11.087491989135742,40.279014587402344,58.0
54,40,-9.838866233825684,26.565731048583984,18.0
54,41,-8.471148490905762,8.312722206115723,10.0
54,42,-10.168088912963867,161.4256134033203,180.0
54,43,-39.643836975097656,740.4854736328125,1794.0
54,44,-3.642857313156128,6.18068265914917,3.0
54,45,-10.480706214904785,5.736127853393555,11.0
54,46,-11.76623249053955,50.50525665283203,94.0
54,47,-5.6628522872924805,4.119422912597656,12.0
54,48,-21.056119918823242,193.25875854492188,3467.0
54,49,-15.928915023803711,5.87014627456665,26.0
54,50,-13.755874633789062,98.03174591064453,1298.0
54,51,-12.751174926757812,70.13286590576172,116.0
54,52,-9.325450897216797,6.456518173217773,58.0
54,53,-5.60142707824707,6.469781875610352,3.0
54,54,-31.851736068725586,202.07176208496094,8706.0
54,55,-19.461013793945312,25.623306274414062,18.0
54,56,-6.442838668823242,8.5643892288208,13.0
54,57,-6.134482383728027,4.634927749633789,3.0
54,58,-8.958958625793457,9.390886306762695,12.0
54,59,-24.48465347290039,33.04293441772461,215.0
54,60,-9.816848754882812,11.637261390686035,34.0
54,61,-11.09431266784668,40.37069320678711,21.0
54,62,-24.213743209838867,425.5727233886719,336.0
54,63,-11.441191673278809,5.1266679763793945,13.0
54,64,-8.294641494750977,5.2536773681640625,9.0
54,65,-4.938372611999512,5.186838150024414,3.0
54,66,-16.12837791442871,14.703166961669922,7.0
54,67,-6.614646911621094,3.7544033527374268,3.0
54,68,-15.414608001708984,6.867678165435791,42.0
54,69,-9.40855598449707,23.015905380249023,15.0
54,70,-5.329288482666016,3.7898337841033936,3.0
54,71,-10.413189888000488,1.9171205759048462,77.0
54,72,-14.155086517333984,34.42460632324219,22.0
54,73,-12.945384979248047,25.440597534179688,15.0
54,74,-14.937664031982422,145.36114501953125,326.0
54,75,-8.43529224395752,2.019683837890625,6.0
54,76,-6.9056878089904785,3.9794259071350098,10.0
54,77,-14.30094051361084,17.464811325073242,54.0
54,78,-7.717441558837891,3.6191537380218506,2.0
54,79,-13.292905807495117,3.778362274169922,75.0
54,80,-6.198896884918213,3.4548511505126953,18.0
54,81,-9.79305648803711,3.401212692260742,47.0
54,82,-5.112435340881348,2.7801003456115723,4.0
54,83,-21.44921875,7.028188705444336,296.0
54,84,-8.545465469360352,17.261672973632812,72.0
54,85,-4.298423767089844,8.578094482421875,3.0
54,86,-4.524456977844238,4.518374919891357,4.0
54,87,-32.57834243774414,58.691375732421875,279.0
54,88,-14.021453857421875,5.770055770874023,102.0
54,89,-16.216930389404297,25.620325088500977,62.0
54,90,-13.382209777832031,14.53329086303711,220.0
54,91,-15.668000221252441,13.617196083068848,15.0
54,92,-4.942511558532715,5.19399881362915,3.0
54,93,-6.850554466247559,3.9357869625091553,4.0
54,94,-7.114262580871582,4.1489386558532715,19.0
54,95,-16.848745346069336,5.391774654388428,261.0
54,96,-10.902410507202148,37.86915588378906,20.0
54,97,-4.47638463973999,4.446548938751221,6.0
54,98,-17.487457275390625,4.902616024017334,24.0
54,99,-16.076717376708984,7.4602556228637695,143.0
54,100,-13.303062438964844,6.688819885253906,51.0
54,101,-25.418550491333008,10.082259178161621,297.0
54,102,-19.11235237121582,118.8768539428711,76.0
54,103,-9.208993911743164,21.534683227539062,264.0
54,104,-20.162569046020508,829.5274658203125,18150.0
54,105,-32.832645416259766,26.662673950195312,109.0
54,106,-30.227867126464844,75.05843353271484,574.0
54,107,-9.925627708435059,27.345239639282227,36.0
54,108,-16.916704177856445,29.469057083129883,48.0
54,109,-4.753530502319336,4.876902103424072,2.0
54,110,-24.42955207824707,449.1639709472656,6005.0
54,111,-7.791375637054443,3.6640262603759766,12.0
54,112,-10.78650188446045,8.647761344909668,20.0
54,113,-9.852849960327148,11.742474555969238,12.0
54,114,-5.468969345092773,3.924513101577759,6.0
54,115,-15.614867210388184,13.497139930725098,36.0
54,116,-11.187448501586914,6.453191757202148,6.0
54,117,-5.004112720489502,2.0439276695251465,4.0
54,118,-13.690130233764648,2.139479875564575,8.0
54,119,-3.921238899230957,1.6325689554214478,3.0
54,120,-6.542264938354492,8.852986335754395,6.0
54,121,-11.750799179077148,7.088449001312256,12.0
54,122,-20.265628814697266,6.311225414276123,27.0
54,123,-5.969857215881348,4.448043346405029,2.0
54,124,-14.560881614685059,11.322745323181152,11.0
54,125,-13.735123634338379,30.993606567382812,110.0
54,126,-13.763402938842773,98.278076171875,1189.0
54,127,-8.555734634399414,17.320859909057617,10.0
54,128,-9.77359390258789,5.098428726196289,12.0
54,129,-20.13238525390625,17.7441349029541,54.0
54,130,-14.3698091506958,1319.3634033203125,1820.0
54,131,-13.166866302490234,5.185458660125732,70.0
54,132,-26.046689987182617,76.7931137084961,80.0
54,133,-15.280298233032227,12.765120506286621,29.0
54,134,-18.643688201904297,499.9773864746094,140.0
54,135,-9.200742721557617,99.5212631225586,16.0
54,136,-1.3375996351242065,1.561842918395996,1.0
54,137,-5.760279655456543,4.220991134643555,2.0
54,138,-7.9081549644470215,3.7360384464263916,2.0
54,139,-15.84886360168457,9.622685432434082,14.0
54,140,-18.43851661682129,39.95298385620117,32.0
54,141,-12.898024559020996,13.191925048828125,57.0
54,142,-5.4016923904418945,3.859057903289795,1.0
54,143,-8.656128883361816,17.91030502319336,76.0
54,144,-9.167437553405762,21.23843765258789,82.0
54,145,-7.700605392456055,6.856186866760254,5.0
54,146,-5.1843953132629395,13.359098434448242,4.0
54,147,-6.57753324508667,2.559079647064209,4.0
54,148,-1.2521306276321411,1.5179743766784668,1.0
54,149,-29.484661102294922,363.9192810058594,498.0
54,150,-8.783272743225098,18.685680389404297,8.0
54,151,-13.228541374206543,14.093423843383789,14.0
54,152,-9.62575912475586,24.74408531188965,20.0
54,153,-9.158085823059082,6.243975639343262,6.0
54,154,-21.251197814941406,202.91749572753906,556.0
54,155,-22.568376541137695,282.0527648925781,72.0
54,156,-12.612915992736816,66.97404479980469,42.0
54,157,-14.410840034484863,121.95025634765625,181.0
54,158,-4.0594000816345215,2.7589497566223145,3.0
54,159,-11.443474769592285,305.43511962890625,622.0
54,160,-9.01594352722168,20.19256591796875,18.0
54,161,-14.069931983947754,10.433154106140137,38.0
54,162,-13.887404441833496,4.6788153648376465,38.0
54,163,-5.601118564605713,6.469116687774658,8.0
54,164,-8.697907447814941,18.16147232055664,8.0
54,165,-17.74266815185547,19.242307662963867,44.0
54,166,-16.03179168701172,2.0724215507507324,8.0
54,167,-15.455891609191895,9.09736156463623,14.0
54,168,-3.4526515007019043,1.9947731494903564,2.0
54,169,-10.007505416870117,12.205374717712402,12.0
54,170,-23.038105010986328,46.51078414916992,57.0
54,171,-18.097896575927734,37.32186508178711,67.0
54,172,-12.147071838378906,7.572414875030518,12.0
54,173,-12.965420722961426,13.37094497680664,511.0
54,174,-16.589717864990234,10.69696044921875,19.0
54,175,-25.49456787109375,163.8438262939453,196.0
54,176,-14.540307998657227,11.283987045288086,26.0
54,177,-13.984481811523438,2.2764484882354736,8.0
54,178,-26.51407241821289,5.856808662414551,21.0
54,179,-14.70706844329834,1561.706298828125,6031.0
54,180,-13.287310600280762,27.71095085144043,24.0
54,181,-14.194995880126953,113.484375,269.0
54,182,-16.502267837524414,61.90289306640625,60.0
54,183,-13.517142295837402,29.349796295166016,17.0
54,184,-38.371299743652344,240.2341766357422,1065.0
54,185,-12.13727855682373,5.662678241729736,27.0
54,186,-4.837235450744629,2.631218671798706,8.0
54,187,-12.418933868408203,497.4360046386719,1075.0
54,188,-13.81374454498291,99.94113159179688,2302.0
54,189,-8.07335376739502,14.74815559387207,29.0
54,190,-24.338172912597656,20.95278549194336,28.0
54,191,-12.695162773132324,12.66740894317627,1683.0
54,192,-14.068132400512695,10.430025100708008,18.0
54,193,-13.491738319396973,29.163986206054688,36.0
54,194,-17.013378143310547,4947.75439453125,455.0
54,195,-5.135946273803711,3.611006498336792,6.0
54,196,-22.522216796875,278.81658935546875,13855.0
54,197,-11.927985191345215,19.72715950012207,1852.0
54,198,-9.587006568908691,2.6083052158355713,43.0
54,199,-10.934137344360352,8.906909942626953,41.0
54,200,-16.649757385253906,3.5993399620056152,77.0
54,201,-10.058465957641602,152.8157501220703,323.0
54,202,-6.9652605056762695,32.54521179199219,47.0
54,203,-31.902910232543945,24.295495986938477,668.0
54,204,-6.859594345092773,5.556111812591553,6.0
54,205,-15.01851749420166,20.160064697265625,440.0
54,206,-6.487396240234375,5.062442302703857,41.0
54,207,-11.320090293884277,16.945844650268555,873.0
54,208,-14.0254487991333,107.24859619140625,2891.0
54,209,-26.692066192626953,28.120765686035156,6219.0
54,210,-3.380276918411255,1.9661067724227905,2.0
54,211,-10.593708992004395,34.16618347167969,227.0
54,212,-9.332449913024902,10.309981346130371,12.0
54,213,-15.551271438598633,178.35166931152344,2190.0
54,214,-7.3755669593811035,6.3210906982421875,35.0
54,215,-33.83448028564453,16.769136428833008,96.0
54,216,-6.949542999267578,5.682468414306641,6.0
54,217,-19.05926513671875,574.2635498046875,848.0
54,218,-9.9656400680542,12.07829475402832,10.0
54,219,-14.451154708862305,37.06928253173828,264.0
54,220,-13.63943099975586,94.29959106445312,2198.0
54,221,-5.067330837249756,2.755134344100952,3.0
54,222,-23.097850799560547,27.104312896728516,206.0
54,223,-3.5307393074035645,3.2443439960479736,2.0
54,224,-1.3745090961456299,1.98824942111969,1.0
54,225,-16.85143280029297,11.104467391967773,124.0
54,226,-10.525550842285156,33.39870071411133,335.0
54,227,-14.206451416015625,34.869510650634766,310.0
54,228,-13.354459762573242,6.738112926483154,142.0
54,229,-18.53229522705078,4.684962272644043,48.0
54,230,-22.845638275146484,9.821401596069336,291.0
54,231,-6.193491458892822,2.8073713779449463,3.0
54,232,-0.965267539024353,1.3795479536056519,1.0
54,233,-11.559561729431152,47.14308547973633,161.0
54,234,-14.440361022949219,36.969390869140625,48.0
54,235,-17.260940551757812,74.83121490478516,252.0
54,236,-13.18150520324707,80.95027160644531,42.0
54,237,-20.242839813232422,57.3153076171875,763.0
54,238,-34.394866943359375,17.5708065032959,2637.0
54,239,-7.557480812072754,3.5239415168762207,7.0
54,240,-17.506746292114258,18.500377655029297,1472.0
54,241,-7.614925384521484,12.65824031829834,57.0
54,242,-38.17739486694336,233.6708984375,1937.0
54,243,-14.296754837036133,7.709038257598877,23.0
54,244,-7.724278926849365,13.128162384033203,10.0
54,245,-9.942486763000488,7.304549694061279,10.0
54,246,-6.947757244110107,5.679932117462158,6.0
54,247,-20.71782684326172,31.594125747680664,100.0
54,248,-9.972546577453613,4.156400680541992,3.0
54,249,-14.028937339782715,16.540098190307617,118.0
54,250,-30.055484771728516,42.817012786865234,1794.0
54,251,-21.285371780395508,70.60311889648438,325.0
54,252,-24.214797973632812,20.63213348388672,56.0
54,253,-32.457332611083984,659.4898071289062,1003.0
54,254,-11.89867877960205,7.265326023101807,6.0
54,255,-17.71280288696289,12.558534622192383,56.0
54,256,-16.27794075012207,58.526824951171875,210.0
54,257,-20.237606048583984,157.49623107910156,562.0
54,258,-5.551738739013672,3.0354137420654297,2.0
54,259,-11.663334846496582,10.305388450622559,279.0
54,260,-8.621908187866211,17.707164764404297,16.0
54,261,-22.658042907714844,6.607268333435059,110.0
54,262,-13.675821304321289,95.45043182373047,97.0
54,263,-15.578023910522461,22.54706573486328,11.0
54,264,-8.051118850708008,14.639249801635742,29.0
54,265,-8.208358764648438,15.42700481414795,48.0
54,266,-9.583806037902832,24.400461196899414,165.0
54,267,-12.296602249145508,21.631500244140625,91.0
54,268,-22.00030517578125,39.12327575683594,75.0
54,269,-1.8897111415863037,1.4592785835266113,1.0
54,270,-3.0275321006774902,1.8321797847747803,1.0
54,271,-15.139265060424805,12.468565940856934,44.0
54,272,-6.821781635284424,9.717489242553711,4.0
54,273,-8.893293380737305,9.237980842590332,14.0
54,274,-8.480439186096191,8.332052230834961,24.0
54,275,-6.399667739868164,4.952620983123779,18.0
54,276,-13.881503105163574,7.265026569366455,10.0
54,277,-18.423538208007812,100.07145690917969,525.0
54,278,-17.23493766784668,11.729814529418945,119.0
54,279,-10.22111701965332,7.723158359527588,253.0
54,280,-16.774381637573242,8.140061378479004,35.0
54,281,-13.082462310791016,78.32139587402344,60.0
54,282,-6.362781047821045,8.338865280151367,4.0
54,283,-13.610718727111816,93.4013900756836,1092.0
54,284,-10.678173065185547,8.46241569519043,149.0
54,285,-20.92803955078125,6.702959060668945,8.0
54,286,-21.753677368164062,7.225432395935059,10.0
54,287,-2.1843087673187256,2.9806888103485107,2.0
54,288,-13.038220405578613,13.567049980163574,804.0
54,289,-31.78349494934082,24.007097244262695,143.0
54,290,-17.944934844970703,88.78641510009766,54.0
54,291,-5.545084476470947,3.9999070167541504,5.0
54,292,-8.617731094360352,8.622998237609863,12.0
54,293,-0.8915456533432007,1.249678611755371,1.0
54,294,-18.882339477539062,112.23387908935547,59.0
54,295,-6.0841522216796875,20.94869041442871,33.0
54,296,-28.40477752685547,23.478530883789062,202.0
54,297,-20.49020767211914,18.67475128173828,59.0
54,298,-17.728981018066406,34.667274475097656,6835.0
54,299,-18.506999969482422,10441.044921875,363.0
54,300,-25.143680572509766,288324.0625,5033.0
54,301,-23.43695068359375,13.519129753112793,576.0
54,302,-9.329764366149902,10.303062438964844,9.0
54,303,-14.74583911895752,19.090059280395508,1771.0
56,0,-21.125545501708984,33.815670013427734,118.0
56,1,-2.503246307373047,1.869762659072876,1.0
56,2,-8.681997299194336,18.065410614013672,3.0
56,3,-8.34995174407959,16.17258071899414,103.0
56,4,-18.27777862548828,13.61417007446289,133.0
56,5,-30.022586822509766,28.102066040039062,120.0
56,6,-38.08271789550781,68.81439208984375,1842.0
56,7,-13.027734756469727,6.430838584899902,119.0
56,8,-5.280455589294434,5.813320159912109,5.0
56,9,-11.204034805297852,9.400915145874023,10.0
56,10,-22.21932601928711,258.4834289550781,1268.0
56,11,-7.490994453430176,4.473624229431152,8.0
56,12,-9.572619438171387,10.947978973388672,8.0
56,13,-7.835367679595947,3.0628268718719482,10.0
56,14,-20.492036819458008,925.8192138671875,291.0
56,15,-6.522189140319824,2.259793996810913,13.0
56,16,-7.39107608795166,6.345646858215332,18.0
56,17,-17.887165069580078,388.53704833984375,205.0
56,18,-20.660816192626953,30650.6171875,1721.0
56,19,-17.156282424926758,11.59875202178955,22.0
56,20,-13.06301498413086,13.634493827819824,29.0
56,21,-12.113222122192383,56.69810104370117,25.0
56,22,-10.96550178527832,8.962959289550781,13.0
56,23,-3.8134617805480957,1.7242294549942017,2.0
56,24,-6.819089889526367,9.70877456665039,6.0
56,25,-3.8967738151550293,3.6653528213500977,5.0
56,26,-3.6725142002105713,2.50459885597229,3.0
56,27,-7.764486312866211,4.72514009475708,26.0
56,28,-9.570164680480957,3.30775785446167,31.0
56,29,-19.3450984954834,15.856595993041992,34.0
56,30,-5.211795806884766,2.8358991146087646,4.0
56,31,-10.527789115905762,33.42362976074219,29.0
56,32,-10.098546981811523,12.486358642578125,108.0
56,33,-12.941572189331055,5.041464328765869,38.0
56,34,-9.435710906982422,23.22517967224121,83.0
56,35,-6.205054759979248,7.911769866943359,12.0
56,36,-17.549137115478516,347.134521484375,395.0
56,37,-22.77878761291504,9.755963325500488,167.0
56,38,-43.81572723388672,53.691139221191406,15249.0
56,39,-11.040950775146484,39.65896224975586,58.0
56,40,-9.718283653259277,25.519115447998047,17.0
56,41,-8.424615859985352,8.21657943725586,10.0
56,42,-9.976653099060059,146.69073486328125,158.0
56,43,-39.51890182495117,725.2261352539062,1805.0
56,44,-3.665226936340332,6.250199794769287,3.0
56,45,-10.499353408813477,5.753983020782471,10.0
56,46,-11.945442199707031,53.61420822143555,96.0
56,47,-5.5386528968811035,3.993480682373047,11.0
56,48,-20.726600646972656,177.97625732421875,3268.0
56,49,-15.903684616088867,5.853712558746338,25.0
56,50,-13.74140739440918,97.5601577758789,1290.0
56,51,-12.717412948608398,69.34803009033203,123.0
56,52,-9.338104248046875,6.472878456115723,56.0
56,53,-5.559154510498047,6.379256248474121,3.0
56,54,-31.54634666442871,192.0439453125,8008.0
56,55,-19.232669830322266,24.666475296020508,18.0
56,56,-6.413820743560791,8.481948852539062,13.0
56,57,-6.157792568206787,4.662016868591309,3.0
56,58,-8.829130172729492,9.090978622436523,11.0
56,59,-24.65374755859375,33.8508415222168,219.0
56,60,-9.730779647827148,11.389534950256348,32.0
56,61,-10.984926223754883,38.925209045410156,21.0
56,62,-23.946067810058594,398.0258483886719,323.0
56,63,-11.281190872192383,5.0108160972595215,13.0
56,64,-8.278793334960938,5.237051486968994,9.0
56,65,-4.873992443084717,5.076714038848877,3.0
56,66,-15.948705673217773,14.269402503967285,7.0
56,67,-6.644747734069824,3.777073621749878,3.0
56,68,-15.503904342651367,6.944764614105225,43.0
56,69,-9.396673202514648,22.924917221069336,15.0
56,70,-5.460921764373779,3.916625499725342,3.0
56,71,-10.297529220581055,1.903312087059021,78.0
56,72,-14.246108055114746,35.21693420410156,21.0
56,73,-12.860407829284668,24.905832290649414,15.0
56,74,-14.953071594238281,146.10964965820312,340.0
56,75,-8.37116813659668,2.008920192718506,6.0
56,76,-6.871703624725342,3.952470302581787,10.0
56,77,-14.40237808227539,17.82274627685547,53.0
56,78,-7.7444987297058105,3.6355113983154297,2.0
56,79,-13.476486206054688,3.8483660221099854,80.0
56,80,-6.236665725708008,3.4810471534729004,16.0
56,81,-9.715214729309082,3.3682785034179688,47.0
56,82,-5.198320388793945,2.8282666206359863,4.0
56,83,-21.554122924804688,7.095534801483154,290.0
56,84,-8.599893569946289,17.57770347595215,71.0
56,85,-4.163017272949219,8.01655387878418,3.0
56,86,-4.451314449310303,4.409544944763184,4.0
56,87,-32.51626205444336,58.237693786621094,280.0
56,88,-13.981998443603516,5.741668701171875,103.0
56,89,-16.217693328857422,25.624237060546875,59.0
56,90,-13.301315307617188,14.300050735473633,209.0
56,91,-15.657769203186035,13.593995094299316,15.0
56,92,-4.87578010559082,5.079739570617676,3.0
56,93,-6.745245456695557,3.853759288787842,4.0
56,94,-7.190869331359863,4.212995529174805,20.0
56,95,-16.956314086914062,5.4500861167907715,268.0
56,96,-10.818021774291992,36.818756103515625,20.0
56,97,-4.505143642425537,4.4893798828125,6.0
56,98,-17.425291061401367,4.87498664855957,24.0
56,99,-16.064434051513672,7.448809623718262,145.0
56,100,-13.209869384765625,6.600359916687012,50.0
56,101,-25.417449951171875,10.081250190734863,284.0
56,102,-19.066326141357422,117.51683044433594,78.0
56,103,-9.150995254516602,21.122352600097656,253.0
56,104,-20.0592041015625,801.4329223632812,18139.0
56,105,-32.696964263916016,26.303356170654297,108.0
56,106,-30.08252716064453,73.51606750488281,555.0
56,107,-10.049261093139648,28.49571418762207,37.0
56,108,-16.844820022583008,29.048416137695312,46.0
56,109,-4.775214672088623,4.912280082702637,2.0
56,110,-24.30911636352539,435.8417053222656,5720.0
56,111,-7.771549224853516,3.6519386768341064,12.0
56,112,-10.71239948272705,8.52054214477539,20.0
56,113,-9.867965698242188,11.786931991577148,12.0
56,114,-5.548295497894287,4.003118991851807,6.0
56,115,-15.784613609313965,13.884443283081055,33.0
56,116,-11.241668701171875,6.511770725250244,6.0
56,117,-4.953197956085205,2.0291149616241455,4.0
56,118,-13.691022872924805,2.1395859718322754,8.0
56,119,-3.8988699913024902,1.6280105113983154,3.0
56,120,-6.5954999923706055,9.01148509979248,7.0
56,121,-11.822400093078613,7.1735453605651855,13.0
56,122,-20.155651092529297,6.248440265655518,26.0
56,123,-5.932186603546143,4.4063496589660645,2.0
56,124,-14.59253215789795,11.382631301879883,11.0
56,125,-13.788147926330566,31.407194137573242,110.0
56,126,-13.74223518371582,97.58708953857422,1182.0
56,127,-8.556534767150879,17.325481414794922,10.0
56,128,-9.843029022216797,5.157772541046143,12.0
56,129,-20.091724395751953,17.64136505126953,53.0
56,130,-14.261136054992676,1249.586669921875,1722.0
56,131,-13.138460159301758,5.167078971862793,74.0
56,132,-25.822568893432617,73.9775390625,76.0
56,133,-15.294654846191406,12.795701026916504,30.0
56,134,-18.72360610961914,513.4752807617188,144.0
56,135,-9.173833847045898,98.19123077392578,16.0
56,136,-1.3245657682418823,1.5550721883773804,1.0
56,137,-5.803436279296875,4.266778469085693,2.0
56,138,-7.839865684509277,3.6937577724456787,2.0
56,139,-15.709546089172363,9.433064460754395,14.0
56,140,-18.268842697143555,38.61993408203125,32.0
56,141,-12.822772026062012,12.994868278503418,53.0
56,142,-5.4087018966674805,3.865826368331909,1.0
56,143,-8.555557250976562,17.319835662841797,73.0
56,144,-9.108266830444336,20.823640823364258,82.0
56,145,-7.574483871459961,6.643381118774414,5.0
56,146,-5.2606425285339355,13.878228187561035,4.0
56,147,-6.513681411743164,2.5358424186706543,4.0
56,148,-1.2643197774887085,1.5241546630859375,1.0
56,149,-29.45583724975586,361.8275146484375,496.0
56,150,-8.729246139526367,18.352188110351562,8.0
56,151,-13.242141723632812,14.13181209564209,15.0
56,152,-9.6057710647583,24.57976722717285,20.0
56,153,-9.17441177368164,6.264397144317627,6.0
56,154,-21.08232307434082,194.52890014648438,536.0
56,155,-22.50358772277832,277.5210876464844,71.0
56,156,-12.508017539978027,64.67269897460938,41.0
56,157,-14.465242385864258,124.181884765625,173.0
56,158,-4.114221572875977,2.7970223426818848,3.0
56,159,-11.469453811645508,309.428466796875,628.0
56,160,-8.910560607910156,19.49556541442871,17.0
56,161,-13.859968185424805,10.074371337890625,38.0
56,162,-13.779638290405273,4.623125076293945,38.0
56,163,-5.490537643432617,6.235004425048828,7.0
56,164,-8.753866195678711,18.50341796875,8.0
56,165,-17.711029052734375,19.1411075592041,45.0
56,166,-16.054407119750977,2.0745532512664795,7.0
56,167,-15.311243057250977,8.91130256652832,13.0
56,168,-3.4186108112335205,1.9812384843826294,2.0
56,169,-9.97839069366455,12.116857528686523,12.0
56,170,-22.792011260986328,44.64170837402344,57.0
56,171,-17.955806732177734,36.27617645263672,65.0
56,172,-12.015457153320312,7.408115863800049,12.0
56,173,-12.928571701049805,13.272767066955566,511.0
56,174,-16.381084442138672,10.382844924926758,17.0
56,175,-25.445236206054688,162.23524475097656,190.0
56,176,-14.484708786010742,11.179905891418457,25.0
56,177,-13.703712463378906,2.2391598224639893,8.0
56,178,-26.40546417236328,5.8145551681518555,21.0
56,179,-14.68663215637207,1545.829833984375,6006.0
56,180,-13.266551971435547,27.567514419555664,24.0
56,181,-14.079936981201172,109.21431732177734,270.0
56,182,-16.52463150024414,62.24995422363281,60.0
56,183,-13.540802001953125,29.52391242980957,17.0
56,184,-38.352378845214844,239.58575439453125,1085.0
56,185,-12.253817558288574,5.757742404937744,27.0
56,186,-4.840081214904785,2.632716655731201,8.0
56,187,-12.405117988586426,494.0116271972656,1078.0
56,188,-13.672409057617188,95.3419418334961,2176.0
56,189,-8.085436820983887,14.8076753616333,25.0
56,190,-24.344493865966797,20.96934700012207,28.0
56,191,-12.58935832977295,12.402172088623047,1638.0
56,192,-14.010869979858398,10.330958366394043,18.0
56,193,-13.46658706665039,28.981184005737305,36.0
56,194,-16.99606704711914,4905.11376953125,475.0
56,195,-5.098516464233398,3.5773744583129883,6.0
56,196,-22.472192764282227,275.3514099121094,14111.0
56,197,-11.86159610748291,19.402442932128906,1764.0
56,198,-9.420294761657715,2.5651822090148926,41.0
56,199,-10.827726364135742,8.719354629516602,41.0
56,200,-17.015201568603516,3.7019572257995605,74.0
56,201,-10.004256248474121,148.7293243408203,316.0
56,202,-6.96389627456665,32.52301788330078,42.0
56,203,-31.9740047454834,24.468843460083008,692.0
56,204,-6.821093559265137,5.502890110015869,6.0
56,205,-15.006887435913086,20.11322593688965,443.0
56,206,-6.595175743103027,5.2007036209106445,43.0
56,207,-11.279231071472168,16.77362632751465,853.0
56,208,-13.945379257202148,104.42404174804688,2778.0
56,209,-26.639392852783203,27.936222076416016,6173.0
56,210,-3.3954713344573975,1.9720906019210815,2.0
56,211,-10.503602027893066,33.155235290527344,221.0
56,212,-9.331698417663574,10.30804443359375,14.0
56,213,-15.495576858520508,175.0710906982422,2184.0
56,214,-7.312732219696045,6.222570896148682,34.0
56,215,-33.69951629638672,16.58159065246582,96.0
56,216,-6.890944004058838,5.599828720092773,6.0
56,217,-18.980175018310547,559.3218383789062,831.0
56,218,-9.947632789611816,12.024043083190918,10.0
56,219,-14.473152160644531,37.273704528808594,261.0
56,220,-13.714656829833984,96.694091796875,2215.0
56,221,-4.986597061157227,2.7110049724578857,3.0
56,222,-22.971715927124023,26.620288848876953,211.0
56,223,-3.549380302429199,3.264565944671631,2.0
56,224,-1.3559767007827759,1.9699108600616455,1.0
56,225,-17.13971710205078,11.571334838867188,121.0
56,226,-10.551599502563477,33.68995666503906,343.0
56,227,-14.005472183227539,33.16078567504883,302.0
56,228,-13.333023071289062,6.717510223388672,142.0
56,229,-18.33591079711914,4.60891580581665,46.0
56,230,-22.76584815979004,9.743348121643066,285.0
56,231,-6.121096134185791,2.7737014293670654,3.0
56,232,-0.9856208562850952,1.3889391422271729,1.0
56,233,-11.421719551086426,45.02598571777344,152.0
56,234,-14.392906188964844,36.53338623046875,48.0
56,235,-17.276090621948242,75.11517333984375,245.0
56,236,-12.98618221282959,75.84768676757812,39.0
56,237,-19.492111206054688,49.32456588745117,751.0
56,238,-34.2998161315918,17.43218231201172,2561.0
56,239,-7.546544075012207,3.517523765563965,7.0
56,240,-17.466556549072266,18.37687110900879,1421.0
56,241,-7.598606586456299,12.589571952819824,57.0
56,242,-38.059871673583984,229.7805633544922,1915.0
56,243,-14.242313385009766,7.649316310882568,21.0
56,244,-7.698224067687988,13.014636993408203,10.0
56,245,-9.890606880187988,7.22914981842041,9.0
56,246,-6.8700432777404785,5.570644378662109,6.0
56,247,-20.455970764160156,30.24492645263672,98.0
56,248,-9.959304809570312,4.148545742034912,3.0
56,249,-13.944028854370117,16.261587142944336,112.0
56,250,-29.96060562133789,42.31221389770508,1763.0
56,251,-21.23535919189453,69.90042877197266,319.0
56,252,-24.197628021240234,20.587900161743164,60.0
56,253,-32.360836029052734,646.884033203125,1029.0
56,254,-11.862953186035156,7.222195148468018,5.0
56,255,-17.582014083862305,12.326068878173828,57.0
56,256,-16.38323211669922,60.08787155151367,222.0
56,257,-20.116804122924805,152.8108673095703,545.0
56,258,-5.620750427246094,3.0776000022888184,2.0
56,259,-11.738807678222656,10.462125778198242,275.0
56,260,-8.635135650634766,17.78541374206543,17.0
56,261,-22.347579956054688,6.438518047332764,97.0
56,262,-13.625246047973633,93.85476684570312,94.0
56,263,-15.529365539550781,22.328704833984375,11.0
56,264,-8.083465576171875,14.797947883605957,29.0
56,265,-8.029447555541992,14.533879280090332,40.0
56,266,-9.542764663696289,24.068925857543945,155.0
56,267,-12.143129348754883,20.817256927490234,89.0
56,268,-22.004920959472656,39.153385162353516,78.0
56,269,-1.8578143119812012,1.4499989748001099,1.0
56,270,-3.0350253582000732,1.8349276781082153,1.0
56,271,-15.188189506530762,12.57065200805664,42.0
56,272,-6.906103610992432,9.99449634552002,4.0
56,273,-8.917617797851562,9.294328689575195,14.0
56,274,-8.647566795349121,8.687556266784668,25.0
56,275,-6.607222557067871,5.216390132904053,20.0
56,276,-13.893138885498047,7.27711296081543,10.0
56,277,-18.421072006225586,100.00977325439453,533.0
56,278,-17.18867301940918,11.652545928955078,114.0
56,279,-10.301568984985352,7.848431587219238,248.0
56,280,-16.921201705932617,8.290830612182617,39.0
56,281,-13.081870079040527,78.3059310913086,63.0
56,282,-6.34687614440918,8.294771194458008,3.0
56,283,-13.485639572143555,89.58724975585938,1087.0
56,284,-10.551687240600586,8.251026153564453,143.0
56,285,-20.82074737548828,6.637897491455078,8.0
56,286,-21.704702377319336,7.193334102630615,10.0
56,287,-2.2017362117767334,3.006775140762329,3.0
56,288,-12.999252319335938,13.461725234985352,765.0
56,289,-31.47435760498047,23.27630043029785,127.0
56,290,-17.74848175048828,84.53118133544922,46.0
56,291,-5.521411418914795,3.976304292678833,5.0
56,292,-8.495580673217773,8.363652229309082,12.0
56,293,-0.9083807468414307,1.2549493312835693,1.0
56,294,-18.81000518798828,110.22252655029297,60.0
56,295,-6.037159442901611,20.462209701538086,32.0
56,296,-28.228084564208984,23.022085189819336,203.0
56,297,-20.34825897216797,18.299875259399414,55.0
56,298,-17.68170166015625,34.34101104736328,6771.0
56,299,-18.410356521606445,9948.51171875,361.0
56,300,-25.22806167602539,300748.84375,5290.0
56,301,-23.454063415527344,13.544859886169434,597.0
56,302,-9.196503639221191,9.96546745300293,9.0
56,303,-14.684414863586426,18.856977462768555,1829.0
58,0,-20.952674865722656,32.85527801513672,118.0
58,1,-2.4993906021118164,1.8679614067077637,1.0
58,2,-8.641763687133789,17.824748992919922,3.0
58,3,-8.25826644897461,15.685792922973633,98.0
58,4,-18.329496383666992,13.715128898620605,134.0
58,5,-29.818042755126953,27.4705867767334,122.0
58,6,-38.140933990478516,69.26097869873047,1787.0
58,7,-12.853776931762695,6.272994518280029,107.0
58,8,-5.251143455505371,5.756796836853027,5.0
58,9,-11.08640193939209,9.182324409484863,10.0
58,10,-22.393321990966797,269.9753112792969,1264.0
58,11,-7.467809677124023,4.45292854309082,8.0
58,12,-9.443279266357422,10.599637985229492,8.0
58,13,-7.7552714347839355,3.0279808044433594,9.0
58,14,-20.51702880859375,933.564208984375,295.0
58,15,-6.567417144775391,2.2726058959960938,13.0
58,16,-7.415196418762207,6.384027004241943,18.0
58,17,-17.771568298339844,373.8506164550781,198.0
58,18,-20.608562469482422,29860.185546875,1686.0
58,19,-17.14560317993164,11.581069946289062,22.0
58,20,-12.998531341552734,13.459782600402832,28.0
58,21,-12.06069278717041,55.71396255493164,25.0
58,22,-10.936227798461914,8.910635948181152,11.0
58,23,-3.7562289237976074,1.7101894617080688,2.0
58,24,-6.799446105957031,9.64540958404541,6.0
58,25,-3.860203742980957,3.620943307876587,5.0
58,26,-3.6543099880218506,2.4932260513305664,3.0
58,27,-7.658628463745117,4.626153469085693,26.0
58,28,-9.599352836608887,3.3198482990264893,30.0
58,29,-19.294620513916016,15.742661476135254,34.0
58,30,-5.27003288269043,2.8691234588623047,4.0
58,31,-10.512476921081543,33.25346374511719,30.0
58,32,-10.051321983337402,12.339808464050293,108.0
58,33,-13.01923656463623,5.090644836425781,38.0
58,34,-9.428974151611328,23.173080444335938,82.0
58,35,-6.182658672332764,7.852925777435303,12.0
58,36,-17.584321975708008,351.2297668457031,400.0
58,37,-22.681013107299805,9.661038398742676,169.0
58,38,-43.7520637512207,53.381290435791016,14906.0
58,39,-11.057024955749512,39.87202072143555,59.0
58,40,-9.596405982971191,24.503156661987305,17.0
58,41,-8.473016738891602,8.316605567932129,10.0
58,42,-9.935400009155273,143.6959991455078,158.0
58,43,-39.36686706542969,707.0803833007812,1782.0
58,44,-3.668318748474121,6.259869575500488,3.0
58,45,-10.434130668640137,5.691773414611816,9.0
58,46,-11.829602241516113,51.58344650268555,96.0
58,47,-5.536548614501953,3.9913806915283203,11.0
58,48,-20.654319763183594,174.78907775878906,3184.0
58,49,-15.815178871154785,5.796429634094238,24.0
58,50,-13.720747947692871,96.89060974121094,1289.0
58,51,-12.73735237121582,69.81049346923828,126.0
58,52,-9.287408828735352,6.407580375671387,54.0
58,53,-5.473702430725098,6.200112819671631,3.0
58,54,-31.467384338378906,189.53317260742188,7925.0
58,55,-19.24056625366211,24.698959350585938,18.0
58,56,-6.4118733406066895,8.476446151733398,13.0
58,57,-6.150327205657959,4.653323650360107,3.0
58,58,-8.785356521606445,8.992034912109375,11.0
58,59,-24.687044143676758,34.012245178222656,223.0
58,60,-9.781364440917969,11.534483909606934,33.0
58,61,-10.910478591918945,37.971134185791016,21.0
58,62,-23.771427154541016,381.0218811035156,318.0
58,63,-11.254493713378906,4.99174165725708,13.0
58,64,-8.357927322387695,5.320596218109131,9.0
58,65,-4.851450443267822,5.038710594177246,2.0
58,66,-15.829280853271484,13.988189697265625,7.0
58,67,-6.634044170379639,3.768996477127075,3.0
58,68,-15.610918045043945,7.0382866859436035,43.0
58,69,-9.383237838745117,22.822477340698242,14.0
58,70,-5.466773986816406,3.9223599433898926,3.0
58,71,-10.230024337768555,1.8952988386154175,74.0
58,72,-14.2090425491333,34.89210510253906,21.0
58,73,-12.822582244873047,24.671422958374023,15.0
58,74,-14.997407913208008,148.2849884033203,358.0
58,75,-8.363509178161621,2.007638454437256,6.0
58,76,-6.8559980392456055,3.9400744438171387,10.0
58,77,-14.412089347839355,17.857398986816406,53.0
58,78,-7.7745747566223145,3.653780698776245,3.0
58,79,-13.494297981262207,3.855226993560791,79.0
58,80,-6.263285160064697,3.499629497528076,15.0
58,81,-9.697526931762695,3.36083984375,47.0
58,82,-5.226495742797852,2.8442494869232178,4.0
58,83,-21.537212371826172,7.084635257720947,288.0
58,84,-8.592079162597656,17.53197479248047,76.0
58,85,-4.191384792327881,8.13106918334961,3.0
58,86,-4.349059104919434,4.261777877807617,4.0
58,87,-32.501102447509766,58.127437591552734,275.0
58,88,-13.930757522583008,5.705009937286377,102.0
58,89,-16.21270179748535,25.598669052124023,59.0
58,90,-13.266707420349121,14.201414108276367,207.0
58,91,-15.71745491027832,13.729897499084473,15.0
58,92,-4.860108375549316,5.053272724151611,2.0
58,93,-6.788745880126953,3.8874335289001465,4.0
58,94,-7.223745822906494,4.240787982940674,20.0
58,95,-16.946704864501953,5.444851398468018,267.0
58,96,-10.779170036315918,36.345001220703125,20.0
58,97,-4.503814697265625,4.487391948699951,5.0
58,98,-17.493507385253906,4.905312538146973,23.0
58,99,-15.96664047241211,7.3583083152771,142.0
58,100,-13.242378234863281,6.63108491897583,50.0
58,101,-25.249738693237305,9.92871379852295,271.0
58,102,-18.983179092407227,115.0992431640625,78.0
58,103,-9.175580024719238,21.296159744262695,260.0
58,104,-19.992584228515625,783.8319091796875,17839.0
58,105,-32.77760696411133,26.516328811645508,108.0
58,106,-29.91446304321289,71.77201843261719,542.0
58,107,-10.030807495117188,28.320964813232422,37.0
58,108,-16.817832946777344,28.892053604125977,44.0
58,109,-4.810280799865723,4.970035076141357,2.0
58,110,-24.274852752685547,432.124267578125,5459.0
58,111,-7.828803062438965,3.68695330619812,12.0
58,112,-10.580653190612793,8.29896354675293,20.0
58,113,-9.901897430419922,11.887344360351562,12.0
58,114,-5.548313140869141,4.003137111663818,6.0
58,115,-15.600133895874023,13.464038848876953,32.0
58,116,-11.232665061950684,6.502007007598877,6.0
58,117,-4.878946781158447,2.0077052116394043,4.0
58,118,-13.633973121643066,2.1328155994415283,8.0
58,119,-3.8628435134887695,1.6206955909729004,3.0
58,120,-6.574308395385742,8.948053359985352,7.0
58,121,-11.824573516845703,7.176144599914551,13.0
58,122,-20.134124755859375,6.236225128173828,27.0
58,123,-5.935595512390137,4.410106658935547,2.0
58,124,-14.600849151611328,11.398420333862305,11.0
58,125,-13.765883445739746,31.23286247253418,111.0
58,126,-13.72990608215332,97.18683624267578,1175.0
58,127,-8.509199142456055,17.054256439208984,10.0
58,128,-9.83944320678711,5.154691219329834,11.0
58,129,-20.123464584350586,17.72153663635254,53.0
58,130,-14.178277969360352,1198.8751220703125,1633.0
58,131,-13.094409942626953,5.138705730438232,74.0
58,132,-25.790035247802734,73.57750701904297,76.0
58,133,-15.299280166625977,12.805567741394043,30.0
58,134,-18.732173919677734,514.9440307617188,145.0
58,135,-9.16970443725586,97.98870849609375,16.0
58,136,-1.3077231645584106,1.5463659763336182,1.0
58,137,-5.818769454956055,4.283165454864502,2.0
58,138,-7.937015533447266,3.7540526390075684,2.0
58,139,-15.685369491577148,9.400538444519043,14.0
58,140,-18.134668350219727,37.59735107421875,31.0
58,141,-12.717124938964844,12.723175048828125,54.0
58,142,-5.447854042053223,3.90385103225708,1.0
58,143,-8.47779369354248,16.87665557861328,71.0
58,144,-9.077442169189453,20.610776901245117,82.0
58,145,-7.62266731262207,6.7238898277282715,5.0
58,146,-5.197617530822754,13.447708129882812,4.0
58,147,-6.539282321929932,2.545133590698242,4.0
58,148,-1.2527084350585938,1.5182667970657349,1.0
58,149,-29.397871017456055,357.6569519042969,504.0
58,150,-8.773260116577148,18.623424530029297,8.0
58,151,-13.234735488891602,14.110894203186035,15.0
58,152,-9.601852416992188,24.547685623168945,20.0
58,153,-9.12860107421875,6.207264423370361,6.0
58,154,-20.900423049926758,185.88082885742188,520.0
58,155,-22.396028518676758,270.1580505371094,68.0
58,156,-12.456158638000488,63.564353942871094,41.0
58,157,-14.342375755310059,119.19869232177734,163.0
58,158,-4.16098690032959,2.8299150466918945,3.0
58,159,-11.399641990661621,298.81390380859375,603.0
58,160,-8.856620788574219,19.148164749145508,17.0
58,161,-13.826021194458008,10.017532348632812,38.0
58,162,-13.723830223083496,4.594546794891357,38.0
58,163,-5.4401679039001465,6.131193161010742,7.0
58,164,-8.796171188354492,18.76619529724121,8.0
58,165,-17.620098114013672,18.85320472717285,47.0
58,166,-15.965007781982422,2.0661401748657227,7.0
58,167,-15.201577186584473,8.772781372070312,13.0
58,168,-3.4845027923583984,2.007520914077759,2.0
58,169,-9.849000930786133,11.731179237365723,12.0
58,170,-22.68391990661621,43.84467315673828,58.0
58,171,-18.006668090820312,36.64707565307617,69.0
58,172,-11.968047142028809,7.34981107711792,12.0
58,173,-12.955716133117676,13.345017433166504,524.0
58,174,-16.346492767333984,10.33166217803955,18.0
58,175,-25.518085479736328,164.6162872314453,193.0
58,176,-14.408549308776855,11.038894653320312,24.0
58,177,-13.493316650390625,2.211618423461914,8.0
58,178,-26.286949157714844,5.768795490264893,21.0
58,179,-14.666260719299316,1530.1641845703125,5996.0
58,180,-13.257148742675781,27.502782821655273,24.0
58,181,-14.056286811828613,108.35676574707031,266.0
58,182,-16.43267822265625,60.83525848388672,60.0
58,183,-13.567150115966797,29.719026565551758,17.0
58,184,-38.26568603515625,236.63681030273438,1093.0
58,185,-12.250733375549316,5.755206108093262,27.0
58,186,-4.739271640777588,2.580167770385742,8.0
58,187,-12.362689971923828,483.64202880859375,1051.0
58,188,-13.636612892150879,94.21104431152344,2181.0
58,189,-8.051506042480469,14.641138076782227,25.0
58,190,-24.42252540588379,21.174882888793945,27.0
58,191,-12.702171325683594,12.6851806640625,1711.0
58,192,-13.936223983764648,10.203227043151855,18.0
58,193,-13.401611328125,28.514217376708984,35.0
58,194,-17.042470932006836,5020.25244140625,481.0
58,195,-5.112350940704346,3.589768648147583,6.0
58,196,-22.442893981933594,273.3419189453125,13758.0
58,197,-11.837064743041992,19.283815383911133,1770.0
58,198,-9.557469367980957,2.600612163543701,41.0
58,199,-10.85392951965332,8.765170097351074,41.0
58,200,-16.783702850341797,3.636617422103882,79.0
58,201,-9.928922653198242,143.2313690185547,309.0
58,202,-6.9338274002075195,32.03771209716797,41.0
58,203,-31.861108779907227,24.19415283203125,722.0
58,204,-6.768235206604004,5.430649757385254,6.0
58,205,-14.861682891845703,19.53751564025879,434.0
58,206,-6.46070671081543,5.028776168823242,39.0
58,207,-11.15700912475586,16.268850326538086,801.0
58,208,-13.84622573852539,101.02908325195312,2686.0
58,209,-26.60791778564453,27.826526641845703,6253.0
58,210,-3.3988397121429443,1.9734197854995728,2.0
58,211,-10.417902946472168,32.22151184082031,212.0
58,212,-9.35002326965332,10.355376243591309,14.0
58,213,-15.426255226135254,171.0720977783203,2136.0
58,214,-7.268685340881348,6.154425621032715,34.0
58,215,-33.493370056152344,16.29916763305664,96.0
58,216,-6.78620719909668,5.455104351043701,6.0
58,217,-18.962839126586914,556.0989379882812,828.0
58,218,-9.971542358398438,12.09613037109375,10.0
58,219,-14.463239669799805,37.18144989013672,264.0
58,220,-13.746342658996582,97.72077941894531,2297.0
58,221,-4.962859153747559,2.698164939880371,3.0
58,222,-22.971078872680664,26.61786460876465,206.0
58,223,-3.574859142303467,3.292409658432007,2.0
58,224,-1.3491098880767822,1.9631590843200684,1.0
58,225,-17.129980087280273,11.555251121520996,120.0
58,226,-10.47866439819336,32.880775451660156,338.0
58,227,-13.958028793334961,32.76979446411133,311.0
58,228,-13.30695629119873,6.692541599273682,141.0
58,229,-18.26929473876953,4.583400726318359,45.0
58,230,-22.737098693847656,9.715375900268555,282.0
58,231,-6.22395133972168,2.821659803390503,3.0
58,232,-0.9924830198287964,1.3921197652816772,1.0
58,233,-11.43143081665039,45.17198181152344,156.0
58,234,-14.441293716430664,36.97801208496094,48.0
58,235,-17.278093338012695,75.15280151367188,251.0
58,236,-12.87059211730957,72.98087310791016,35.0
58,237,-20.278520584106445,57.72579574584961,723.0
58,238,-34.167823791503906,17.24148941040039,2458.0
58,239,-7.523114204406738,3.503815174102783,7.0
58,240,-17.36051368713379,18.054933547973633,1366.0
58,241,-7.616759777069092,12.665984153747559,57.0
58,242,-37.877281188964844,223.86436462402344,1893.0
58,243,-14.333564758300781,7.749683856964111,21.0
58,244,-7.753673076629639,13.257425308227539,10.0
58,245,-9.902867317199707,7.2468976974487305,9.0
58,246,-6.86189079284668,5.559302806854248,6.0
58,247,-20.43155288696289,30.122095108032227,94.0
58,248,-9.983186721801758,4.162723541259766,3.0
58,249,-13.883780479431152,16.066816329956055,106.0
58,250,-29.911792755126953,42.05482482910156,1730.0
58,251,-21.232669830322266,69.86283874511719,337.0
58,252,-24.156463623046875,20.482234954833984,61.0
58,253,-32.440948486328125,657.332275390625,1007.0
58,254,-11.920391082763672,7.291665077209473,5.0
58,255,-17.486377716064453,12.15881061553955,57.0
58,256,-16.426240921020508,60.73743438720703,223.0
58,257,-20.115062713623047,152.74435424804688,545.0
58,258,-5.604944229125977,3.0678863525390625,2.0
58,259,-11.75513744354248,10.496349334716797,269.0
58,260,-8.624323844909668,17.721431732177734,16.0
58,261,-22.27953338623047,6.402111530303955,99.0
58,262,-13.593729019165039,92.87391662597656,92.0
58,263,-15.434427261352539,21.908737182617188,11.0
58,264,-8.09332275390625,14.846649169921875,29.0
58,265,-8.089221000671387,14.826366424560547,43.0
58,266,-9.668216705322266,25.096765518188477,172.0
58,267,-12.140262603759766,20.802343368530273,91.0
58,268,-21.83997344970703,38.09166717529297,76.0
58,269,-1.856141209602356,1.4495137929916382,1.0
58,270,-3.027672529220581,1.8322311639785767,1.0
58,271,-15.126228332519531,12.441505432128906,43.0
58,272,-6.863365173339844,9.853121757507324,4.0
58,273,-8.952861785888672,9.376583099365234,14.0
58,274,-8.547001838684082,8.471863746643066,24.0
58,275,-6.678825855255127,5.310608386993408,20.0
58,276,-13.864444732666016,7.247343063354492,10.0
58,277,-18.391935348510742,99.28394317626953,520.0
58,278,-17.207212448120117,11.683449745178223,111.0
58,279,-10.233552932739258,7.7423906326293945,238.0
58,280,-16.941396713256836,8.311786651611328,40.0
58,281,-12.959983825683594,75.1882095336914,61.0
58,282,-6.37734317779541,8.379440307617188,3.0
58,283,-13.521551132202148,90.66610717773438,1075.0
58,284,-10.42654037475586,8.047070503234863,134.0
58,285,-20.67035675048828,6.547761917114258,8.0
58,286,-21.56011199951172,7.099399089813232,10.0
58,287,-2.2427568435668945,3.0690817832946777,3.0
58,288,-13.076944351196289,13.672532081604004,767.0
58,289,-31.243074417114258,22.744138717651367,120.0
58,290,-17.60076141357422,81.46636962890625,44.0
58,291,-5.4447550773620605,3.9008278846740723,5.0
58,292,-8.41364574432373,8.194075584411621,12.0
58,293,-0.9048786163330078,1.253851056098938,1.0
58,294,-18.655887603759766,106.0564956665039,61.0
58,295,-5.9816155433654785,19.901752471923828,32.0
58,296,-28.146808624267578,22.81511688232422,202.0
58,297,-20.31951904296875,18.22489356994629,53.0
58,298,-17.648033142089844,34.11054611206055,6651.0
58,299,-18.330810546875,9560.5947265625,354.0
58,300,-25.138519287109375,287580.9375,5066.0
58,301,-23.524925231933594,13.651926040649414,609.0
58,302,-9.071443557739258,9.658717155456543,9.0
58,303,-14.745677947998047,19.089445114135742,1799.0
60,0,-21.04070472717285,33.340877532958984,117.0
60,1,-2.5027079582214355,1.8695112466812134,1.0
60,2,-8.632338523864746,17.768836975097656,3.0
60,3,-8.276634216308594,15.782125473022461,102.0
60,4,-18.45876693725586,13.970763206481934,134.0
60,5,-29.816925048828125,27.467172622680664,138.0
60,6,-38.028221130371094,68.39898681640625,1821.0
60,7,-13.018047332763672,6.421945571899414,109.0
60,8,-5.308825969696045,5.868556499481201,5.0
60,9,-10.959907531738281,8.952936172485352,9.0
60,10,-22.31766128540039,264.9166564941406,1274.0
60,11,-7.432864665985107,4.421915531158447,8.0
60,12,-9.47550106048584,10.6853666305542,7.0
60,13,-7.722099781036377,3.0136656761169434,9.0
60,14,-20.494348526000977,926.5328369140625,293.0
60,15,-6.588840007781982,2.2786998748779297,13.0
60,16,-7.347190856933594,6.276407241821289,17.0
60,17,-17.83465576171875,381.7955627441406,205.0
60,18,-20.801498413085938,32884.25390625,1722.0
60,19,-17.21737289428711,11.700420379638672,22.0
60,20,-12.957292556762695,13.349227905273438,26.0
60,21,-11.999163627624512,54.58293151855469,24.0
60,22,-10.961589813232422,8.955948829650879,11.0
60,23,-3.7621829509735107,1.7116446495056152,2.0
60,24,-6.777719497680664,9.575807571411133,6.0
60,25,-3.891171932220459,3.6585147380828857,5.0
60,26,-3.624225616455078,2.4745445251464844,3.0
60,27,-7.57020378112793,4.5450592041015625,24.0
60,28,-9.762151718139648,3.38809871673584,36.0
60,29,-19.374114990234375,15.922460556030273,34.0
60,30,-5.258168697357178,2.862323522567749,4.0
60,31,-10.52438735961914,33.38574981689453,30.0
60,32,-10.017194747924805,12.23497486114502,104.0
60,33,-13.224804878234863,5.22314977645874,41.0
60,34,-9.450284004211426,23.338275909423828,83.0
60,35,-6.221331596374512,7.954813480377197,13.0
60,36,-17.529809951782227,344.9052734375,397.0
60,37,-22.623825073242188,9.605947494506836,164.0
60,38,-43.78985595703125,53.565006256103516,14954.0
60,39,-11.060441017150879,39.917449951171875,59.0
60,40,-9.542586326599121,24.067495346069336,17.0
60,41,-8.564864158630371,8.509779930114746,11.0
60,42,-9.981687545776367,147.0604705810547,158.0
60,43,-39.40993118286133,712.173583984375,1767.0
60,44,-3.645899772644043,6.190091609954834,3.0
60,45,-10.468688011169434,5.7246503829956055,10.0
60,46,-11.819570541381836,51.41123962402344,96.0
60,47,-5.569130897521973,4.0240254402160645,12.0
60,48,-20.506458282470703,168.44589233398438,3229.0
60,49,-15.801708221435547,5.7877607345581055,23.0
60,50,-13.703299522399902,96.3287353515625,1298.0
60,51,-12.712997436523438,69.24601745605469,126.0
60,52,-9.231884956359863,6.336820125579834,54.0
60,53,-5.450060844421387,6.151444911956787,3.0
60,54,-31.34111976623535,185.58627319335938,7777.0
60,55,-19.305458068847656,24.967531204223633,18.0
60,56,-6.411156177520752,8.474418640136719,13.0
60,57,-6.121036052703857,4.619373321533203,3.0
60,58,-8.928121566772461,9.318767547607422,12.0
60,59,-24.637561798095703,33.77266311645508,229.0
60,60,-9.823443412780762,11.656464576721191,34.0
60,61,-10.770030975341797,36.23445129394531,20.0
60,62,-23.904539108276367,393.91485595703125,318.0
60,63,-11.295083999633789,5.02077054977417,13.0
60,64,-8.282129287719727,5.240546703338623,9.0
60,65,-4.873253345489502,5.07546329498291,2.0
60,66,-15.861370086669922,14.063201904296875,7.0
60,67,-6.713418960571289,3.8293068408966064,3.0
60,68,-15.635039329528809,7.059540271759033,41.0
60,69,-9.393893241882324,22.903684616088867,14.0
60,70,-5.360945224761963,3.8199462890625,3.0
60,71,-10.119824409484863,1.8822897672653198,72.0
60,72,-14.230938911437988,35.08363342285156,21.0
60,73,-12.727760314941406,24.09345245361328,15.0
60,74,-15.068796157836914,151.8559112548828,390.0
60,75,-8.299480438232422,1.9969546794891357,6.0
60,76,-6.835342884063721,3.9238312244415283,10.0
60,77,-14.457806587219238,18.021425247192383,53.0
60,78,-7.711490631103516,3.6155660152435303,2.0
60,79,-13.470865249633789,3.846203565597534,78.0
60,80,-6.245239734649658,3.4870216846466064,14.0
60,81,-9.659629821777344,3.344956636428833,45.0
60,82,-5.248651504516602,2.8568806648254395,4.0
60,83,-21.713912963867188,7.199359893798828,294.0
60,84,-8.647472381591797,17.858701705932617,78.0
60,85,-4.216287612915039,8.232945442199707,3.0
60,86,-4.378805637359619,4.304245471954346,4.0
60,87,-32.60688781738281,58.90116882324219,285.0
60,88,-13.844990730285645,5.644174098968506,104.0
60,89,-16.31967544555664,26.152244567871094,61.0
60,90,-13.404518127441406,14.59827995300293,208.0
60,91,-15.619223594665527,13.506945610046387,14.0
60,92,-4.849165916442871,5.03487491607666,2.0
60,93,-6.670105934143066,3.796278238296509,4.0
60,94,-7.278074264526367,4.287118434906006,20.0
60,95,-16.942256927490234,5.442430019378662,266.0
60,96,-10.746679306030273,35.9535026550293,20.0
60,97,-4.481205940246582,4.453700542449951,5.0
60,98,-17.41925811767578,4.872313976287842,23.0
60,99,-15.905834197998047,7.302591800689697,134.0
60,100,-13.15694522857666,6.550645351409912,50.0
60,101,-25.205780029296875,9.889114379882812,269.0
60,102,-19.02999496459961,116.45427703857422,81.0
60,103,-9.175650596618652,21.29665756225586,256.0
60,104,-20.039255142211914,796.12158203125,17826.0
60,105,-32.5776481628418,25.991376876831055,107.0
60,106,-30.091232299804688,73.60755157470703,543.0
60,107,-9.938942909240723,27.466880798339844,35.0
60,108,-16.80487632751465,28.81728172302246,43.0
60,109,-4.844435214996338,5.026941776275635,2.0
60,110,-24.217391967773438,425.9610900878906,5632.0
60,111,-7.863468170166016,3.7083165645599365,13.0
60,112,-10.561903953552246,8.267901420593262,20.0
60,113,-9.905486106872559,11.898014068603516,12.0
60,114,-5.559532165527344,4.01438045501709,6.0
60,115,-15.586512565612793,13.43350601196289,32.0
60,116,-11.222087860107422,6.4905548095703125,7.0
60,117,-4.860006332397461,2.0022802352905273,4.0
60,118,-13.513349533081055,2.1185708045959473,8.0
60,119,-3.9219250679016113,1.6327089071273804,3.0
60,120,-6.6262311935424805,9.104272842407227,7.0
60,121,-11.802793502807617,7.150142669677734,13.0
60,122,-20.14853286743164,6.244398593902588,28.0
60,123,-5.856741905212402,4.324019908905029,2.0
60,124,-14.566305160522461,11.332984924316406,11.0
60,125,-13.860955238342285,31.984098434448242,112.0
60,126,-13.804123878479004,99.62116241455078,1243.0
60,127,-8.499509811401367,16.999263763427734,10.0
60,128,-9.898123741149902,5.205351829528809,11.0
60,129,-20.047460556030273,17.530160903930664,53.0
60,130,-14.115045547485352,1161.5640869140625,1680.0
60,131,-13.13235092163086,5.163134574890137,74.0
60,132,-25.687253952026367,72.32783508300781,77.0
60,133,-15.280166625976562,12.764840126037598,30.0
60,134,-18.654075622558594,501.71148681640625,147.0
60,135,-9.146248817443848,96.84622192382812,16.0
60,136,-1.3220000267028809,1.55374276638031,1.0
60,137,-5.807287216186523,4.270887851715088,2.0
60,138,-7.930531024932861,3.74999737739563,2.0
60,139,-15.733903884887695,9.465943336486816,14.0
60,140,-18.181556701660156,37.95158767700195,32.0
60,141,-12.7222261428833,12.736161231994629,55.0
60,142,-5.41832160949707,3.8751347064971924,1.0
60,143,-8.53738021850586,17.215211868286133,73.0
60,144,-9.101419448852539,20.776166915893555,83.0
60,145,-7.599897861480713,6.685723781585693,5.0
60,146,-5.210339069366455,13.533519744873047,4.0
60,147,-6.579089164733887,2.5596485137939453,4.0
60,148,-1.255262017250061,1.5195598602294922,1.0
60,149,-29.374286651611328,355.9739074707031,512.0
60,150,-8.778251647949219,18.65443229675293,8.0
60,151,-13.186796188354492,13.976245880126953,15.0
60,152,-9.62908935546875,24.77156639099121,20.0
60,153,-9.222986221313477,6.325551509857178,6.0
60,154,-20.966663360595703,188.9846649169922,504.0
60,155,-22.36941146850586,268.3663024902344,68.0
60,156,-12.439562797546387,63.21369934082031,41.0
60,157,-14.282065391540527,116.8263168334961,165.0
60,158,-4.245170593261719,2.8901045322418213,3.0
60,159,-11.383124351501465,296.3562316894531,598.0
60,160,-8.889636993408203,19.36005973815918,18.0
60,161,-13.851974487304688,10.060957908630371,38.0
60,162,-13.644204139709473,4.554076194763184,36.0
60,163,-5.521666049957275,6.3000359535217285,6.0
60,164,-8.716514587402344,18.27446937561035,8.0
60,165,-17.576602935791016,18.717029571533203,44.0
60,166,-16.23870086669922,2.0920045375823975,8.0
60,167,-15.212834358215332,8.786900520324707,13.0
60,168,-3.4559919834136963,1.9961062669754028,2.0
60,169,-9.82254409790039,11.653843879699707,10.0
60,170,-22.694721221923828,43.92367935180664,57.0
60,171,-18.022459030151367,36.762996673583984,70.0
60,172,-12.027210235595703,7.422641277313232,12.0
60,173,-12.805055618286133,12.94890308380127,495.0
60,174,-16.23489761352539,10.168259620666504,17.0
60,175,-25.477474212646484,163.28460693359375,191.0
60,176,-14.45749282836914,11.129308700561523,24.0
60,177,-13.324929237365723,2.1898200511932373,8.0
60,178,-26.378278732299805,5.804027080535889,21.0
60,179,-14.689387321472168,1547.9605712890625,6038.0
60,180,-13.178346633911133,26.966266632080078,23.0
60,181,-14.075399398803711,109.04924774169922,268.0
60,182,-16.416358947753906,60.58756637573242,59.0
60,183,-13.528181076049805,29.430904388427734,17.0
60,184,-38.124786376953125,231.9213409423828,1076.0
60,185,-12.1970796585083,5.711262226104736,26.0
60,186,-4.746797561645508,2.5840542316436768,8.0
60,187,-12.373991966247559,486.3828125,1068.0
60,188,-13.658041000366211,94.88641357421875,2179.0
60,189,-8.061666488647461,14.690811157226562,25.0
60,190,-24.34454345703125,20.9694766998291,27.0
60,191,-12.60315990447998,12.436454772949219,1646.0
60,192,-13.765049934387207,9.916251182556152,17.0
60,193,-13.391521453857422,28.4423828125,35.0
60,194,-17.0819149017334,5120.24462890625,464.0
60,195,-5.052712440490723,3.5366435050964355,6.0
60,196,-22.452129364013672,273.9737548828125,13847.0
60,197,-11.7479887008667,18.859130859375,1708.0
60,198,-9.300996780395508,2.534761905670166,40.0
60,199,-10.875861167907715,8.803702354431152,41.0
60,200,-16.552419662475586,3.572490930557251,74.0
60,201,-9.935098648071289,143.6743621826172,306.0
60,202,-6.942982196807861,32.18470001220703,42.0
60,203,-31.829357147216797,24.117450714111328,692.0
60,204,-6.797640323638916,5.470719337463379,6.0
60,205,-14.858104705810547,19.523542404174805,437.0
60,206,-6.603499889373779,5.211537837982178,44.0
60,207,-11.216558456420898,16.512863159179688,831.0
60,208,-13.873502731323242,101.95185852050781,2696.0
60,209,-26.553001403808594,27.63616371154785,6116.0
60,210,-3.4162094593048096,1.9802871942520142,2.0
60,211,-10.463184356689453,32.7115478515625,226.0
60,212,-9.358755111694336,10.378005981445312,15.0
60,213,-15.317790985107422,164.9975128173828,2051.0
60,214,-7.300419330596924,6.2034454345703125,35.0
60,215,-33.29901123046875,16.03730583190918,101.0
60,216,-6.6938300132751465,5.33056640625,6.0
60,217,-19.09131622314453,580.4315795898438,854.0
60,218,-10.056602478027344,12.356108665466309,12.0
60,219,-14.528984069824219,37.79761505126953,266.0
60,220,-13.819011688232422,100.11675262451172,2332.0
60,221,-5.013688087463379,2.725733757019043,3.0
60,222,-23.00773811340332,26.75762939453125,207.0
60,223,-3.471543788909912,3.1809542179107666,2.0
60,224,-1.3450202941894531,1.95914888381958,1.0
60,225,-17.102399826049805,11.509812355041504,118.0
60,226,-10.624906539916992,34.523338317871094,359.0
60,227,-13.991297721862793,33.04348373413086,325.0
60,228,-13.487385749816895,6.867288589477539,140.0
60,229,-18.213197708129883,4.5620245933532715,44.0
60,230,-22.834552764892578,9.810521125793457,301.0
60,231,-6.144177436828613,2.7843921184539795,3.0
60,232,-1.0085405111312866,1.399591088294983,1.0
60,233,-11.421619415283203,45.02448272705078,156.0
60,234,-14.424718856811523,36.825103759765625,47.0
60,235,-17.292774200439453,75.42913055419922,252.0
60,236,-12.912443161010742,74.00611877441406,36.0
60,237,-20.286209106445312,57.81463623046875,750.0
60,238,-34.25693893432617,17.370004653930664,2313.0
60,239,-7.51521110534668,3.4992029666900635,7.0
60,240,-17.383377075195312,18.123863220214844,1386.0
60,241,-7.609687328338623,12.63615894317627,57.0
60,242,-37.780426025390625,220.7882080078125,1900.0
60,243,-14.328948974609375,7.744576454162598,21.0
60,244,-7.73797607421875,13.188239097595215,10.0
60,245,-9.918294906616211,7.269293308258057,10.0
60,246,-6.819899082183838,5.501246929168701,6.0
60,247,-20.347326278686523,29.702198028564453,97.0
60,248,-10.013004302978516,4.180493354797363,3.0
60,249,-13.933923721313477,16.2287540435791,110.0
60,250,-29.918804168701172,42.091697692871094,1745.0
60,251,-21.238140106201172,69.9393310546875,348.0
60,252,-24.32472801208496,20.9176025390625,64.0
60,253,-32.252655029296875,633.038330078125,995.0
60,254,-12.053993225097656,7.4558491706848145,5.0
60,255,-17.560047149658203,12.287446022033691,58.0
60,256,-16.324073791503906,59.20573806762695,206.0
60,257,-20.036169052124023,149.76123046875,547.0
60,258,-5.600597858428955,3.065220594406128,2.0
60,259,-11.568321228027344,10.111407279968262,271.0
60,260,-8.594768524169922,17.547697067260742,15.0
60,261,-22.090787887573242,6.302201747894287,99.0
60,262,-13.692058563232422,95.96846771240234,94.0
60,263,-15.308014869689941,21.361774444580078,11.0
60,264,-7.960659980773926,14.204421043395996,29.0
60,265,-8.260688781738281,15.698465347290039,56.0
60,266,-9.695323944091797,25.32455825805664,172.0
60,267,-12.17290210723877,20.972782135009766,91.0
60,268,-21.881454467773438,38.35592269897461,78.0
60,269,-1.788304090499878,1.4299806356430054,1.0
60,270,-3.0643701553344727,1.8457285165786743,1.0
60,271,-15.065778732299805,12.316788673400879,42.0
60,272,-6.802915096282959,9.656569480895996,4.0
60,273,-8.960797309875488,9.395203590393066,14.0
60,274,-8.518022537231445,8.410707473754883,23.0
60,275,-6.563840866088867,5.160122394561768,19.0
60,276,-13.817182540893555,7.1985764503479,10.0
60,277,-18.43593978881836,100.3822021484375,539.0
60,278,-17.146480560302734,11.58252239227295,112.0
60,279,-10.305434226989746,7.854502201080322,253.0
60,280,-16.894065856933594,8.26275634765625,39.0
60,281,-12.91336441040039,74.02884674072266,56.0
60,282,-6.315913200378418,8.209602355957031,3.0
60,283,-13.576171875,92.33198547363281,1100.0
60,284,-10.494125366210938,8.156579971313477,147.0
60,285,-20.807262420654297,6.629764556884766,8.0
60,286,-21.588157653808594,7.117523670196533,10.0
60,287,-2.240872621536255,3.0661916732788086,3.0
60,288,-13.186378479003906,13.975079536437988,820.0
60,289,-31.24437713623047,22.74710464477539,120.0
60,290,-17.657461166381836,82.62937927246094,46.0
60,291,-5.32319974899292,3.784069299697876,5.0
60,292,-8.385069847106934,8.135746002197266,12.0
60,293,-0.9195849299430847,1.2584693431854248,1.0
60,294,-18.616796493530273,105.02507781982422,55.0
60,295,-6.066845417022705,20.7681941986084,32.0
60,296,-28.17424774169922,22.884777069091797,202.0
60,297,-20.30196762084961,18.179256439208984,56.0
60,298,-17.58856773376465,33.707271575927734,6821.0
60,299,-18.37677001953125,9782.8388671875,361.0
60,300,-25.082387924194336,279622.0,5121.0
60,301,-23.509990692138672,13.629291534423828,598.0
60,302,-9.016658782958984,9.527332305908203,8.0
60,303,-14.705354690551758,18.93611717224121,1766.0
62,0,-21.163944244384766,34.03277587890625,114.0
62,1,-2.510669231414795,1.8732357025146484,1.0
62,2,-8.553235054016113,17.306432723999023,3.0
62,3,-8.120948791503906,14.98399829864502,91.0
62,4,-18.47034454345703,13.993887901306152,130.0
62,5,-29.754268646240234,27.2766170501709,133.0
62,6,-38.10920715332031,69.01724243164062,1818.0
62,7,-12.96143627166748,6.370218753814697,108.0
62,8,-5.300714015960693,5.852709770202637,5.0
62,9,-10.807090759277344,8.683444023132324,7.0
62,10,-22.41030502319336,271.1239929199219,1224.0
62,11,-7.549562454223633,4.526334285736084,8.0
62,12,-9.4232816696167,10.546778678894043,7.0
62,13,-7.759099006652832,3.0296366214752197,10.0
62,14,-20.530288696289062,937.6995239257812,282.0
62,15,-6.579143524169922,2.275939464569092,13.0
62,16,-7.331169128417969,6.251317977905273,17.0
62,17,-17.80367660522461,377.8732604980469,205.0
62,18,-20.775100708007812,32453.0703125,1762.0
62,19,-17.152368545532227,11.592268943786621,22.0
62,20,-12.99924087524414,13.461695671081543,28.0
62,21,-11.980714797973633,54.248291015625,23.0
62,22,-11.028200149536133,9.076059341430664,13.0
62,23,-3.8136372566223145,1.7242727279663086,2.0
62,24,-6.753662109375,9.499324798583984,6.0
62,25,-3.8800487518310547,3.644975185394287,5.0
62,26,-3.613004207611084,2.4676122665405273,3.0
62,27,-7.613501071929932,4.584588050842285,25.0
62,28,-9.763288497924805,3.388580322265625,36.0
62,29,-19.348495483398438,15.86429214477539,33.0
62,30,-5.303206443786621,2.8882226943969727,4.0
62,31,-10.53393268585205,33.49214172363281,29.0
62,32,-9.997482299804688,12.17482852935791,104.0
62,33,-13.305302619934082,5.275971412658691,41.0
62,34,-9.417793273925781,23.086877822875977,83.0
62,35,-6.220637798309326,7.95297384262085,13.0
62,36,-17.49246597290039,340.6385498046875,399.0
62,37,-22.703187942504883,9.682486534118652,172.0
62,38,-43.680442810058594,53.03485870361328,15087.0
62,39,-11.070526123046875,40.0518684387207,59.0
62,40,-9.541247367858887,24.0567569732666,16.0
62,41,-8.513051986694336,8.400262832641602,11.0
62,42,-9.98150634765625,147.04713439941406,158.0
62,43,-39.34874725341797,704.9483642578125,1770.0
62,44,-3.713006019592285,6.401312828063965,3.0
62,45,-10.530583381652832,5.784010887145996,10.0
62,46,-11.694145202636719,49.306129455566406,96.0
62,47,-5.540638446807861,3.9954636096954346,12.0
62,48,-20.646764755249023,174.45924377441406,3207.0
62,49,-15.715448379516602,5.732553482055664,23.0
62,50,-13.697097778320312,96.12977600097656,1294.0
62,51,-12.712594032287598,69.23670959472656,124.0
62,52,-9.26748275756836,6.382096290588379,53.0
62,53,-5.384224891662598,6.017920017242432,3.0
62,54,-31.36276626586914,186.25701904296875,7839.0
62,55,-19.305784225463867,24.968889236450195,18.0
62,56,-6.447695732116699,8.578267097473145,13.0
62,57,-6.155379295349121,4.659204959869385,3.0
62,58,-8.86478042602539,9.172364234924316,12.0
62,59,-24.630435943603516,33.73829650878906,229.0
62,60,-9.901227951049805,11.885355949401855,40.0
62,61,-10.770313262939453,36.237857818603516,21.0
62,62,-23.92917251586914,396.34820556640625,327.0
62,63,-11.299983978271484,5.02428674697876,13.0
62,64,-8.273286819458008,5.231287002563477,9.0
62,65,-4.894922733306885,5.1122565269470215,2.0
62,66,-15.844043731689453,14.022650718688965,7.0
62,67,-6.732422351837158,3.843888282775879,3.0
62,68,-15.531359672546387,6.968639373779297,41.0
62,69,-9.401021957397461,22.958171844482422,14.0
62,70,-5.294712066650391,3.7572150230407715,3.0
62,71,-10.049407958984375,1.8740239143371582,68.0
62,72,-14.19961929321289,34.81000518798828,21.0
62,73,-12.682703018188477,23.823577880859375,14.0
62,74,-15.069341659545898,151.88348388671875,388.0
62,75,-8.25770092010498,1.9900141954421997,6.0
62,76,-6.817785263061523,3.9100770950317383,10.0
62,77,-14.533279418945312,18.29551124572754,53.0
62,78,-7.6879730224609375,3.601422071456909,2.0
62,79,-13.563615798950195,3.8820433616638184,83.0
62,80,-6.1873064041137695,3.446851968765259,14.0
62,81,-9.602112770080566,3.320993661880493,45.0
62,82,-5.245872974395752,2.8552932739257812,4.0
62,83,-21.701129913330078,7.190998077392578,291.0
62,84,-8.681558609008789,18.06277084350586,81.0
62,85,-4.215993881225586,8.231736183166504,3.0
62,86,-4.41411018371582,4.355197906494141,4.0
62,87,-32.56850814819336,58.61927032470703,284.0
62,88,-13.782384872436523,5.6001763343811035,103.0
62,89,-16.331253051757812,26.212871551513672,60.0
62,90,-13.403392791748047,14.59499454498291,209.0
62,91,-15.599542617797852,13.462712287902832,14.0
62,92,-4.881616115570068,5.089631080627441,2.0
62,93,-6.6153950691223145,3.75496506690979,4.0
62,94,-7.224350929260254,4.241302013397217,21.0
62,95,-16.937591552734375,5.439892292022705,266.0
62,96,-10.681865692138672,35.18507385253906,20.0
62,97,-4.511445999145508,4.498820781707764,6.0
62,98,-17.494686126708984,4.905838489532471,23.0
62,99,-15.957990646362305,7.3503570556640625,135.0
62,100,-13.10177993774414,6.499224662780762,50.0
62,101,-25.235414505004883,9.915792465209961,273.0
62,102,-19.138866424560547,119.66744232177734,80.0
62,103,-9.247529983520508,21.813085556030273,272.0
62,104,-20.053903579711914,800.0183715820312,18484.0
62,105,-32.41399383544922,25.569475173950195,113.0
62,106,-30.134902954101562,74.06818389892578,539.0
62,107,-9.958208084106445,27.643835067749023,36.0
62,108,-16.894287109375,29.337228775024414,45.0
62,109,-4.825060844421387,4.994581699371338,2.0
62,110,-24.174785614013672,421.447998046875,5635.0
62,111,-7.893098831176758,3.726675033569336,12.0
62,112,-10.505311965942383,8.174849510192871,20.0
62,113,-9.989151000976562,12.149497032165527,12.0
62,114,-5.537448883056641,3.992278814315796,6.0
62,115,-15.79818058013916,13.915874481201172,32.0
62,116,-11.235222816467285,6.50477933883667,7.0
62,117,-4.900466442108154,2.0138869285583496,4.0
62,118,-13.484278678894043,2.115151882171631,8.0
62,119,-3.8654747009277344,1.621228814125061,3.0
62,120,-6.497503280639648,8.72187614440918,6.0
62,121,-11.771193504333496,7.112583637237549,13.0
62,122,-20.22218132019043,6.286346912384033,27.0
62,123,-5.886582374572754,4.356398105621338,2.0
62,124,-14.600208282470703,11.39720344543457,11.0
62,125,-13.797066688537598,31.4773006439209,108.0
62,126,-13.815847396850586,100.01121520996094,1248.0
62,127,-8.43760871887207,16.652099609375,10.0
62,128,-9.868316650390625,5.179556846618652,11.0
62,129,-20.09207534790039,17.642248153686523,53.0
62,130,-14.288702011108398,1266.9288330078125,1767.0
62,131,-13.174627304077148,5.190491676330566,74.0
62,132,-25.696300506591797,72.43696594238281,69.0
62,133,-15.35853385925293,12.932656288146973,31.0
62,134,-18.54143524169922,483.2231750488281,152.0
62,135,-9.13332748413086,96.22254943847656,16.0
62,136,-1.3361361026763916,1.5610811710357666,1.0
62,137,-5.816099166870117,4.280307292938232,2.0
62,138,-7.9273681640625,3.748021125793457,2.0
62,139,-15.755549430847168,9.495260238647461,14.0
62,140,-18.205585479736328,38.1344108581543,30.0
62,141,-12.832586288452148,13.020400047302246,54.0
62,142,-5.40428352355957,3.861558675765991,1.0
62,143,-8.579619407653809,17.45931053161621,75.0
62,144,-9.093768119812012,20.723243713378906,81.0
62,145,-7.596225738525391,6.67958927154541,5.0
62,146,-5.214125633239746,13.55916690826416,4.0
62,147,-6.591259956359863,2.5641026496887207,4.0
62,148,-1.256152629852295,1.5200109481811523,1.0
62,149,-29.314456939697266,351.7396240234375,509.0
62,150,-8.826871871948242,18.959224700927734,8.0
62,151,-13.11581039428711,13.77922534942627,15.0
62,152,-9.645732879638672,24.90937614440918,20.0
62,153,-9.236492156982422,6.342660903930664,6.0
62,154,-20.977394104003906,189.49232482910156,498.0
62,155,-22.396198272705078,270.1695251464844,69.0
62,156,-12.464351654052734,63.73817443847656,41.0
62,157,-14.28262710571289,116.84821319580078,164.0
62,158,-4.299938678741455,2.929947853088379,3.0
62,159,-11.3346586227417,289.2609558105469,584.0
62,160,-8.787261962890625,18.710546493530273,17.0
62,161,-13.85687255859375,10.069174766540527,37.0
62,162,-13.673579216003418,4.56896448135376,36.0
62,163,-5.515167236328125,6.286403179168701,6.0
62,164,-8.76939868927002,18.59946632385254,8.0
62,165,-17.383590698242188,18.124509811401367,43.0
62,166,-16.08368682861328,2.0773160457611084,8.0
62,167,-15.175455093383789,8.740105628967285,13.0
62,168,-3.4593822956085205,1.997460126876831,2.0
62,169,-9.784942626953125,11.544806480407715,11.0
62,170,-22.804214477539062,44.73258972167969,58.0
62,171,-17.984357833862305,36.48392105102539,68.0
62,172,-12.08757209777832,7.497692108154297,12.0
62,173,-12.944267272949219,13.314496040344238,522.0
62,174,-16.28575897216797,10.242409706115723,19.0
62,175,-25.482656478881836,163.45396423339844,193.0
62,176,-14.37667465209961,10.980405807495117,23.0
62,177,-13.19011116027832,2.17252254486084,8.0
62,178,-26.24728775024414,5.7535624504089355,21.0
62,179,-14.619999885559082,1495.1771240234375,5911.0
62,180,-13.199493408203125,27.10920524597168,24.0
62,181,-14.117254257202148,110.58135223388672,275.0
62,182,-16.450428009033203,61.105812072753906,61.0
62,183,-13.482555389404297,29.097110748291016,15.0
62,184,-38.093936920166016,230.90142822265625,1063.0
62,185,-12.153242111206055,5.675606727600098,26.0
62,186,-4.680364608764648,2.54994797706604,8.0
62,187,-12.393754959106445,491.21282958984375,1067.0
62,188,-13.607643127441406,93.30567932128906,2131.0
62,189,-8.055279731750488,14.659566879272461,25.0
62,190,-24.372867584228516,21.043851852416992,25.0
62,191,-12.530181884765625,12.256253242492676,1613.0
62,192,-13.902029991149902,10.145243644714355,18.0
62,193,-13.34714412689209,28.128576278686523,35.0
62,194,-17.160842895507812,5326.349609375,489.0
62,195,-5.060076713562012,3.5431606769561768,6.0
62,196,-22.39223861694336,269.9021911621094,13622.0
62,197,-11.650400161743164,18.404590606689453,1600.0
62,198,-9.255203247070312,2.5231807231903076,40.0
62,199,-10.760543823242188,8.602980613708496,44.0
62,200,-16.663415908813477,3.603123664855957,70.0
62,201,-9.885298728942871,140.1410369873047,302.0
62,202,-6.866530418395996,30.97762680053711,41.0
62,203,-31.92218780517578,24.342378616333008,714.0
62,204,-6.795166492462158,5.467337131500244,6.0
62,205,-14.943782806396484,19.860973358154297,442.0
62,206,-6.711099624633789,5.353630065917969,47.0
62,207,-11.27983283996582,16.77614974975586,851.0
62,208,-13.936025619506836,104.09895324707031,2835.0
62,209,-26.50836181640625,27.482383728027344,6149.0
62,210,-3.3966689109802246,1.9725631475448608,2.0
62,211,-10.272470474243164,30.696752548217773,198.0
62,212,-9.342222213745117,10.335201263427734,14.0
62,213,-15.333036422729492,165.8380889892578,2133.0
62,214,-7.311722278594971,6.220999717712402,36.0
62,215,-32.89265441894531,15.503325462341309,98.0
62,216,-6.715113639831543,5.359005451202393,6.0
62,217,-19.071075439453125,576.5286865234375,860.0
62,218,-9.941341400146484,12.005145072937012,11.0
62,219,-14.63792610168457,38.8411979675293,270.0
62,220,-13.808732986450195,99.77433776855469,2356.0
62,221,-4.951583385467529,2.692086935043335,3.0
62,222,-23.075939178466797,27.019603729248047,208.0
62,223,-3.497436046600342,3.208527088165283,2.0
62,224,-1.3354755640029907,1.9498213529586792,1.0
62,225,-17.1103515625,11.522895812988281,114.0
62,226,-10.420140266418457,32.24555206298828,330.0
62,227,-14.044468879699707,33.48565673828125,330.0
62,228,-13.364337921142578,6.747628688812256,136.0
62,229,-18.14145278930664,4.534830570220947,45.0
62,230,-22.84075164794922,9.816603660583496,293.0
62,231,-6.184201240539551,2.803027868270874,3.0
62,232,-1.0005208253860474,1.3958547115325928,1.0
62,233,-11.406744003295898,44.80178451538086,155.0
62,234,-14.445868492126465,37.02032470703125,47.0
62,235,-17.266376495361328,74.9329833984375,249.0
62,236,-12.94196891784668,74.73807525634766,37.0
62,237,-21.18596839904785,69.21334075927734,780.0
62,238,-34.180091857910156,17.259124755859375,2303.0
62,239,-7.469164848327637,3.4724512100219727,7.0
62,240,-17.467191696166992,18.378814697265625,1448.0
62,241,-7.643843650817871,12.78084945678711,58.0
62,242,-37.97837829589844,227.12095642089844,1908.0
62,243,-14.377485275268555,7.798461437225342,21.0
62,244,-7.7943267822265625,13.438302040100098,10.0
62,245,-10.023207664489746,7.423432350158691,12.0
62,246,-6.837026596069336,5.524853229522705,6.0
62,247,-20.16045379638672,28.791372299194336,93.0
62,248,-10.012946128845215,4.1804585456848145,3.0
62,249,-13.921550750732422,16.188644409179688,114.0
62,250,-29.99142837524414,42.47554397583008,1750.0
62,251,-21.314517974853516,71.0158920288086,360.0
62,252,-24.244096755981445,20.707836151123047,63.0
62,253,-32.392913818359375,651.0476684570312,971.0
62,254,-11.97764778137207,7.3615803718566895,5.0
62,255,-17.63480567932129,12.419378280639648,60.0
62,256,-16.342464447021484,59.478572845458984,195.0
62,257,-20.08864974975586,151.73907470703125,547.0
62,258,-5.598309516906738,3.0638182163238525,2.0
62,259,-11.47199821472168,9.91848087310791,265.0
62,260,-8.558540344238281,17.337068557739258,15.0
62,261,-21.88895034790039,6.197085857391357,99.0
62,262,-13.693792343139648,96.02394104003906,93.0
62,263,-15.250411987304688,21.11708641052246,11.0
62,264,-8.03652572631836,14.568211555480957,29.0
62,265,-8.239391326904297,15.58741283416748,54.0
62,266,-9.788017272949219,26.119245529174805,192.0
62,267,-12.124195098876953,20.718952178955078,90.0
62,268,-21.843732833862305,38.11553955078125,74.0
62,269,-1.7829339504241943,1.4284454584121704,1.0
62,270,-3.0329513549804688,1.8341666460037231,1.0
62,271,-15.021402359008789,12.22602653503418,41.0
62,272,-6.741463661193848,9.460777282714844,4.0
62,273,-8.908088684082031,9.27221393585205,14.0
62,274,-8.67765998840332,8.753162384033203,26.0
62,275,-6.569786548614502,5.167797565460205,19.0
62,276,-13.912288665771484,7.2970476150512695,10.0
62,277,-18.406410217285156,99.64386749267578,549.0
62,278,-17.271286010742188,11.790884017944336,118.0
62,279,-10.155627250671387,7.622661113739014,249.0
62,280,-16.859045028686523,8.226664543151855,37.0
62,281,-12.935083389282227,74.5667495727539,57.0
62,282,-6.246469497680664,8.021748542785645,3.0
62,283,-13.448177337646484,88.47549438476562,1051.0
62,284,-10.499436378479004,8.165249824523926,142.0
62,285,-20.754417419433594,6.597990989685059,7.0
62,286,-21.48011016845703,7.047954082489014,10.0
62,287,-2.2515618801116943,3.082623243331909,3.0
62,288,-13.244721412658691,14.139104843139648,822.0
62,289,-31.212554931640625,22.674827575683594,117.0
62,290,-17.71390151977539,83.80355072021484,47.0
62,291,-5.251314163208008,3.7166714668273926,5.0
62,292,-8.373200416564941,8.111639976501465,12.0
62,293,-0.9056034088134766,1.2540782690048218,1.0
62,294,-18.698537826538086,107.1933822631836,50.0
62,295,-5.98783540725708,19.963741302490234,31.0
62,296,-28.012298583984375,22.476661682128906,197.0
62,297,-20.322572708129883,18.232847213745117,53.0
62,298,-17.53783416748047,33.36698532104492,6736.0
62,299,-18.401885986328125,9906.4658203125,371.0
62,300,-24.998966217041016,268198.625,5011.0
62,301,-23.64602279663086,13.836856842041016,609.0
62,302,-9.073257446289062,9.663098335266113,8.0
62,303,-14.742437362670898,19.077077865600586,1813.0
64,0,-21.18616485595703,34.15904998779297,114.0
64,1,-2.5243518352508545,1.8796544075012207,1.0
64,2,-8.582688331604004,17.477182388305664,3.0
64,3,-8.279563903808594,15.797544479370117,104.0
64,4,-18.53162956237793,14.116941452026367,129.0
64,5,-29.870100021362305,27.62994384765625,138.0
64,6,-38.1044921875,68.98108673095703,1821.0
64,7,-12.941418647766113,6.352027416229248,107.0
64,8,-5.3046441078186035,5.860382080078125,5.0
64,9,-10.808409690856934,8.685733795166016,7.0
64,10,-22.660839080810547,288.6485290527344,1227.0
64,11,-7.564086437225342,4.539501667022705,8.0
64,12,-9.53565788269043,10.847281455993652,7.0
64,13,-7.822771072387695,3.0573198795318604,8.0
64,14,-20.611495971679688,963.4288330078125,290.0
64,15,-6.557175159454346,2.269698143005371,13.0
64,16,-7.313767910003662,6.224181652069092,17.0
64,17,-17.834918975830078,381.8290710449219,207.0
64,18,-20.78876304626465,32675.5234375,1719.0
64,19,-17.170581817626953,11.622469902038574,22.0
64,20,-12.97771167755127,13.40385627746582,29.0
64,21,-12.050932884216309,55.53302001953125,24.0
64,22,-11.008705139160156,9.040739059448242,11.0
64,23,-3.781604766845703,1.716400384902954,2.0
64,24,-6.714406490325928,9.375834465026855,6.0
64,25,-3.9084997177124023,3.6797072887420654,5.0
64,26,-3.6003081798553467,2.4597926139831543,3.0
64,27,-7.547215461730957,4.524209976196289,23.0
64,28,-9.684158325195312,3.3552281856536865,34.0
64,29,-19.388961791992188,15.956268310546875,32.0
64,30,-5.254258155822754,2.8600857257843018,4.0
64,31,-10.576333045959473,33.9688606262207,31.0
64,32,-9.978293418884277,12.116562843322754,101.0
64,33,-13.306558609008789,5.276800155639648,40.0
64,34,-9.43359661102295,23.20881462097168,83.0
64,35,-6.204467296600342,7.910221576690674,13.0
64,36,-17.48310089111328,339.5768127441406,399.0
64,37,-22.658050537109375,9.638880729675293,167.0
64,38,-43.71955871582031,53.22378921508789,15317.0
64,39,-11.05341911315918,39.82413101196289,58.0
64,40,-9.600398063659668,24.535783767700195,17.0
64,41,-8.475199699401855,8.321146011352539,10.0
64,42,-10.079509735107422,154.43215942382812,162.0
64,43,-39.427059173583984,714.2095947265625,1784.0
64,44,-3.741787910461426,6.4940996170043945,3.0
64,45,-10.515775680541992,5.769753456115723,10.0
64,46,-11.781933784484863,50.77027893066406,96.0
64,47,-5.619307994842529,4.074821472167969,13.0
64,48,-20.62247085571289,173.40289306640625,3302.0
64,49,-15.766732215881348,5.765312194824219,23.0
64,50,-13.677412033081055,95.50106048583984,1269.0
64,51,-12.724915504455566,69.52168273925781,119.0
64,52,-9.214488983154297,6.314810752868652,52.0
64,53,-5.419638633728027,6.089379787445068,3.0
64,54,-31.301286697387695,184.35833740234375,7741.0
64,55,-19.29886817932129,24.940128326416016,18.0
64,56,-6.395211696624756,8.429498672485352,13.0
64,57,-6.139200687408447,4.640398025512695,3.0
64,58,-9.057861328125,9.6259765625,13.0
64,59,-24.61948013305664,33.68553924560547,232.0
64,60,-9.772220611572266,11.508147239685059,33.0
64,61,-10.775249481201172,36.29753875732422,19.0
64,62,-24.25004005432129,429.4520263671875,330.0
64,63,-11.268770217895508,5.001932144165039,13.0
64,64,-8.269371032714844,5.227191925048828,9.0
64,65,-4.8639235496521,5.059703350067139,2.0
64,66,-15.896207809448242,14.145096778869629,7.0
64,67,-6.771355152130127,3.8739359378814697,3.0
64,68,-15.526899337768555,6.964755058288574,41.0
64,69,-9.474650382995605,23.528600692749023,14.0
64,70,-5.353924751281738,3.8132474422454834,3.0
64,71,-9.87052059173584,1.8531882762908936,64.0
64,72,-14.234853744506836,35.11798858642578,22.0
64,73,-12.698278427124023,23.91652488708496,15.0
64,74,-15.149145126342773,155.97801208496094,410.0
64,75,-8.121538162231445,1.96756112575531,5.0
64,76,-6.774782657623291,3.8765921592712402,10.0
64,77,-14.480659484863281,18.10398292541504,53.0
64,78,-7.5713276863098145,3.53208327293396,2.0
64,79,-13.552631378173828,3.8777811527252197,79.0
64,80,-6.102492332458496,3.3888766765594482,13.0
64,81,-9.656350135803223,3.34358549118042,44.0
64,82,-5.1564621925354,2.8046882152557373,4.0
64,83,-21.575897216796875,7.109594345092773,287.0
64,84,-8.761199951171875,18.548704147338867,84.0
64,85,-4.203702926635742,8.181303024291992,3.0
64,86,-4.361234664916992,4.279109477996826,4.0
64,87,-32.64683532714844,59.19602584838867,285.0
64,88,-13.706509590148926,5.547313213348389,102.0
64,89,-16.349285125732422,26.30757713317871,59.0
64,90,-13.320030212402344,14.35367488861084,200.0
64,91,-15.527837753295898,13.302777290344238,14.0
64,92,-4.859370231628418,5.052029609680176,2.0
64,93,-6.590012550354004,3.7359511852264404,4.0
64,94,-7.25828742980957,4.270186424255371,21.0
64,95,-16.984020233154297,5.465207099914551,270.0
64,96,-10.689069747924805,35.26966857910156,20.0
64,97,-4.488968849182129,4.465240001678467,6.0
64,98,-17.52785873413086,4.920655250549316,23.0
64,99,-15.988588333129883,7.378523349761963,137.0
64,100,-13.015908241271973,6.41998291015625,47.0
64,101,-25.20065689086914,9.884510040283203,282.0
64,102,-19.180675506591797,120.9248046875,82.0
64,103,-9.187432289123535,21.38045883178711,266.0
64,104,-20.067319869995117,803.6038818359375,18395.0
64,105,-32.502708435058594,25.797327041625977,115.0
64,106,-30.063129425048828,73.31260681152344,566.0
64,107,-9.975974082946777,27.808029174804688,35.0
64,108,-16.843345642089844,29.039852142333984,45.0
64,109,-4.843592166900635,5.025528907775879,2.0
64,110,-24.32316780090332,437.37542724609375,5653.0
64,111,-7.73837423324585,3.6318023204803467,12.0
64,112,-10.518221855163574,8.195984840393066,20.0
64,113,-9.990376472473145,12.153219223022461,12.0
64,114,-5.478160381317139,3.9335410594940186,6.0
64,115,-15.740015983581543,13.781623840332031,32.0
64,116,-11.282147407531738,6.555850982666016,7.0
64,117,-4.960310459136963,2.0311777591705322,4.0
64,118,-13.528484344482422,2.1203527450561523,8.0
64,119,-3.8106884956359863,1.610163927078247,3.0
64,120,-6.516819953918457,8.778218269348145,6.0
64,121,-11.887396812438965,7.2516770362854,13.0
64,122,-20.246023178100586,6.299986839294434,27.0
64,123,-5.88442325592041,4.3540472984313965,2.0
64,124,-14.562577247619629,11.325944900512695,11.0
64,125,-13.838837623596191,31.80773162841797,110.0
64,126,-13.777546882629395,98.74250030517578,1231.0
64,127,-8.486213684082031,16.924089431762695,10.0
64,128,-9.889669418334961,5.198022365570068,11.0
64,129,-20.08229637145996,17.61762046813965,53.0
64,130,-14.129515647888184,1169.99853515625,1662.0
64,131,-13.088249206542969,5.134749889373779,72.0
64,132,-25.648548126220703,71.86273956298828,71.0
64,133,-15.390262603759766,13.001227378845215,33.0
64,134,-18.63458251953125,498.4620056152344,153.0
64,135,-9.207443237304688,99.8552474975586,16.0
64,136,-1.3391460180282593,1.5626482963562012,1.0
64,137,-5.811206340789795,4.275074481964111,2.0
64,138,-7.914529800415039,3.7400102615356445,2.0
64,139,-15.679636001586914,9.392843246459961,14.0
64,140,-18.261266708374023,38.56146240234375,32.0
64,141,-12.823795318603516,12.997527122497559,56.0
64,142,-5.397810935974121,3.8553152084350586,1.0
64,143,-8.629809379577637,17.753862380981445,75.0
64,144,-9.116497039794922,20.880849838256836,82.0
64,145,-7.518631935119629,6.55126428604126,5.0
64,146,-5.211257457733154,13.539735794067383,4.0
64,147,-6.582712173461914,2.5609734058380127,4.0
64,148,-1.2537941932678223,1.5188164710998535,1.0
64,149,-29.24104118347168,346.6128234863281,500.0
64,150,-8.820432662963867,18.918575286865234,8.0
64,151,-13.131831169128418,13.823446273803711,15.0
64,152,-9.697365760803223,25.3418025970459,20.0
64,153,-9.10842227935791,6.1822638511657715,6.0
64,154,-21.118595123291016,196.30091857910156,501.0
64,155,-22.583580017089844,283.1268310546875,69.0
64,156,-12.44867992401123,63.406089782714844,41.0
64,157,-14.24160385131836,115.26126861572266,159.0
64,158,-4.33779239654541,2.9578070640563965,3.0
64,159,-11.411395072937012,300.5750427246094,587.0
64,160,-8.852874755859375,19.124271392822266,18.0
64,161,-13.8189697265625,10.005766868591309,37.0
64,162,-13.72486686706543,4.595075607299805,38.0
64,163,-5.543675422668457,6.346426010131836,6.0
64,164,-8.728484153747559,18.347524642944336,8.0
64,165,-17.630435943603516,18.885719299316406,45.0
64,166,-16.363828659057617,2.1039371490478516,8.0
64,167,-15.311124801635742,8.911151885986328,13.0
64,168,-3.49027156829834,2.009838581085205,2.0
64,169,-9.750897407531738,11.446962356567383,11.0
64,170,-22.794843673706055,44.66278839111328,57.0
64,171,-18.10232162475586,37.35490798950195,70.0
64,172,-11.989715576171875,7.376401424407959,12.0
64,173,-12.925179481506348,13.263764381408691,519.0
64,174,-16.20175552368164,10.120231628417969,18.0
64,175,-25.50733184814453,164.2625732421875,190.0
64,176,-14.377979278564453,10.982794761657715,24.0
64,177,-13.084765434265137,2.1591012477874756,8.0
64,178,-26.498920440673828,5.850894927978516,20.0
64,179,-14.627408981323242,1500.726318359375,5927.0
64,180,-13.24793529510498,27.43950653076172,24.0
64,181,-14.041847229003906,107.83647155761719,272.0
64,182,-16.352060317993164,59.621429443359375,59.0
64,183,-13.457893371582031,28.918264389038086,15.0
64,184,-38.18839645385742,234.03843688964844,1099.0
64,185,-12.234076499938965,5.741527557373047,26.0
64,186,-4.673810958862305,2.5466079711914062,7.0
64,187,-12.409323692321777,495.0515441894531,1083.0
64,188,-13.634559631347656,94.1466064453125,2146.0
64,189,-8.050201416015625,14.634773254394531,25.0
64,190,-24.385875701904297,21.078096389770508,26.0
64,191,-12.618635177612305,12.475004196166992,1622.0
64,192,-13.841917037963867,10.044107437133789,17.0
64,193,-13.352174758911133,28.163976669311523,35.0
64,194,-17.10578155517578,5181.71240234375,478.0
64,195,-5.044399261474609,3.5293009281158447,6.0
64,196,-22.329845428466797,265.724853515625,13647.0
64,197,-11.759783744812012,18.914823532104492,1679.0
64,198,-9.280341148376465,2.529531478881836,40.0
64,199,-10.659640312194824,8.431106567382812,42.0
64,200,-16.76866912841797,3.6324148178100586,68.0
64,201,-9.871416091918945,139.17164611816406,301.0
64,202,-6.89687442779541,31.451200485229492,42.0
64,203,-31.988433837890625,24.504173278808594,701.0
64,204,-6.801794052124023,5.47640323638916,6.0
64,205,-14.897119522094727,19.67647933959961,436.0
64,206,-6.787246227264404,5.456521987915039,50.0
64,207,-11.229195594787598,16.565113067626953,834.0
64,208,-13.925652503967285,103.7396469116211,2802.0
64,209,-26.549701690673828,27.624767303466797,6134.0
64,210,-3.3828039169311523,1.9671006202697754,2.0
64,211,-10.384329795837402,31.862926483154297,210.0
64,212,-9.431528091430664,10.568544387817383,15.0
64,213,-15.31817626953125,165.01866149902344,2062.0
64,214,-7.306395530700684,6.21272087097168,37.0
64,215,-33.13163757324219,15.815174102783203,107.0
64,216,-6.602311134338379,5.209989070892334,6.0
64,217,-19.109275817871094,583.9168701171875,894.0
64,218,-9.905961990356445,11.899430274963379,11.0
64,219,-14.724081993103027,39.68687438964844,280.0
64,220,-13.748332023620605,97.78561401367188,2338.0
64,221,-5.021960258483887,2.7302467823028564,3.0
64,222,-22.98224449157715,26.66036033630371,209.0
64,223,-3.4941182136535645,3.2049810886383057,2.0
64,224,-1.3443243503570557,1.9584672451019287,1.0
64,225,-17.06195640563965,11.443504333496094,110.0
64,226,-10.486093521118164,32.96229934692383,342.0
64,227,-13.991827011108398,33.04785919189453,335.0
64,228,-13.300697326660156,6.686561107635498,132.0
64,229,-18.088218688964844,4.5147576332092285,45.0
64,230,-22.851226806640625,9.82689094543457,291.0
64,231,-6.184457778930664,2.803147792816162,3.0
64,232,-1.0035696029663086,1.3972738981246948,1.0
64,233,-11.503500938415527,46.270301818847656,160.0
64,234,-14.474400520324707,37.28533935546875,47.0
64,235,-17.28362274169922,75.25675201416016,248.0
64,236,-13.005223274230957,76.33064270019531,37.0
64,237,-20.55146598815918,60.964599609375,721.0
64,238,-34.3665885925293,17.529449462890625,2321.0
64,239,-7.4824676513671875,3.480158805847168,7.0
64,240,-17.5097713470459,18.50970458984375,1448.0
64,241,-7.62263822555542,12.690828323364258,58.0
64,242,-37.87261199951172,223.715087890625,1888.0
64,243,-14.293832778930664,7.705822944641113,22.0
64,244,-7.769330024719238,13.32679557800293,10.0
64,245,-9.992416381835938,7.377857685089111,12.0
64,246,-6.825318336486816,5.508705139160156,6.0
64,247,-20.177112579345703,28.871417999267578,93.0
64,248,-10.028017044067383,4.1894683837890625,3.0
64,249,-13.917637825012207,16.175983428955078,108.0
64,250,-29.97440528869629,42.385257720947266,1744.0
64,251,-21.310420989990234,70.95770263671875,365.0
64,252,-24.305408477783203,20.867149353027344,67.0
64,253,-32.43311309814453,656.3031616210938,990.0
64,254,-11.986059188842773,7.371907711029053,6.0
64,255,-17.77082061767578,12.663055419921875,59.0
64,256,-16.300281524658203,58.85462188720703,200.0
64,257,-20.245990753173828,157.8267059326172,550.0
64,258,-5.571775436401367,3.0476021766662598,2.0
64,259,-11.37126636505127,9.720658302307129,259.0
64,260,-8.56170654296875,17.35537338256836,15.0
64,261,-22.025930404663086,6.26823091506958,101.0
64,262,-13.730545043945312,97.20755767822266,95.0
64,263,-15.1715087890625,20.78645896911621,11.0
64,264,-8.019527435302734,14.485901832580566,29.0
64,265,-8.345755577087402,16.14997673034668,57.0
64,266,-9.821822166442871,26.415231704711914,193.0
64,267,-12.109440803527832,20.642669677734375,90.0
64,268,-21.910852432250977,38.54431915283203,79.0
64,269,-1.7775779962539673,1.426916241645813,1.0
64,270,-3.0740911960601807,1.849320411682129,1.0
64,271,-14.97999382019043,12.141942024230957,41.0
64,272,-6.761351585388184,9.52370548248291,4.0
64,273,-8.939672470092773,9.34571647644043,14.0
64,274,-8.72900390625,8.866241455078125,26.0
64,275,-6.563598155975342,5.159809112548828,19.0
64,276,-13.825729370117188,7.207370758056641,10.0
64,277,-18.455127716064453,100.86489868164062,558.0
64,278,-17.236146926879883,11.731842994689941,114.0
64,279,-10.105064392089844,7.545963764190674,236.0
64,280,-16.839061737060547,8.206140518188477,37.0
64,281,-12.975217819213867,75.57101440429688,58.0
64,282,-6.150331020355225,7.768758296966553,3.0
64,283,-13.39151382446289,86.8200912475586,1043.0
64,284,-10.534964561462402,8.223475456237793,145.0
64,285,-20.753129959106445,6.5972185134887695,8.0
64,286,-21.340267181396484,6.958920478820801,9.0
64,287,-2.248232364654541,3.077495813369751,3.0
64,288,-13.068209648132324,13.64866828918457,774.0
64,289,-31.104347229003906,22.43079376220703,105.0
64,290,-17.683937072753906,83.17810821533203,48.0
64,291,-5.1767730712890625,3.6480517387390137,5.0
64,292,-8.385090827941895,8.135788917541504,12.0
64,293,-0.8917083740234375,1.2497295141220093,1.0
64,294,-18.71282386779785,107.576904296875,50.0
64,295,-5.97658634185791,19.851770401000977,30.0
64,296,-28.02703094482422,22.513486862182617,197.0
64,297,-20.253028869628906,18.052602767944336,53.0
64,298,-17.602251052856445,33.79963684082031,6959.0
64,299,-18.325977325439453,9537.51953125,364.0
64,300,-24.97006607055664,264351.0,4988.0
64,301,-23.625553131103516,13.805423736572266,613.0
64,302,-9.046216011047363,9.597992897033691,7.0
64,303,-14.593880653381348,18.51860809326172,1868.0
66,0,-21.243263244628906,34.48566818237305,117.0
66,1,-2.5051169395446777,1.87063729763031,1.0
66,2,-8.616204261779785,17.673532485961914,3.0
66,3,-8.177475929260254,15.269009590148926,94.0
66,4,-18.630001068115234,14.316729545593262,130.0
66,5,-29.928489685058594,27.809778213500977,135.0
66,6,-38.0728645324707,68.73908996582031,1831.0
66,7,-12.970393180847168,6.3783745765686035,109.0
66,8,-5.340783596038818,5.931405067443848,5.0
66,9,-10.748531341552734,8.582338333129883,7.0
66,10,-22.7257022857666,293.3673400878906,1233.0
66,11,-7.520155429840088,4.499791622161865,8.0
66,12,-9.573028564453125,10.949098587036133,7.0
66,13,-7.844277381896973,3.066727638244629,10.0
66,14,-20.669111251831055,982.1104125976562,286.0
66,15,-6.567674160003662,2.272678852081299,13.0
66,16,-7.323144912719727,6.238790035247803,17.0
66,17,-17.72463035583496,368.046875,195.0
66,18,-20.809871673583984,33022.21875,1761.0
66,19,-17.17603302001953,11.631522178649902,22.0
66,20,-12.99554443359375,13.451745986938477,31.0
66,21,-12.02882194519043,55.12521743774414,25.0
66,22,-11.066555976867676,9.145950317382812,11.0
66,23,-3.761051654815674,1.7113680839538574,2.0
66,24,-6.675380229949951,9.254655838012695,6.0
66,25,-3.9056942462921143,3.6762678623199463,5.0
66,26,-3.59024715423584,2.453613519668579,4.0
66,27,-7.568721294403076,4.5437116622924805,23.0
66,28,-9.79350471496582,3.4014034271240234,37.0
66,29,-19.33130645751953,15.825385093688965,30.0
66,30,-5.283547401428223,2.876889228820801,4.0
66,31,-10.512475967407227,33.253456115722656,29.0
66,32,-9.956100463867188,12.04952335357666,100.0
66,33,-13.375993728637695,5.322798728942871,42.0
66,34,-9.403888702392578,22.980121612548828,83.0
66,35,-6.159738063812256,7.793156623840332,13.0
66,36,-17.48973846435547,340.3289489746094,412.0
66,37,-22.70862579345703,9.687753677368164,167.0
66,38,-43.73766326904297,53.31145477294922,15352.0
66,39,-11.063289642333984,39.95537567138672,59.0
66,40,-9.721182823181152,25.543794631958008,17.0
66,41,-8.436079025268555,8.24015998840332,10.0
66,42,-10.028050422668457,150.50933837890625,159.0
66,43,-39.41462326049805,712.730712890625,1757.0
66,44,-3.7484002113342285,6.5156049728393555,3.0
66,45,-10.54410171508789,5.797057151794434,11.0
66,46,-11.701229095458984,49.422691345214844,95.0
66,47,-5.618358135223389,4.073853969573975,12.0
66,48,-20.664508819580078,175.23487854003906,3285.0
66,49,-15.743330001831055,5.750339508056641,23.0
66,50,-13.736700057983398,97.40717315673828,1306.0
66,51,-12.75916862487793,70.31998443603516,117.0
66,52,-9.142226219177246,6.224201679229736,53.0
66,53,-5.429281234741211,6.108983993530273,3.0
66,54,-31.436073303222656,188.5466766357422,7934.0
66,55,-19.514379501342773,25.852222442626953,18.0
66,56,-6.407367706298828,8.463723182678223,13.0
66,57,-6.176873207092285,4.6843085289001465,3.0
66,58,-8.985502243041992,9.453410148620605,13.0
66,59,-24.47439956665039,32.99456787109375,237.0
66,60,-9.907005310058594,11.902534484863281,39.0
66,61,-10.815975189208984,36.79364013671875,20.0
66,62,-24.251060485839844,429.56158447265625,331.0
66,63,-11.271617889404297,5.003967761993408,13.0
66,64,-8.346176147460938,5.308106422424316,9.0
66,65,-4.849446773529053,5.035346031188965,2.0
66,66,-15.863998413085938,14.069366455078125,7.0
66,67,-6.764570236206055,3.868682861328125,3.0
66,68,-15.523839950561523,6.96209192276001,41.0
66,69,-9.484735488891602,23.607830047607422,14.0
66,70,-5.441673278808594,3.8978233337402344,3.0
66,71,-10.006608009338379,1.8690177202224731,66.0
66,72,-14.171730041503906,34.568145751953125,22.0
66,73,-12.682554244995117,23.82269287109375,15.0
66,74,-15.091551780700684,153.01211547851562,402.0
66,75,-8.188186645507812,1.9785196781158447,5.0
66,76,-6.767121315002441,3.870657205581665,10.0
66,77,-14.478391647338867,18.09576988220215,53.0
66,78,-7.5774078369140625,3.5356645584106445,2.0
66,79,-13.399590492248535,3.8188869953155518,76.0
66,80,-6.041751861572266,3.3479573726654053,13.0
66,81,-9.7020845413208,3.3627548217773438,44.0
66,82,-5.148408889770508,2.8001747131347656,4.0
66,83,-21.645999908447266,7.155048370361328,286.0
66,84,-8.76303482055664,18.560054779052734,83.0
66,85,-4.223952293395996,8.264556884765625,3.0
66,86,-4.353752613067627,4.268450736999512,4.0
66,87,-32.653053283691406,59.2420539855957,285.0
66,88,-13.633051872253418,5.496609687805176,99.0
66,89,-16.334800720214844,26.231477737426758,60.0
66,90,-13.30911636352539,14.322379112243652,199.0
66,91,-15.63361930847168,13.539389610290527,14.0
66,92,-4.82297420501709,4.991108417510986,2.0
66,93,-6.557561874389648,3.711782693862915,4.0
66,94,-7.220416069030762,4.237965106964111,21.0
66,95,-16.970808029174805,5.457991600036621,269.0
66,96,-10.611978530883789,34.374881744384766,20.0
66,97,-4.500553607940674,4.482516288757324,6.0
66,98,-17.487462997436523,4.902617931365967,22.0
66,99,-15.959819793701172,7.3520379066467285,135.0
66,100,-13.055937767028809,6.456801414489746,48.0
66,101,-25.186670303344727,9.871950149536133,288.0
66,102,-19.203575134277344,121.61907196044922,79.0
66,103,-9.180169105529785,21.328760147094727,262.0
66,104,-20.086772918701172,808.831787109375,18545.0
66,105,-32.5267448425293,25.85940933227539,122.0
66,106,-30.137859344482422,74.09947967529297,565.0
66,107,-9.930689811706543,27.39142608642578,37.0
66,108,-16.85114860534668,29.085206985473633,45.0
66,109,-4.796513557434082,4.947279453277588,2.0
66,110,-24.371437072753906,442.68536376953125,6026.0
66,111,-7.780296802520752,3.657266855239868,12.0
66,112,-10.602132797241211,8.33469295501709,20.0
66,113,-9.972768783569336,12.099839210510254,12.0
66,114,-5.511102676391602,3.9660699367523193,6.0
66,115,-15.689023971557617,13.664994239807129,31.0
66,116,-11.289417266845703,6.563798904418945,7.0
66,117,-4.9720892906188965,2.0345983505249023,4.0
66,118,-13.53912353515625,2.1216065883636475,8.0
66,119,-3.7627570629119873,1.6005457639694214,3.0
66,120,-6.565830707550049,8.92280387878418,7.0
66,121,-11.84780502319336,7.203983783721924,13.0
66,122,-20.144983291625977,6.2423834800720215,28.0
66,123,-5.951160430908203,4.427300930023193,2.0
66,124,-14.595773696899414,11.38878345489502,11.0
66,125,-13.865514755249023,32.02057647705078,111.0
66,126,-13.799739837646484,99.47567749023438,1247.0
66,127,-8.501760482788086,17.012022018432617,10.0
66,128,-9.85940933227539,5.171873092651367,11.0
66,129,-20.11145782470703,17.6911678314209,53.0
66,130,-14.211909294128418,1219.20556640625,1739.0
66,131,-13.208053588867188,5.21222448348999,72.0
66,132,-25.752281188964844,73.1159896850586,66.0
66,133,-15.388296127319336,12.996968269348145,31.0
66,134,-18.605518341064453,493.6562805175781,154.0
66,135,-9.179075241088867,98.44889831542969,16.0
66,136,-1.3380167484283447,1.5620601177215576,1.0
66,137,-5.783670425415039,4.245746612548828,2.0
66,138,-7.871973037719727,3.7135767936706543,2.0
66,139,-15.642849922180176,9.343610763549805,14.0
66,140,-18.19512367248535,38.05470657348633,32.0
66,141,-12.767133712768555,12.851066589355469,55.0
66,142,-5.390895843505859,3.848655939102173,1.0
66,143,-8.618019104003906,17.68422508239746,75.0
66,144,-9.149438858032227,21.111398696899414,82.0
66,145,-7.561364650726318,6.6216278076171875,5.0
66,146,-5.2699079513549805,13.942670822143555,4.0
66,147,-6.580712795257568,2.560242176055908,4.0
66,148,-1.227562427520752,1.50559401512146,1.0
66,149,-29.35325813293457,354.4799499511719,512.0
66,150,-8.814476013183594,18.88105010986328,8.0
66,151,-13.095860481262207,13.724356651306152,15.0
66,152,-9.725287437438965,25.57876205444336,20.0
66,153,-9.130758285522461,6.209942817687988,6.0
66,154,-21.040138244628906,192.48814392089844,504.0
66,155,-22.53406524658203,279.6437072753906,69.0
66,156,-12.449975967407227,63.43349075317383,41.0
66,157,-14.350652694702148,119.52801513671875,162.0
66,158,-4.31192684173584,2.9387423992156982,3.0
66,159,-11.331707954406738,288.83453369140625,581.0
66,160,-8.827844619750977,18.96537208557129,18.0
66,161,-13.768146514892578,9.921370506286621,37.0
66,162,-13.560090065002441,4.511712074279785,36.0
66,163,-5.547673225402832,6.354889392852783,6.0
66,164,-8.743791580200195,18.44138526916504,8.0
66,165,-17.461164474487305,18.36036491394043,43.0
66,166,-16.455116271972656,2.112685441970825,8.0
66,167,-15.314961433410645,8.916037559509277,13.0
66,168,-3.475700855255127,2.0039899349212646,2.0
66,169,-9.835895538330078,11.6928071975708,10.0
66,170,-22.948810577392578,45.82371520996094,58.0
66,171,-17.993030548095703,36.54725646972656,68.0
66,172,-11.94507884979248,7.3217291831970215,12.0
66,173,-12.977031707763672,13.402031898498535,512.0
66,174,-16.284893035888672,10.241145133972168,19.0
66,175,-25.45270538330078,162.47772216796875,187.0
66,176,-14.373478889465332,10.97455883026123,23.0
66,177,-13.155622482299805,2.168119430541992,8.0
66,178,-26.527568817138672,5.862081050872803,20.0
66,179,-14.584357261657715,1468.7672119140625,5810.0
66,180,-13.22697925567627,27.296125411987305,24.0
66,181,-14.010608673095703,106.71937561035156,260.0
66,182,-16.409635543823242,60.48581314086914,59.0
66,183,-13.463735580444336,28.96053123474121,17.0
66,184,-38.09661102294922,230.9896240234375,1083.0
66,185,-12.239690780639648,5.746134281158447,26.0
66,186,-4.639958381652832,2.5294244289398193,7.0
66,187,-12.424901008605957,498.92236328125,1073.0
66,188,-13.69090747833252,95.93163299560547,2170.0
66,189,-8.064008712768555,14.70228385925293,25.0
66,190,-24.29757308959961,20.84671974182129,26.0
66,191,-12.601208686828613,12.431601524353027,1615.0
66,192,-13.870227813720703,10.091612815856934,18.0
66,193,-13.391499519348145,28.442228317260742,35.0
66,194,-17.105300903320312,5180.466796875,471.0
66,195,-5.039250373840332,3.5247607231140137,6.0
66,196,-22.46769142150879,275.041748046875,13848.0
66,197,-11.740913391113281,18.825801849365234,1664.0
66,198,-9.165258407592773,2.5005879402160645,39.0
66,199,-10.670210838317871,8.44895076751709,40.0
66,200,-16.95795249938965,3.685690402984619,66.0
66,201,-9.942770004272461,144.22650146484375,316.0
66,202,-6.870830059051514,31.044292449951172,41.0
66,203,-31.70703125,23.82423210144043,695.0
66,204,-6.82902193069458,5.513807773590088,6.0
66,205,-14.98477840423584,20.02448272705078,440.0
66,206,-6.693251609802246,5.3297953605651855,47.0
66,207,-11.311454772949219,16.909297943115234,853.0
66,208,-13.943694114685059,104.36539459228516,2822.0
66,209,-26.567615509033203,27.686695098876953,6208.0
66,210,-3.390242099761963,1.970029354095459,2.0
66,211,-10.461013793945312,32.68788528442383,225.0
66,212,-9.361393928527832,10.384855270385742,15.0
66,213,-15.432376861572266,171.4215087890625,2051.0
66,214,-7.294265270233154,6.19390869140625,37.0
66,215,-32.998260498046875,15.640364646911621,106.0
66,216,-6.697585105895996,5.335573196411133,6.0
66,217,-19.13896942138672,589.7249755859375,889.0
66,218,-9.940787315368652,12.003482818603516,11.0
66,219,-14.726832389831543,39.71417236328125,290.0
66,220,-13.805902481079102,99.68022918701172,2395.0
66,221,-4.961379051208496,2.697366237640381,3.0
66,222,-23.074071884155273,27.01239585876465,211.0
66,223,-3.470334053039551,3.1796717643737793,2.0
66,224,-1.3323227167129517,1.9467500448226929,1.0
66,225,-17.103586196899414,11.511764526367188,110.0
66,226,-10.563569068908691,33.82464599609375,345.0
66,227,-14.02144718170166,33.293487548828125,332.0
66,228,-13.240598678588867,6.629398345947266,133.0
66,229,-18.034700393676758,4.4946675300598145,45.0
66,230,-22.812835693359375,9.789237976074219,273.0
66,231,-6.172224998474121,2.797438621520996,3.0
66,232,-0.9920533895492554,1.3919204473495483,1.0
66,233,-11.462625503540039,45.64413833618164,157.0
66,234,-14.516639709472656,37.681148529052734,47.0
66,235,-17.350736618041992,76.53010559082031,245.0
66,236,-12.995101928710938,76.07356262207031,37.0
66,237,-21.485326766967773,73.48381805419922,729.0
66,238,-34.30547332763672,17.440401077270508,2210.0
66,239,-7.426724433898926,3.4479758739471436,7.0
66,240,-17.401626586914062,18.179075241088867,1412.0
66,241,-7.628807067871094,12.716948509216309,58.0
66,242,-38.039588928222656,229.1156768798828,1941.0
66,243,-14.178801536560059,7.580225944519043,22.0
66,244,-7.819507598876953,13.5515718460083,10.0
66,245,-9.96446418762207,7.336727619171143,11.0
66,246,-6.876435279846191,5.579553604125977,6.0
66,247,-20.088520050048828,28.44824981689453,91.0
66,248,-9.961451530456543,4.149817943572998,3.0
66,249,-13.826623916625977,15.884199142456055,112.0
66,250,-30.010623931884766,42.57758712768555,1755.0
66,251,-21.30282211303711,70.8499526977539,359.0
66,252,-24.283349990844727,20.809690475463867,63.0
66,253,-32.58165740966797,676.0936889648438,995.0
66,254,-11.90618896484375,7.274425983428955,5.0
66,255,-17.692604064941406,12.522348403930664,57.0
66,256,-16.325693130493164,59.22970962524414,200.0
66,257,-20.292667388916016,159.67919921875,550.0
66,258,-5.581267356872559,3.0533931255340576,2.0
66,259,-11.37764835357666,9.733072280883789,261.0
66,260,-8.512542724609375,17.073270797729492,15.0
66,261,-21.944547653198242,6.225864887237549,101.0
66,262,-13.757699966430664,98.09141540527344,96.0
66,263,-15.103212356567383,20.50446319580078,11.0
66,264,-8.05781078338623,14.671940803527832,29.0
66,265,-8.34184455871582,16.128934860229492,58.0
66,266,-9.786455154418945,26.105649948120117,185.0
66,267,-12.113897323608398,20.665679931640625,91.0
66,268,-21.793331146240234,37.79670333862305,74.0
66,269,-1.7996073961257935,1.43321692943573,1.0
66,270,-3.058546543121338,1.843579888343811,1.0
66,271,-14.970224380493164,12.122185707092285,41.0
66,272,-6.743206024169922,9.466272354125977,4.0
66,273,-8.964898109436035,9.404840469360352,14.0
66,274,-8.568017959594727,8.516491889953613,24.0
66,275,-6.656191349029541,5.280642986297607,20.0
66,276,-13.835685729980469,7.2176289558410645,10.0
66,277,-18.45485496520996,100.85801696777344,562.0
66,278,-17.253223419189453,11.760498046875,114.0
66,279,-10.00180721282959,7.391727924346924,227.0
66,280,-16.85857391357422,8.226180076599121,39.0
66,281,-12.98884391784668,75.91503143310547,58.0
66,282,-6.232226848602295,7.9837565422058105,3.0
66,283,-13.48134994506836,89.45926666259766,1059.0
66,284,-10.412826538085938,8.025029182434082,137.0
66,285,-20.50017547607422,6.447241306304932,8.0
66,286,-21.3815860748291,6.985108852386475,9.0
66,287,-2.242997169494629,3.069450616836548,3.0
66,288,-13.229564666748047,14.096307754516602,815.0
66,289,-31.20818519592285,22.664926528930664,117.0
66,290,-17.758773803710938,84.74896240234375,50.0
66,291,-5.194353103637695,3.6641201972961426,5.0
66,292,-8.3982572555542,8.162612915039062,12.0
66,293,-0.8895646929740906,1.2490599155426025,1.0
66,294,-18.8098087310791,110.21711730957031,50.0
66,295,-5.943076133728027,19.521923065185547,30.0
66,296,-28.163654327392578,22.85785675048828,202.0
66,297,-20.113433837890625,17.6961612701416,52.0
66,298,-17.623849868774414,33.94596481323242,6860.0
66,299,-18.315725326538086,9488.7548828125,374.0
66,300,-24.969680786132812,264300.09375,4940.0
66,301,-23.64251708984375,13.831470489501953,605.0
66,302,-9.105413436889648,9.741092681884766,7.0
66,303,-14.73867130279541,19.062715530395508,1949.0
68,0,-21.172773361206055,34.082889556884766,118.0
68,1,-2.503185510635376,1.8697344064712524,1.0
68,2,-8.617335319519043,17.680194854736328,3.0
68,3,-8.078619003295898,14.77406120300293,90.0
68,4,-18.691856384277344,14.44379997253418,134.0
68,5,-30.063140869140625,28.228973388671875,129.0
68,6,-38.104713439941406,68.98279571533203,1831.0
68,7,-12.881097793579102,6.297525405883789,107.0
68,8,-5.395075798034668,6.0397257804870605,5.0
68,9,-10.769248962402344,8.617972373962402,7.0
68,10,-22.888286590576172,305.5372314453125,1287.0
68,11,-7.522721290588379,4.502101421356201,8.0
68,12,-9.609716415405273,11.049985885620117,7.0
68,13,-7.820854663848877,3.056483030319214,10.0
68,14,-20.646759033203125,974.8203125,281.0
68,15,-6.554898738861084,2.269052505493164,13.0
68,16,-7.291469573974609,6.189580917358398,17.0
68,17,-17.816919326782227,379.544921875,199.0
68,18,-20.928298950195312,35036.6328125,1850.0
68,19,-17.19655990600586,11.66568374633789,22.0
68,20,-12.952841758728027,13.337349891662598,31.0
68,21,-11.997678756713867,54.55592346191406,25.0
68,22,-11.03393268585205,9.086471557617188,11.0
68,23,-3.7785658836364746,1.7156553268432617,2.0
68,24,-6.702948570251465,9.340091705322266,6.0
68,25,-3.904386281967163,3.6746652126312256,5.0
68,26,-3.574812650680542,2.4441640377044678,3.0
68,27,-7.511490345001221,4.492000579833984,20.0
68,28,-9.740324020385742,3.3788671493530273,35.0
68,29,-19.346813201904297,15.860479354858398,33.0
68,30,-5.283079147338867,2.876619577407837,4.0
68,31,-10.55974292755127,33.78153610229492,29.0
68,32,-9.988801002502441,12.14843463897705,101.0
68,33,-13.254969596862793,5.242880821228027,41.0
68,34,-9.350626945495605,22.575735092163086,82.0
68,35,-6.170991897583008,7.822445869445801,13.0
68,36,-17.549312591552734,347.1548767089844,420.0
68,37,-22.650836944580078,9.63193130493164,167.0
68,38,-43.63050079345703,52.79461669921875,15107.0
68,39,-11.07311725616455,40.08647918701172,58.0
68,40,-9.639723777770996,24.859533309936523,17.0
68,41,-8.429364204406738,8.226338386535645,10.0
68,42,-10.062845230102539,153.15072631835938,163.0
68,43,-39.477142333984375,720.1961059570312,1779.0
68,44,-3.6909635066986084,6.331149101257324,3.0
68,45,-10.533778190612793,5.78709077835083,10.0
68,46,-11.76529312133789,50.48944854736328,96.0
68,47,-5.5992512702941895,4.054440975189209,13.0
68,48,-20.589675903320312,171.9870147705078,3237.0
68,49,-15.690101623535156,5.716431140899658,23.0
68,50,-13.66147518157959,94.99506378173828,1270.0
68,51,-12.715959548950195,69.31443786621094,120.0
68,52,-9.157588958740234,6.243355751037598,51.0
68,53,-5.3605546951293945,5.9706244468688965,3.0
68,54,-31.399593353271484,187.4037628173828,7681.0
68,55,-19.44073486328125,25.53685188293457,18.0
68,56,-6.38184118270874,8.392013549804688,13.0
68,57,-6.196227073669434,4.707028388977051,3.0
68,58,-9.002145767211914,9.492827415466309,13.0
68,59,-24.608932495117188,33.63481903076172,243.0
68,60,-9.855094909667969,11.749066352844238,36.0
68,61,-10.832978248596191,37.002769470214844,20.0
68,62,-24.205642700195312,424.71173095703125,334.0
68,63,-11.234435081481934,4.9774580001831055,13.0
68,64,-8.266477584838867,5.224167823791504,9.0
68,65,-4.781039237976074,4.9218268394470215,2.0
68,66,-15.778484344482422,13.87026596069336,7.0
68,67,-6.723958492279053,3.8373868465423584,3.0
68,68,-15.564078330993652,6.997198581695557,41.0
68,69,-9.459088325500488,23.40686798095703,14.0
68,70,-5.392975330352783,3.8506572246551514,3.0
68,71,-9.869885444641113,1.8531147241592407,63.0
68,72,-14.140474319458008,34.2990837097168,21.0
68,73,-12.675342559814453,23.7797794342041,15.0
68,74,-15.089159965515137,152.89016723632812,409.0
68,75,-8.21940803527832,1.9836739301681519,6.0
68,76,-6.760132789611816,3.865250825881958,10.0
68,77,-14.572981834411621,18.44136619567871,53.0
68,78,-7.567403793334961,3.5297741889953613,2.0
68,79,-13.451431274414062,3.838735580444336,78.0
68,80,-6.024573802947998,3.336474657058716,12.0
68,81,-9.671232223510742,3.349811315536499,43.0
68,82,-5.210874557495117,2.8353769779205322,4.0
68,83,-21.696914672851562,7.188243389129639,294.0
68,84,-8.787269592285156,18.710590362548828,85.0
68,85,-4.246564865112305,8.358529090881348,3.0
68,86,-4.351118087768555,4.264703750610352,4.0
68,87,-32.806114196777344,60.38642120361328,290.0
68,88,-13.676382064819336,5.526461601257324,102.0
68,89,-16.197368621826172,25.52029037475586,58.0
68,90,-13.234405517578125,14.109962463378906,196.0
68,91,-15.65707778930664,13.59243106842041,14.0
68,92,-4.752322673797607,4.87493896484375,2.0
68,93,-6.5905561447143555,3.7363574504852295,4.0
68,94,-7.216865539550781,4.234956741333008,21.0
68,95,-16.896953582763672,5.417829990386963,267.0
68,96,-10.616987228393555,34.43232345581055,20.0
68,97,-4.506590843200684,4.491545677185059,6.0
68,98,-17.478727340698242,4.898725986480713,22.0
68,99,-16.025466918945312,7.412615776062012,137.0
68,100,-13.042131423950195,6.4440789222717285,49.0
68,101,-25.159671783447266,9.847748756408691,277.0
68,102,-19.172473907470703,120.6771240234375,81.0
68,103,-9.14087200164795,21.051193237304688,253.0
68,104,-20.109907150268555,815.0931396484375,18566.0
68,105,-32.44856262207031,25.65802574157715,120.0
68,106,-30.100753784179688,73.70771789550781,566.0
68,107,-9.948741912841797,27.55674171447754,36.0
68,108,-16.851892471313477,29.089534759521484,45.0
68,109,-4.756833076477051,4.8822736740112305,2.0
68,110,-24.440433502197266,450.3875427246094,5821.0
68,111,-7.892207622528076,3.726121664047241,12.0
68,112,-10.54369831085205,8.237852096557617,20.0
68,113,-9.845787048339844,11.721758842468262,12.0
68,114,-5.4969482421875,3.9520604610443115,6.0
68,115,-15.680074691772461,13.64462661743164,31.0
68,116,-11.231241226196289,6.500463962554932,7.0
68,117,-4.95820951461792,2.0305681228637695,4.0
68,118,-13.437066078186035,2.1096110343933105,8.0
68,119,-3.8225839138031006,1.6125600337982178,3.0
68,120,-6.470492362976074,8.64370059967041,6.0
68,121,-11.878934860229492,7.241457462310791,13.0
68,122,-20.151735305786133,6.246216773986816,29.0
68,123,-5.950295448303223,4.4263434410095215,2.0
68,124,-14.587751388549805,11.373564720153809,11.0
68,125,-13.91268539428711,32.40041732788086,113.0
68,126,-13.787271499633789,99.06309509277344,1258.0
68,127,-8.478882789611816,16.882780075073242,10.0
68,128,-9.832683563232422,5.1488871574401855,11.0
68,129,-20.161746978759766,17.81871795654297,53.0
68,130,-14.193950653076172,1208.306884765625,1713.0
68,131,-13.195829391479492,5.20426607131958,73.0
68,132,-25.756237030029297,73.1641845703125,63.0
68,133,-15.287246704101562,12.779911041259766,32.0
68,134,-18.60498809814453,493.5689697265625,152.0
68,135,-9.194686889648438,99.22038269042969,16.0
68,136,-1.3473231792449951,1.5669134855270386,1.0
68,137,-5.760910511016846,4.221656799316406,2.0
68,138,-7.811711311340332,3.6764657497406006,2.0
68,139,-15.583211898803711,9.264345169067383,14.0
68,140,-18.241317749023438,38.40790939331055,32.0
68,141,-12.741453170776367,12.785231590270996,52.0
68,142,-5.42474365234375,3.8813610076904297,1.0
68,143,-8.56610107421875,17.380813598632812,74.0
68,144,-9.161380767822266,21.195600509643555,83.0
68,145,-7.572185516357422,6.6395649909973145,5.0
68,146,-5.250637054443359,13.808972358703613,4.0
68,147,-6.557734489440918,2.551851511001587,4.0
68,148,-1.244754433631897,1.5142467021942139,1.0
68,149,-29.27227783203125,348.784912109375,501.0
68,150,-8.68796443939209,18.10137939453125,8.0
68,151,-13.097822189331055,13.729743957519531,15.0
68,152,-9.723965644836426,25.567495346069336,20.0
68,153,-9.138605117797852,6.219696044921875,6.0
68,154,-21.036148071289062,192.2962188720703,507.0
68,155,-22.41992950439453,271.77716064453125,66.0
68,156,-12.501935005187988,64.54170989990234,41.0
68,157,-14.340675354003906,119.13117980957031,160.0
68,158,-4.3129425048828125,2.939488649368286,3.0
68,159,-11.446615219116211,305.91510009765625,604.0
68,160,-8.786336898803711,18.704776763916016,17.0
68,161,-13.716963768005371,9.83709716796875,37.0
68,162,-13.669450759887695,4.566869258880615,37.0
68,163,-5.4844770431518555,6.222420692443848,6.0
68,164,-8.740262985229492,18.419702529907227,8.0
68,165,-17.602636337280273,18.798419952392578,46.0
68,166,-16.360271453857422,2.1035969257354736,8.0
68,167,-15.17578125,8.740511894226074,13.0
68,168,-3.4627742767333984,1.998815655708313,2.0
68,169,-9.804296493530273,11.600801467895508,12.0
68,170,-22.84348487854004,45.026329040527344,57.0
68,171,-17.964595794677734,36.340003967285156,65.0
68,172,-11.871097564697266,7.232004165649414,12.0
68,173,-13.042460441589355,13.578561782836914,534.0
68,174,-16.260372161865234,10.205331802368164,19.0
68,175,-25.535320281982422,165.18470764160156,187.0
68,176,-14.442329406738281,11.101218223571777,25.0
68,177,-13.073600769042969,2.157683849334717,8.0
68,178,-26.604427337646484,5.892194747924805,20.0
68,179,-14.623608589172363,1497.87744140625,5903.0
68,180,-13.20827865600586,27.168811798095703,24.0
68,181,-14.019256591796875,107.0274887084961,258.0
68,182,-16.39041519165039,60.19587326049805,60.0
68,183,-13.488499641418457,29.140380859375,16.0
68,184,-38.23247146606445,235.51661682128906,1087.0
68,185,-12.260334014892578,5.7631049156188965,26.0
68,186,-4.626579761505127,2.52266526222229,7.0
68,187,-12.474602699279785,511.47637939453125,1109.0
68,188,-13.64240837097168,94.39325714111328,2135.0
68,189,-8.000130653381348,14.392541885375977,24.0
68,190,-24.301898956298828,20.857995986938477,26.0
68,191,-12.543054580688477,12.287850379943848,1589.0
68,192,-13.908302307128906,10.155854225158691,18.0
68,193,-13.465645790100098,28.974365234375,37.0
68,194,-17.071733474731445,5094.24462890625,464.0
68,195,-5.041820049285889,3.5270256996154785,6.0
68,196,-22.40340232849121,270.6565246582031,13625.0
68,197,-11.77389907836914,18.981689453125,1689.0
68,198,-9.149681091308594,2.4966957569122314,39.0
68,199,-10.568150520324707,8.278237342834473,40.0
68,200,-16.632095336914062,3.5944535732269287,63.0
68,201,-9.97330093383789,146.44508361816406,317.0
68,202,-6.858332633972168,30.85091209411621,41.0
68,203,-31.81707000732422,24.087833404541016,702.0
68,204,-6.811365127563477,5.489522457122803,6.0
68,205,-15.07278823852539,20.38007164001465,444.0
68,206,-6.6827850341796875,5.3158674240112305,46.0
68,207,-11.286944389343262,16.806001663208008,844.0
68,208,-14.02523136138916,107.2408218383789,2906.0
68,209,-26.574417114257812,27.710243225097656,6181.0
68,210,-3.3836727142333984,1.9674426317214966,2.0
68,211,-10.442558288574219,32.4874153137207,212.0
68,212,-9.415164947509766,10.525398254394531,15.0
68,213,-15.366753578186035,167.71246337890625,2060.0
68,214,-7.3971076011657715,6.355222702026367,38.0
68,215,-33.192657470703125,15.89579963684082,105.0
68,216,-6.646951675415039,5.268459320068359,6.0
68,217,-19.104106903076172,582.9117431640625,884.0
68,218,-9.947229385375977,12.022830963134766,12.0
68,219,-14.814403533935547,40.59321594238281,292.0
68,220,-13.743369102478027,97.62394714355469,2362.0
68,221,-4.974307537078857,2.704349994659424,3.0
68,222,-23.064971923828125,26.977306365966797,202.0
68,223,-3.4901535511016846,3.2007482051849365,2.0
68,224,-1.3267823457717896,1.9413646459579468,1.0
68,225,-17.038532257080078,11.40527629852295,109.0
68,226,-10.487809181213379,32.98115539550781,339.0
68,227,-13.930000305175781,32.54097366333008,329.0
68,228,-13.232272148132324,6.621517658233643,133.0
68,229,-18.007579803466797,4.48452091217041,44.0
68,230,-22.675575256347656,9.655789375305176,265.0
68,231,-6.14501953125,2.784782886505127,3.0
68,232,-0.9972487688064575,1.3943331241607666,1.0
68,233,-11.444682121276855,45.371944427490234,157.0
68,234,-14.537276268005371,37.87605285644531,48.0
68,235,-17.30010414123535,75.56747436523438,240.0
68,236,-13.003755569458008,76.29330444335938,37.0
68,237,-21.499143600463867,73.6871566772461,747.0
68,238,-34.27299880981445,17.393266677856445,2167.0
68,239,-7.409463882446289,3.4380712509155273,6.0
68,240,-17.376352310180664,18.102659225463867,1405.0
68,241,-7.616056442260742,12.663015365600586,58.0
68,242,-37.90040588378906,224.60511779785156,1927.0
68,243,-14.197527885437012,7.600532054901123,22.0
68,244,-7.784710884094238,13.39529800415039,10.0
68,245,-9.908395767211914,7.254915237426758,11.0
68,246,-6.853769779205322,5.548027038574219,6.0
68,247,-20.186546325683594,28.91684913635254,90.0
68,248,-9.974124908447266,4.1573381423950195,3.0
68,249,-13.852293014526367,15.965956687927246,106.0
68,250,-29.93650245666504,42.18492126464844,1742.0
68,251,-21.287517547607422,70.63343048095703,359.0
68,252,-24.22996711730957,20.671293258666992,60.0
68,253,-32.48799133300781,663.5460205078125,988.0
68,254,-11.963946342468262,7.344788551330566,5.0
68,255,-17.710796356201172,12.554933547973633,58.0
68,256,-16.38611602783203,60.13121032714844,214.0
68,257,-20.354084014892578,162.14987182617188,538.0
68,258,-5.59407377243042,3.0612235069274902,2.0
68,259,-11.400772094726562,9.778190612792969,262.0
68,260,-8.558212280273438,17.33517074584961,15.0
68,261,-21.88884162902832,6.197030067443848,101.0
68,262,-13.747980117797852,97.7741470336914,97.0
68,263,-15.154062271118164,20.71405601501465,11.0
68,264,-8.088785171508789,14.824210166931152,29.0
68,265,-8.303083419799805,15.921883583068848,57.0
68,266,-9.804088592529297,26.25954246520996,187.0
68,267,-12.124152183532715,20.71872901916504,90.0
68,268,-21.829792022705078,38.0270881652832,73.0
68,269,-1.7766854763031006,1.426661491394043,1.0
68,270,-3.0554981231689453,1.8424562215805054,1.0
68,271,-14.908246994018555,11.997614860534668,41.0
68,272,-6.729066371917725,9.42176342010498,4.0
68,273,-8.969017028808594,9.414530754089355,14.0
68,274,-8.655566215515137,8.704947471618652,24.0
68,275,-6.626567363739014,5.241678714752197,20.0
68,276,-13.83084487915039,7.212639331817627,10.0
68,277,-18.53287124633789,102.84446716308594,600.0
68,278,-17.299144744873047,11.83790111541748,113.0
68,279,-10.041229248046875,7.45023775100708,238.0
68,280,-16.895111083984375,8.263835906982422,39.0
68,281,-13.073020935058594,78.07528686523438,58.0
68,282,-6.22988224029541,7.977519512176514,3.0
68,283,-13.513157844543457,90.41281127929688,1074.0
68,284,-10.360555648803711,7.941571235656738,133.0
68,285,-20.551076889038086,6.477144241333008,7.0
68,286,-21.326709747314453,6.950348854064941,9.0
68,287,-2.2613277435302734,3.0977120399475098,3.0
68,288,-13.219517707824707,14.068011283874512,797.0
68,289,-31.1107120513916,22.445072174072266,108.0
68,290,-17.73324966430664,84.20989227294922,49.0
68,291,-5.175849437713623,3.647209644317627,5.0
68,292,-8.385235786437988,8.136083602905273,12.0
68,293,-0.8854693174362183,1.2477816343307495,1.0
68,294,-18.78900146484375,109.64527130126953,51.0
68,295,-5.933775901794434,19.431354522705078,30.0
68,296,-28.038227081298828,22.54151153564453,201.0
68,297,-20.223804473876953,17.97739028930664,54.0
68,298,-17.540266036987305,33.383216857910156,6941.0
68,299,-18.325057983398438,9533.1357421875,381.0
68,300,-25.000823974609375,268447.875,4957.0
68,301,-23.70948028564453,13.934764862060547,605.0
68,302,-9.151779174804688,9.854662895202637,7.0
68,303,-14.614452362060547,18.59495735168457,1844.0
70,0,-21.184898376464844,34.15183639526367,117.0
70,1,-2.5343539714813232,1.884360432624817,1.0
70,2,-8.600542068481445,17.581501007080078,3.0
70,3,-8.154253959655762,15.151273727416992,94.0
70,4,-18.664213180541992,14.386874198913574,136.0
70,5,-30.01385498046875,28.074810028076172,119.0
70,6,-38.12296676635742,69.12283325195312,1861.0
70,7,-12.886808395385742,6.302665710449219,107.0
70,8,-5.3636155128479,5.976719379425049,5.0
70,9,-10.87588119506836,8.803735733032227,8.0
70,10,-22.6607666015625,288.643310546875,1198.0
70,11,-7.510882377624512,4.491454124450684,8.0
70,12,-9.545572280883789,10.874199867248535,7.0
70,13,-7.9023118019104,3.0922584533691406,10.0
70,14,-20.562992095947266,947.9772338867188,288.0
70,15,-6.578393936157227,2.275726318359375,13.0
70,16,-7.228141784667969,6.09235954284668,17.0
70,17,-17.814727783203125,379.26776123046875,199.0
70,18,-20.849782943725586,33687.81640625,1836.0
70,19,-17.18011474609375,11.63830852508545,22.0
70,20,-12.864858627319336,13.10471248626709,27.0
70,21,-12.035347938537598,55.24526596069336,25.0
70,22,-10.982192993164062,8.992928504943848,11.0
70,23,-3.769920825958252,1.7135376930236816,2.0
70,24,-6.684419631958008,9.282583236694336,6.0
70,25,-3.878248453140259,3.6427886486053467,5.0
70,26,-3.588287353515625,2.452411413192749,3.0
70,27,-7.505673885345459,4.486777305603027,19.0
70,28,-9.731700897216797,3.3752269744873047,35.0
70,29,-19.3255615234375,15.812399864196777,34.0
70,30,-5.216554164886475,2.838599681854248,4.0
70,31,-10.526670455932617,33.41116714477539,30.0
70,32,-10.00381851196289,12.194129943847656,102.0
70,33,-13.31153678894043,5.280084609985352,43.0
70,34,-9.376510620117188,22.771360397338867,82.0
70,35,-6.10798454284668,7.659868240356445,13.0
70,36,-17.619197845458984,355.3367614746094,419.0
70,37,-22.727249145507812,9.705812454223633,169.0
70,38,-43.64549255371094,52.866615295410156,15332.0
70,39,-11.054903030395508,39.84383773803711,58.0
70,40,-9.62556266784668,24.742462158203125,17.0
70,41,-8.366050720214844,8.097153663635254,10.0
70,42,-10.007784843444824,148.99197387695312,159.0
70,43,-39.29315948486328,698.4475708007812,1741.0
70,44,-3.7050375938415527,6.375859260559082,3.0
70,45,-10.527154922485352,5.780705451965332,10.0
70,46,-11.753449440002441,50.29051208496094,95.0
70,47,-5.586199760437012,4.041233539581299,13.0
70,48,-20.577272415161133,171.45452880859375,3255.0
70,49,-15.715076446533203,5.732316017150879,23.0
70,50,-13.624114036560059,93.81936645507812,1246.0
70,51,-12.69926929473877,68.92989349365234,121.0
70,52,-9.1751708984375,6.265347957611084,53.0
70,53,-5.364469051361084,5.978420734405518,3.0
70,54,-31.34878921508789,185.82366943359375,7654.0
70,55,-19.390018463134766,25.321901321411133,18.0
70,56,-6.41270637512207,8.478797912597656,13.0
70,57,-6.173235893249512,4.680050373077393,3.0
70,58,-8.96298599243164,9.400345802307129,13.0
70,59,-24.632625579833984,33.74885177612305,256.0
70,60,-9.851845741271973,11.739526748657227,36.0
70,61,-10.83796501159668,37.06432342529297,20.0
70,62,-24.144620895385742,418.28173828125,323.0
70,63,-11.22516918182373,4.970873832702637,13.0
70,64,-8.280416488647461,5.238752365112305,9.0
70,65,-4.7446699142456055,4.862519264221191,2.0
70,66,-15.793957710266113,13.906083106994629,7.0
70,67,-6.75079870223999,3.858041763305664,3.0
70,68,-15.561235427856445,6.9947123527526855,41.0
70,69,-9.452131271362305,23.352645874023438,14.0
70,70,-5.432520866394043,3.8889148235321045,3.0
70,71,-9.93949031829834,1.8611938953399658,64.0
70,72,-14.11236572265625,34.058902740478516,22.0
70,73,-12.63476276397705,23.53975486755371,15.0
70,74,-15.053719520568848,151.0946807861328,393.0
70,75,-8.154491424560547,1.972971796989441,6.0
70,76,-6.73524284362793,3.846057176589966,10.0
70,77,-14.577726364135742,18.458873748779297,54.0
70,78,-7.569330215454102,3.5309078693389893,2.0
70,79,-13.450387001037598,3.8383350372314453,80.0
70,80,-5.955250263214111,3.290534496307373,11.0
70,81,-9.764820098876953,3.3892290592193604,44.0
70,82,-5.135803699493408,2.793124198913574,4.0
70,83,-21.7176570892334,7.201810359954834,287.0
70,84,-8.723651885986328,18.317995071411133,82.0
70,85,-4.266887664794922,8.443896293640137,3.0
70,86,-4.365123271942139,4.284659385681152,4.0
70,87,-32.76602554321289,60.08457946777344,288.0
70,88,-13.654541015625,5.511394023895264,101.0
70,89,-16.17209243774414,25.391599655151367,58.0
70,90,-13.213796615600586,14.051924705505371,195.0
70,91,-15.62878704071045,13.52849006652832,15.0
70,92,-4.745673656463623,4.8641462326049805,2.0
70,93,-6.536428928375244,3.6961281299591064,4.0
70,94,-7.122208595275879,4.155537128448486,20.0
70,95,-16.848663330078125,5.391730308532715,251.0
70,96,-10.606204986572266,34.30879211425781,20.0
70,97,-4.495879650115967,4.47553825378418,6.0
70,98,-17.499229431152344,4.907865047454834,23.0
70,99,-16.010807037353516,7.399044990539551,134.0
70,100,-13.061861991882324,6.4622673988342285,48.0
70,101,-25.197771072387695,9.881916046142578,284.0
70,102,-19.222755432128906,122.20364379882812,82.0
70,103,-9.192621231079102,21.41747283935547,260.0
70,104,-20.230674743652344,848.5750122070312,18724.0
70,105,-32.45658493041992,25.678611755371094,117.0
70,106,-30.034027099609375,73.00847625732422,551.0
70,107,-9.903197288513184,27.14154815673828,35.0
70,108,-16.83399200439453,28.985578536987305,46.0
70,109,-4.7820868492126465,4.923545837402344,2.0
70,110,-24.332738876342773,438.4232177734375,5827.0
70,111,-7.786822319030762,3.6612467765808105,12.0
70,112,-10.523929595947266,8.20534610748291,20.0
70,113,-9.843202590942383,11.714186668395996,12.0
70,114,-5.472442626953125,3.927922487258911,6.0
70,115,-15.72173023223877,13.73968505859375,32.0
70,116,-11.17643928527832,6.441361427307129,7.0
70,117,-5.06345796585083,2.0613293647766113,4.0
70,118,-13.372447967529297,2.1020514965057373,8.0
70,119,-3.8078322410583496,1.6095893383026123,3.0
70,120,-6.525806427001953,8.80455207824707,7.0
70,121,-11.8583402633667,7.216643810272217,13.0
70,122,-20.060815811157227,6.194802284240723,29.0
70,123,-5.931909561157227,4.4060444831848145,2.0
70,124,-14.603510856628418,11.40347957611084,11.0
70,125,-13.904037475585938,32.3304443359375,113.0
70,126,-13.699333190917969,96.20144653320312,1228.0
70,127,-8.498478889465332,16.993423461914062,10.0
70,128,-9.825662612915039,5.1428656578063965,11.0
70,129,-20.12097930908203,17.715246200561523,53.0
70,130,-14.159381866455078,1187.6014404296875,1686.0
70,131,-13.141420364379883,5.168991565704346,73.0
70,132,-25.678600311279297,72.22357940673828,62.0
70,133,-15.355009078979492,12.925060272216797,32.0
70,134,-18.71237564086914,511.5568542480469,152.0
70,135,-9.187162399291992,98.84778594970703,16.0
70,136,-1.331732153892517,1.5587912797927856,1.0
70,137,-5.769402027130127,4.23062801361084,2.0
70,138,-7.819543361663818,3.681267738342285,2.0
70,139,-15.572458267211914,9.250123023986816,13.0
70,140,-18.27592658996582,38.6746826171875,33.0
70,141,-12.767629623413086,12.852340698242188,50.0
70,142,-5.440103530883789,3.896294116973877,1.0
70,143,-8.546321868896484,17.266599655151367,75.0
70,144,-9.16775131225586,21.24065399169922,84.0
70,145,-7.557511329650879,6.615251541137695,5.0
70,146,-5.2961745262146,14.126991271972656,4.0
70,147,-6.547144889831543,2.5479941368103027,4.0
70,148,-1.2400301694869995,1.5118640661239624,1.0
70,149,-29.291872024536133,350.154541015625,499.0
70,150,-8.753087997436523,18.49861717224121,8.0
70,151,-13.051435470581055,13.602957725524902,15.0
70,152,-9.69970703125,25.36158561706543,20.0
70,153,-9.223156929016113,6.325767993927002,6.0
70,154,-21.025392532348633,191.7798614501953,509.0
70,155,-22.471771240234375,275.3224182128906,67.0
70,156,-12.472121238708496,63.90348434448242,41.0
70,157,-14.388582229614258,121.04883575439453,159.0
70,158,-4.285134792327881,2.9191243648529053,3.0
70,159,-11.374216079711914,295.03912353515625,584.0
70,160,-8.783942222595215,18.689849853515625,17.0
70,161,-13.701480865478516,9.81174373626709,35.0
70,162,-13.671745300292969,4.568033218383789,37.0
70,163,-5.471098899841309,6.1947340965271,6.0
70,164,-8.732866287231445,18.374347686767578,8.0
70,165,-17.587112426757812,18.749845504760742,46.0
70,166,-16.29971694946289,2.0978147983551025,8.0
70,167,-15.185528755187988,8.752692222595215,13.0
70,168,-3.4652018547058105,1.999786376953125,2.0
70,169,-9.817728042602539,11.63982105255127,12.0
70,170,-22.833431243896484,44.95094680786133,57.0
70,171,-17.915992736816406,35.988468170166016,61.0
70,172,-11.856609344482422,7.21456241607666,12.0
70,173,-13.033145904541016,13.553287506103516,518.0
70,174,-16.15707778930664,10.055843353271484,19.0
70,175,-25.473838806152344,163.16592407226562,187.0
70,176,-14.47930908203125,11.16985034942627,25.0
70,177,-12.886337280273438,2.1340463161468506,8.0
70,178,-26.42100715637207,5.820583343505859,20.0
70,179,-14.638559341430664,1509.1165771484375,5888.0
70,180,-13.22146224975586,27.258502960205078,24.0
70,181,-13.990326881408691,106.00032806396484,261.0
70,182,-16.48627281188965,61.655853271484375,61.0
70,183,-13.475215911865234,29.04376983642578,15.0
70,184,-38.32279968261719,238.57546997070312,1111.0
70,185,-12.197206497192383,5.711365699768066,26.0
70,186,-4.619763374328613,2.519228458404541,7.0
70,187,-12.454036712646484,506.2438049316406,1096.0
70,188,-13.638084411621094,94.25729370117188,2153.0
70,189,-8.048482894897461,14.626394271850586,26.0
70,190,-24.330581665039062,20.932912826538086,26.0
70,191,-12.556694030761719,12.32141399383545,1615.0
70,192,-13.858125686645508,10.071277618408203,17.0
70,193,-13.459692001342773,28.9312686920166,35.0
70,194,-17.125764846801758,5233.7451171875,489.0
70,195,-5.052736759185791,3.5366647243499756,6.0
70,196,-22.284038543701172,262.6991882324219,13627.0
70,197,-11.613004684448242,18.233327865600586,1564.0
70,198,-9.181939125061035,2.504762649536133,38.0
70,199,-10.53967571258545,8.23122787475586,40.0
70,200,-16.662466049194336,3.602860689163208,64.0
70,201,-9.949075698852539,144.6819305419922,316.0
70,202,-6.85861873626709,30.85532569885254,41.0
70,203,-31.767179489135742,23.967960357666016,708.0
70,204,-6.786166191101074,5.455048561096191,6.0
70,205,-15.04763412475586,20.277801513671875,444.0
70,206,-6.659945011138916,5.285600662231445,46.0
70,207,-11.370168685913086,17.159332275390625,888.0
70,208,-14.012475967407227,106.78585815429688,2907.0
70,209,-26.534381866455078,27.571916580200195,6211.0
70,210,-3.4006404876708984,1.974130630493164,2.0
70,211,-10.487833976745605,32.9814338684082,215.0
70,212,-9.358346939086914,10.376947402954102,15.0
70,213,-15.404020309448242,169.8088836669922,2064.0
70,214,-7.349660873413086,6.2802839279174805,36.0
70,215,-33.0449333190918,15.701313972473145,99.0
70,216,-6.704323768615723,5.344569206237793,6.0
70,217,-19.17892837524414,597.6326293945312,911.0
70,218,-9.884815216064453,11.836687088012695,11.0
70,219,-14.837499618530273,40.828277587890625,279.0
70,220,-13.693876266479492,96.02660369873047,2334.0
70,221,-4.931031703948975,2.681044101715088,3.0
70,222,-22.99524688720703,26.709928512573242,205.0
70,223,-3.4863739013671875,3.1967179775238037,2.0
70,224,-1.3202626705169678,1.9350464344024658,1.0
70,225,-16.88638687133789,11.160054206848145,107.0
70,226,-10.40734577178955,32.10832214355469,317.0
70,227,-13.974699020385742,32.90665054321289,335.0
70,228,-13.19814395904541,6.589313507080078,129.0
70,229,-17.894508361816406,4.442463397979736,43.0
70,230,-22.801576614379883,9.778221130371094,263.0
70,231,-6.135478973388672,2.780358076095581,3.0
70,232,-1.0039856433868408,1.397467851638794,1.0
70,233,-11.386187553405762,44.495845794677734,156.0
70,234,-14.554444313049316,38.03896713256836,48.0
70,235,-17.35041046142578,76.52386474609375,241.0
70,236,-12.973403930664062,75.52533721923828,37.0
70,237,-22.791170120239258,95.41484832763672,744.0
70,238,-34.26557159423828,17.382505416870117,2174.0
70,239,-7.382973670959473,3.4229254722595215,7.0
70,240,-17.336889266967773,17.983983993530273,1360.0
70,241,-7.667147159576416,12.88051700592041,59.0
70,242,-37.92519760131836,225.4019775390625,1899.0
70,243,-14.218341827392578,7.623164653778076,21.0
70,244,-7.7970685958862305,13.450589179992676,10.0
70,245,-9.890827178955078,7.229467391967773,10.0
70,246,-6.872014045715332,5.573390007019043,6.0
70,247,-19.959434509277344,27.842744827270508,89.0
70,248,-10.013129234313965,4.180567741394043,3.0
70,249,-13.849756240844727,15.957858085632324,109.0
70,250,-29.95154571533203,42.264320373535156,1747.0
70,251,-21.255441665649414,70.1817398071289,350.0
70,252,-24.201171875,20.597021102905273,59.0
70,253,-32.63692855834961,683.6087646484375,1025.0
70,254,-11.852441787719727,7.2095537185668945,5.0
70,255,-17.55072593688965,12.271095275878906,55.0
70,256,-16.357772827148438,59.70663833618164,202.0
70,257,-20.45686912536621,166.37049865722656,542.0
70,258,-5.614439010620117,3.0737178325653076,2.0
70,259,-11.346291542053223,9.672224044799805,253.0
70,260,-8.513127326965332,17.076601028442383,15.0
70,261,-21.881336212158203,6.193155288696289,100.0
70,262,-13.737475395202637,97.4323501586914,95.0
70,263,-15.168502807617188,20.773963928222656,11.0
70,264,-7.98999547958374,14.344000816345215,29.0
70,265,-8.329047203063965,16.060279846191406,57.0
70,266,-9.807921409606934,26.293115615844727,184.0
70,267,-12.037555694580078,20.275007247924805,91.0
70,268,-21.820396423339844,37.967586517333984,74.0
70,269,-1.8192059993743896,1.4388457536697388,1.0
70,270,-3.0540151596069336,1.8419098854064941,1.0
70,271,-14.861665725708008,11.904829978942871,40.0
70,272,-6.725555419921875,9.410741806030273,4.0
70,273,-8.972663879394531,9.423117637634277,14.0
70,274,-8.52619743347168,8.4279146194458,23.0
70,275,-6.697223663330078,5.3350911140441895,20.0
70,276,-13.85304069519043,7.235545635223389,10.0
70,277,-18.46475601196289,101.10797882080078,574.0
70,278,-17.24016571044922,11.738579750061035,114.0
70,279,-10.126562118530273,7.5784783363342285,233.0
70,280,-16.858427047729492,8.226028442382812,38.0
70,281,-13.06985092163086,77.99283599853516,61.0
70,282,-6.218941688537598,7.948479652404785,3.0
70,283,-13.34997844696045,85.6263198852539,1025.0
70,284,-10.241446495056152,7.754623889923096,124.0
70,285,-20.49777603149414,6.445835113525391,7.0
70,286,-21.292278289794922,6.9286274909973145,9.0
70,287,-2.2427399158477783,3.0690560340881348,2.0
70,288,-13.131769180297852,13.823274612426758,776.0
70,289,-31.117198944091797,22.459638595581055,116.0
70,290,-17.74267578125,84.4085693359375,48.0
70,291,-5.226100921630859,3.6933178901672363,5.0
70,292,-8.38202953338623,8.129565238952637,12.0
70,293,-0.8918130993843079,1.2497621774673462,1.0
70,294,-18.776607513427734,109.30606842041016,50.0
70,295,-5.886560440063477,18.977996826171875,30.0
70,296,-28.046913146972656,22.563278198242188,202.0
70,297,-20.1002197265625,17.66278648376465,51.0
70,298,-17.57472801208496,33.61409378051758,6753.0
70,299,-18.253780364990234,9199.369140625,373.0
70,300,-24.999319076538086,268245.9375,5150.0
70,301,-23.73590087890625,13.975733757019043,594.0
70,302,-9.086926460266113,9.696176528930664,7.0
70,303,-14.906929016113281,19.715116500854492,1888.0
72,0,-21.190155029296875,34.18177032470703,114.0
72,1,-2.4910030364990234,1.8640486001968384,1.0
72,2,-8.642610549926758,17.82978057861328,3.0
72,3,-8.047469139099121,14.621450424194336,88.0
72,4,-18.531835556030273,14.117359161376953,132.0
72,5,-29.950048446655273,27.876474380493164,124.0
72,6,-38.099159240722656,68.94024658203125,1789.0
72,7,-12.78384780883789,6.2106404304504395,107.0
72,8,-5.403129577636719,6.055961608886719,5.0
72,9,-10.817675590515137,8.701845169067383,7.0
72,10,-22.727859497070312,293.5256042480469,1222.0
72,11,-7.512601852416992,4.4929986000061035,8.0
72,12,-9.45062255859375,10.61911392211914,7.0
72,13,-7.782007694244385,3.0395681858062744,10.0
72,14,-20.63624382019043,971.4093627929688,295.0
72,15,-6.596321105957031,2.2808315753936768,13.0
72,16,-7.301313400268555,6.204832077026367,17.0
72,17,-17.795658111572266,376.8647155761719,205.0
72,18,-20.85458755493164,33768.83984375,1805.0
72,19,-17.09129524230957,11.491570472717285,22.0
72,20,-12.813544273376465,12.970906257629395,27.0
72,21,-11.977375030517578,54.18793869018555,24.0
72,22,-11.001652717590332,9.027996063232422,11.0
72,23,-3.778135061264038,1.7155497074127197,2.0
72,24,-6.662230968475342,9.214179992675781,6.0
72,25,-3.8832082748413086,3.648815870285034,5.0
72,26,-3.5731992721557617,2.443178653717041,4.0
72,27,-7.511013984680176,4.49157190322876,18.0
72,28,-9.818711280822754,3.412137269973755,35.0
72,29,-19.291648864746094,15.735978126525879,33.0
72,30,-5.230010509490967,2.846249580383301,4.0
72,31,-10.488850593566895,32.99260711669922,28.0
72,32,-9.997516632080078,12.174933433532715,101.0
72,33,-13.239051818847656,5.232459545135498,42.0
72,34,-9.322393417358398,22.364269256591797,82.0
72,35,-6.027610778808594,7.457376480102539,13.0
72,36,-17.663055419921875,360.5697021484375,443.0
72,37,-22.637287139892578,9.618887901306152,165.0
72,38,-43.57151794433594,52.51228713989258,15043.0
72,39,-11.059127807617188,39.89997863769531,58.0
72,40,-9.601846694946289,24.547639846801758,17.0
72,41,-8.40713119506836,8.180741310119629,10.0
72,42,-9.99465560913086,148.01710510253906,159.0
72,43,-39.292320251464844,698.349609375,1756.0
72,44,-3.6910338401794434,6.331372261047363,3.0
72,45,-10.56814193725586,5.8203301429748535,10.0
72,46,-11.72335433959961,49.788536071777344,97.0
72,47,-5.5517449378967285,4.00657320022583,13.0
72,48,-20.533573150634766,169.59161376953125,3176.0
72,49,-15.643306732177734,5.68678617477417,23.0
72,50,-13.63920783996582,94.2925796508789,1256.0
72,51,-12.700888633728027,68.96710968017578,126.0
72,52,-9.1220703125,6.199161529541016,53.0
72,53,-5.339005470275879,5.927890777587891,3.0
72,54,-31.286657333374023,183.90931701660156,7341.0
72,55,-19.41744613647461,25.437923431396484,17.0
72,56,-6.41062068939209,8.472906112670898,13.0
72,57,-6.199753761291504,4.711180210113525,3.0
72,58,-8.953157424926758,9.377276420593262,13.0
72,59,-24.607545852661133,33.62815475463867,244.0
72,60,-9.89183235168457,11.857470512390137,36.0
72,61,-10.77340030670166,36.27516555786133,21.0
72,62,-24.010391235351562,404.47821044921875,322.0
72,63,-11.167011260986328,4.929745197296143,13.0
72,64,-8.256256103515625,5.213498592376709,9.0
72,65,-4.728935718536377,4.837083339691162,2.0
72,66,-15.723176002502441,13.742997169494629,7.0
72,67,-6.723850250244141,3.83730411529541,3.0
72,68,-15.508384704589844,6.948655128479004,41.0
72,69,-9.402482986450195,22.969358444213867,14.0
72,70,-5.5355305671691895,3.9903645515441895,4.0
72,71,-9.939558029174805,1.8612016439437866,61.0
72,72,-14.063309669494629,33.64375305175781,22.0
72,73,-12.586669921875,23.258426666259766,15.0
72,74,-15.004378318786621,148.62994384765625,382.0
72,75,-8.186264038085938,1.9782027006149292,6.0
72,76,-6.715180397033691,3.830656051635742,10.0
72,77,-14.599414825439453,18.539119720458984,53.0
72,78,-7.554801940917969,3.5223684310913086,2.0
72,79,-13.566970825195312,3.883345603942871,79.0
72,80,-5.9437642097473145,3.282984495162964,11.0
72,81,-9.652870178222656,3.3421313762664795,44.0
72,82,-5.202939033508301,2.8308804035186768,4.0
72,83,-21.765506744384766,7.233206272125244,293.0
72,84,-8.69230842590332,18.127607345581055,81.0
72,85,-4.2523064613342285,8.382558822631836,3.0
72,86,-4.3824286460876465,4.309446811676025,4.0
72,87,-32.743003845214844,59.91191864013672,287.0
72,88,-13.629825592041016,5.494393348693848,101.0
72,89,-16.117074966430664,25.11373519897461,58.0
72,90,-13.250553131103516,14.15560531616211,197.0
72,91,-15.558822631835938,13.37165355682373,14.0
72,92,-4.765506744384766,4.89640998840332,1.0
72,93,-6.5149970054626465,3.680318832397461,4.0
72,94,-7.1285624504089355,4.160820960998535,19.0
72,95,-16.7644100189209,5.346493721008301,247.0
72,96,-10.62002944946289,34.467254638671875,20.0
72,97,-4.507908821105957,4.4935197830200195,6.0
72,98,-17.47050666809082,4.895066738128662,21.0
72,99,-16.04555320739746,7.43125057220459,136.0
72,100,-13.087512969970703,6.485992431640625,47.0
72,101,-25.12015151977539,9.812432289123535,273.0
72,102,-19.14136505126953,119.74221801757812,81.0
72,103,-9.115408897399902,20.873271942138672,249.0
72,104,-20.210548400878906,842.9008178710938,18632.0
72,105,-32.60662841796875,26.06680679321289,114.0
72,106,-30.007469177246094,72.73198699951172,545.0
72,107,-9.86649227142334,26.81149673461914,35.0
72,108,-16.82010841369629,28.905208587646484,45.0
72,109,-4.707452297210693,4.802567958831787,2.0
72,110,-24.311084747314453,436.05621337890625,5936.0
72,111,-7.770869255065918,3.6515250205993652,11.0
72,112,-10.508638381958008,8.180291175842285,20.0
72,113,-9.888240814208984,11.846829414367676,12.0
72,114,-5.4830756187438965,3.938377618789673,6.0
72,115,-15.619307518005371,13.507131576538086,31.0
72,116,-11.177061080932617,6.442028999328613,7.0
72,117,-4.939199447631836,2.0250611305236816,4.0
72,118,-13.47508716583252,2.11407208442688,8.0
72,119,-3.7539987564086914,1.5987944602966309,3.0
72,120,-6.536108016967773,8.83483600616455,6.0
72,121,-11.843616485595703,7.198956489562988,13.0
72,122,-19.937015533447266,6.125473499298096,29.0
72,123,-5.901935577392578,4.3731513023376465,2.0
72,124,-14.600154876708984,11.397103309631348,11.0
72,125,-13.948044776916504,32.68810272216797,114.0
72,126,-13.712339401245117,96.61942291259766,1215.0
72,127,-8.531098365783691,17.179201126098633,10.0
72,128,-9.747366905212402,5.076190948486328,11.0
72,129,-20.164901733398438,17.826753616333008,53.0
72,130,-14.135323524475098,1173.401123046875,1690.0
72,131,-13.180660247802734,5.194406986236572,73.0
72,132,-25.683700561523438,72.28500366210938,65.0
72,133,-15.365638732910156,12.947979927062988,33.0
72,134,-18.63750648498535,498.94805908203125,150.0
72,135,-9.138446807861328,96.46916198730469,16.0
72,136,-1.341569423675537,1.5639110803604126,1.0
72,137,-5.803901195526123,4.267274379730225,2.0
72,138,-7.862051963806152,3.7074413299560547,2.0
72,139,-15.554206848144531,9.226035118103027,14.0
72,140,-18.183717727661133,37.967994689941406,33.0
72,141,-12.712905883789062,12.712441444396973,54.0
72,142,-5.4210968017578125,3.877824068069458,1.0
72,143,-8.556443214416504,17.324953079223633,72.0
72,144,-9.1380615234375,21.031484603881836,82.0
72,145,-7.512248992919922,6.540818214416504,5.0
72,146,-5.270105361938477,13.944047927856445,4.0
72,147,-6.558483600616455,2.5521247386932373,4.0
72,148,-1.2554467916488647,1.5196533203125,1.0
72,149,-29.280689239501953,349.3721923828125,494.0
72,150,-8.72708797454834,18.338987350463867,8.0
72,151,-13.05937385559082,13.624570846557617,15.0
72,152,-9.737069129943848,25.679414749145508,20.0
72,153,-9.12653636932373,6.2047014236450195,6.0
72,154,-20.984127044677734,189.81155395507812,504.0
72,155,-22.402965545654297,270.6269836425781,68.0
72,156,-12.471009254455566,63.879783630371094,42.0
72,157,-14.475988388061523,124.62751007080078,167.0
72,158,-4.284364700317383,2.918562412261963,3.0
72,159,-11.425088882446289,302.64013671875,596.0
72,160,-8.761931419372559,18.5532283782959,17.0
72,161,-13.678587913513184,9.77437973022461,36.0
72,162,-13.534954071044922,4.499128818511963,36.0
72,163,-5.494368553161621,6.242970943450928,6.0
72,164,-8.74853515625,18.47056770324707,8.0
72,165,-17.607616424560547,18.814027786254883,46.0
72,166,-16.520620346069336,2.118985176086426,8.0
72,167,-15.111161231994629,8.660196304321289,13.0
72,168,-3.4475629329681396,1.992743968963623,2.0
72,169,-9.715005874633789,11.344709396362305,12.0
72,170,-22.69119644165039,43.89788055419922,57.0
72,171,-17.877338409423828,35.7113151550293,61.0
72,172,-11.884746551513672,7.248475074768066,12.0
72,173,-12.996907234191895,13.455412864685059,512.0
72,174,-16.019851684570312,9.86063003540039,19.0
72,175,-25.466541290283203,162.92800903320312,184.0
72,176,-14.458762168884277,11.13166332244873,23.0
72,177,-12.897018432617188,2.135387659072876,8.0
72,178,-26.60936737060547,5.894135475158691,20.0
72,179,-14.640657424926758,1510.700439453125,5915.0
72,180,-13.151029586791992,26.782733917236328,23.0
72,181,-13.89350700378418,102.63395690917969,250.0
72,182,-16.577245712280273,63.07417297363281,62.0
72,183,-13.49862289428711,29.21422576904297,15.0
72,184,-38.12116241455078,231.80126953125,1093.0
72,185,-12.1941499710083,5.708871841430664,26.0
72,186,-4.600971221923828,2.5097780227661133,7.0
72,187,-12.422499656677246,498.32366943359375,1084.0
72,188,-13.637346267700195,94.23410034179688,2143.0
72,189,-8.02595329284668,14.516962051391602,25.0
72,190,-24.367015838623047,21.028465270996094,27.0
72,191,-12.462077140808105,12.090444564819336,1523.0
72,192,-13.806396484375,9.984822273254395,17.0
72,193,-13.446040153503418,28.83269691467285,37.0
72,194,-17.09345245361328,5149.8671875,475.0
72,195,-5.056393623352051,3.5398995876312256,6.0
72,196,-22.212688446044922,258.0548400878906,12976.0
72,197,-11.577983856201172,18.07438850402832,1530.0
72,198,-9.157245635986328,2.4985852241516113,39.0
72,199,-10.532464027404785,8.21936321258545,41.0
72,200,-16.55998992919922,3.5745720863342285,63.0
72,201,-9.905097961425781,141.53526306152344,304.0
72,202,-6.902623176574707,31.54173469543457,41.0
72,203,-31.790578842163086,24.02410888671875,695.0
72,204,-6.73176383972168,5.381359100341797,6.0
72,205,-14.96335220336914,19.938858032226562,443.0
72,206,-6.599361419677734,5.206148624420166,44.0
72,207,-11.297605514526367,16.850854873657227,860.0
72,208,-13.969073295593262,105.25203704833984,2863.0
72,209,-26.491758346557617,27.425405502319336,5998.0
72,210,-3.3869168758392334,1.9687196016311646,2.0
72,211,-10.578046798706055,33.98827362060547,233.0
72,212,-9.33321762084961,10.31196117401123,15.0
72,213,-15.241292953491211,160.84335327148438,2007.0
72,214,-7.41259765625,6.379880905151367,37.0
72,215,-32.952117919921875,15.580339431762695,97.0
72,216,-6.771105766296387,5.434548377990723,6.0
72,217,-19.118927001953125,585.7984619140625,881.0
72,218,-9.858860969543457,11.760132789611816,11.0
72,219,-14.803497314453125,40.48268508911133,285.0
72,220,-13.580163955688477,92.45494079589844,2205.0
72,221,-4.93170690536499,2.681406259536743,3.0
72,222,-23.10501480102539,27.132068634033203,208.0
72,223,-3.516113758087158,3.2285654544830322,2.0
72,224,-1.3314584493637085,1.9459089040756226,1.0
72,225,-17.132400512695312,11.559247016906738,108.0
72,226,-10.43801212310791,32.4382209777832,325.0
72,227,-13.891138076782227,32.22635269165039,331.0
72,228,-13.190038681030273,6.581688404083252,133.0
72,229,-17.809465408325195,4.411091327667236,43.0
72,230,-22.5904541015625,9.573945045471191,261.0
72,231,-6.091522693634033,2.760063648223877,3.0
72,232,-1.000299334526062,1.395751714706421,1.0
72,233,-11.426058769226074,45.09115982055664,155.0
72,234,-14.539631843566895,37.89836502075195,48.0
72,235,-17.361101150512695,76.7286605834961,243.0
72,236,-12.916401863098145,74.10382843017578,36.0
72,237,-21.902751922607422,79.8819808959961,710.0
72,238,-34.18136215209961,17.26095199584961,2104.0
72,239,-7.377772331237793,3.419959545135498,7.0
72,240,-17.331527709960938,17.967920303344727,1361.0
72,241,-7.663217067718506,12.863652229309082,58.0
72,242,-37.90987014770508,224.90895080566406,1927.0
72,243,-14.338272094726562,7.754897594451904,22.0
72,244,-7.832746505737305,13.611505508422852,10.0
72,245,-9.92920970916748,7.285179138183594,10.0
72,246,-6.887421607971191,5.5948991775512695,6.0
72,247,-19.973846435546875,27.909706115722656,85.0
72,248,-10.053964614868164,4.205026626586914,3.0
72,249,-13.759337425231934,15.671873092651367,99.0
72,250,-30.075977325439453,42.92683410644531,1755.0
72,251,-21.29123878479004,70.68601989746094,364.0
72,252,-24.196292877197266,20.584463119506836,60.0
72,253,-32.59667205810547,678.1268310546875,1015.0
72,254,-11.847867965698242,7.204059600830078,5.0
72,255,-17.5494384765625,12.268839836120605,51.0
72,256,-16.283809661865234,58.61275863647461,202.0
72,257,-20.130245208740234,153.32522583007812,539.0
72,258,-5.543808460235596,3.0306031703948975,2.0
72,259,-11.403519630432129,9.78356647491455,255.0
72,260,-8.591259002685547,17.527183532714844,15.0
72,261,-21.86528778076172,6.184878349304199,99.0
72,262,-13.733360290527344,97.298828125,94.0
72,263,-15.161945343017578,20.746740341186523,10.0
72,264,-8.085638999938965,14.808673858642578,29.0
72,265,-8.259857177734375,15.694112777709961,54.0
72,266,-9.715785026550293,25.49787139892578,170.0
72,267,-11.95284652709961,19.85015296936035,88.0
72,268,-21.79257583618164,37.79194641113281,73.0
72,269,-1.8264025449752808,1.440918207168579,1.0
72,270,-3.0293431282043457,1.832843542098999,1.0
72,271,-14.88607406616211,11.95335865020752,41.0
72,272,-6.73349666595459,9.435687065124512,4.0
72,273,-8.968005180358887,9.412149429321289,14.0
72,274,-8.67652702331543,8.750682830810547,26.0
72,275,-6.816931247711182,5.497166633605957,21.0
72,276,-13.846963882446289,7.2292680740356445,10.0
72,277,-18.458744049072266,100.95612335205078,575.0
72,278,-17.22395133972168,11.711420059204102,114.0
72,279,-10.119749069213867,7.568159103393555,238.0
72,280,-16.85089874267578,8.218292236328125,38.0
72,281,-13.045669555664062,77.36670684814453,60.0
72,282,-6.222153663635254,7.9569926261901855,3.0
72,283,-13.33675765991211,85.24979400634766,1004.0
72,284,-10.322031021118164,7.880617141723633,134.0
72,285,-20.466148376464844,6.427329063415527,7.0
72,286,-21.302053451538086,6.934786796569824,9.0
72,287,-2.2415425777435303,3.0672190189361572,2.0
72,288,-13.192132949829102,13.991172790527344,775.0
72,289,-30.996124267578125,22.18935203552246,114.0
72,290,-17.75139617919922,84.59278869628906,48.0
72,291,-5.180305004119873,3.6512742042541504,5.0
72,292,-8.34726333618164,8.059212684631348,12.0
72,293,-0.8883639574050903,1.2486850023269653,1.0
72,294,-18.70061683654785,107.24910736083984,51.0
72,295,-5.891957759857178,19.029281616210938,30.0
72,296,-27.960445404052734,22.347537994384766,201.0
72,297,-20.199520111083984,17.915130615234375,51.0
72,298,-17.60696029663086,33.83149337768555,6735.0
72,299,-18.258106231689453,9219.2880859375,380.0
72,300,-24.98383331298828,266176.96875,5038.0
72,301,-23.761653900146484,14.015778541564941,604.0
72,302,-9.150154113769531,9.850661277770996,7.0
72,303,-14.729393005371094,19.027372360229492,1802.0
74,0,-21.19214630126953,34.193115234375,117.0
74,1,-2.4721262454986572,1.8552724123001099,1.0
74,2,-8.515291213989258,17.08892059326172,3.0
74,3,-8.104318618774414,14.901168823242188,93.0
74,4,-18.54773712158203,14.14946460723877,137.0
74,5,-30.027860641479492,28.118534088134766,125.0
74,6,-38.12147903442383,69.11140441894531,1823.0
74,7,-12.879817962646484,6.296375274658203,107.0
74,8,-5.368499755859375,5.986457824707031,5.0
74,9,-10.821682929992676,8.708823204040527,7.0
74,10,-22.793167114257812,298.3572998046875,1258.0
74,11,-7.512994289398193,4.493351936340332,8.0
74,12,-9.493005752563477,10.732231140136719,7.0
74,13,-7.80668830871582,3.0503036975860596,10.0
74,14,-20.57720947265625,952.4806518554688,288.0
74,15,-6.593224048614502,2.2799489498138428,13.0
74,16,-7.241023063659668,6.112010478973389,17.0
74,17,-17.911510467529297,391.7027893066406,214.0
74,18,-20.844261169433594,33594.93359375,1831.0
74,19,-17.182592391967773,11.64242935180664,22.0
74,20,-12.831987380981445,13.018838882446289,27.0
74,21,-12.011848449707031,54.8142204284668,25.0
74,22,-10.920511245727539,8.882670402526855,11.0
74,23,-3.762404203414917,1.7116987705230713,2.0
74,24,-6.666314125061035,9.226730346679688,6.0
74,25,-3.920715570449829,3.694721221923828,5.0
74,26,-3.570868730545044,2.4417552947998047,4.0
74,27,-7.494190692901611,4.476485252380371,19.0
74,28,-9.80537223815918,3.4064526557922363,35.0
74,29,-19.32967758178711,15.82170295715332,32.0
74,30,-5.233364105224609,2.848159074783325,4.0
74,31,-10.441224098205566,32.472965240478516,28.0
74,32,-10.03569221496582,12.291685104370117,102.0
74,33,-13.255526542663574,5.243246078491211,42.0
74,34,-9.322077751159668,22.36191177368164,82.0
74,35,-6.058403015136719,7.534312725067139,13.0
74,36,-17.67718505859375,362.2718811035156,440.0
74,37,-22.61320686340332,9.595752716064453,165.0
74,38,-43.64109802246094,52.84550857543945,15058.0
74,39,-11.074296951293945,40.10224151611328,59.0
74,40,-9.58211898803711,24.386741638183594,17.0
74,41,-8.417925834655762,8.202848434448242,10.0
74,42,-9.990723609924316,147.72637939453125,159.0
74,43,-39.32270431518555,701.8950805664062,1722.0
74,44,-3.7100329399108887,6.391803741455078,3.0
74,45,-10.557914733886719,5.810418128967285,10.0
74,46,-11.760414123535156,50.40740966796875,96.0
74,47,-5.583932399749756,4.038943767547607,13.0
74,48,-20.618772506713867,173.2426300048828,3351.0
74,49,-15.63144302368164,5.679294586181641,23.0
74,50,-13.602360725402832,93.14152526855469,1241.0
74,51,-12.686075210571289,68.62738037109375,121.0
74,52,-9.240728378295898,6.3480377197265625,53.0
74,53,-5.346720218658447,5.943154811859131,3.0
74,54,-31.40533447265625,187.58319091796875,7813.0
74,55,-19.450634002685547,25.579017639160156,18.0
74,56,-6.400303363800049,8.443818092346191,13.0
74,57,-6.199642181396484,4.7110490798950195,3.0
74,58,-8.895269393920898,9.242546081542969,13.0
74,59,-24.62578582763672,33.71589660644531,246.0
74,60,-9.826841354370117,11.666369438171387,33.0
74,61,-10.777717590332031,36.3274040222168,21.0
74,62,-24.039566040039062,407.4391174316406,323.0
74,63,-11.141667366027832,4.911929607391357,13.0
74,64,-8.205437660217285,5.160778999328613,9.0
74,65,-4.732980251312256,4.843608856201172,2.0
74,66,-15.723462104797363,13.74365234375,7.0
74,67,-6.73807430267334,3.848236083984375,3.0
74,68,-15.487175941467285,6.930258274078369,41.0
74,69,-9.463699340820312,23.442873001098633,14.0
74,70,-5.441654205322266,3.8978049755096436,3.0
74,71,-9.877007484436035,1.8539397716522217,62.0
74,72,-14.062309265136719,33.635337829589844,21.0
74,73,-12.617340087890625,23.43744659423828,15.0
74,74,-14.931987762451172,145.08636474609375,379.0
74,75,-8.192634582519531,1.9792530536651611,5.0
74,76,-6.7293572425842285,3.8415327072143555,10.0
74,77,-14.583856582641602,18.481523513793945,52.0
74,78,-7.618772506713867,3.560124158859253,2.0
74,79,-13.47976303100586,3.8496272563934326,79.0
74,80,-5.961683750152588,3.294771432876587,11.0
74,81,-9.692353248596191,3.3586668968200684,44.0
74,82,-5.176013946533203,2.8156771659851074,4.0
74,83,-21.733226776123047,7.212011814117432,291.0
74,84,-8.720248222351074,18.297225952148438,83.0
74,85,-4.211257457733154,8.212264060974121,3.0
74,86,-4.3461079597473145,4.257587909698486,4.0
74,87,-32.76372528076172,60.06730270385742,286.0
74,88,-13.67148494720459,5.523079872131348,99.0
74,89,-16.073976516723633,24.898197174072266,57.0
74,90,-13.269122123718262,14.208271980285645,199.0
74,91,-15.529335975646973,13.30610179901123,15.0
74,92,-4.723670482635498,4.828600883483887,1.0
74,93,-6.550955772399902,3.7068822383880615,4.0
74,94,-7.168793678283691,4.194435119628906,21.0
74,95,-16.81489372253418,5.373553276062012,250.0
74,96,-10.58651351928711,34.08433532714844,20.0
74,97,-4.4967546463012695,4.476843357086182,5.0
74,98,-17.494361877441406,4.905693531036377,22.0
74,99,-16.033050537109375,7.4196457862854,134.0
74,100,-13.109721183776855,6.506601810455322,49.0
74,101,-25.037569046020508,9.73904037475586,264.0
74,102,-19.144750595092773,119.8436050415039,82.0
74,103,-9.220962524414062,21.620765686035156,266.0
74,104,-20.209753036499023,842.6773681640625,18602.0
74,105,-32.61248779296875,26.082090377807617,119.0
74,106,-29.861812591552734,71.23420715332031,541.0
74,107,-9.924476623535156,27.334753036499023,36.0
74,108,-16.8665828704834,29.175128936767578,45.0
74,109,-4.724910736083984,4.830597877502441,2.0
74,110,-24.450206756591797,451.4892883300781,5688.0
74,111,-7.738762378692627,3.6320371627807617,11.0
74,112,-10.508716583251953,8.180418014526367,20.0
74,113,-9.92082405090332,11.9437255859375,12.0
74,114,-5.457040786743164,3.912827253341675,6.0
74,115,-15.6105318069458,13.48739242553711,33.0
74,116,-11.147717475891113,6.410600662231445,6.0
74,117,-4.920899391174316,2.0197741985321045,4.0
74,118,-13.408829689025879,2.106304407119751,8.0
74,119,-3.7801513671875,1.604029655456543,3.0
74,120,-6.468792915344238,8.638805389404297,6.0
74,121,-11.769593238830566,7.110687255859375,13.0
74,122,-19.988628387451172,6.154282093048096,29.0
74,123,-5.887050628662109,4.356907844543457,2.0
74,124,-14.543458938598633,11.289916038513184,11.0
74,125,-13.950799942016602,32.71062469482422,114.0
74,126,-13.717094421386719,96.7726821899414,1230.0
74,127,-8.503520965576172,17.02200698852539,10.0
74,128,-9.789146423339844,5.111661434173584,11.0
74,129,-20.117834091186523,17.707286834716797,53.0
74,130,-14.146173477172852,1179.7840576171875,1665.0
74,131,-13.177396774291992,5.192288398742676,73.0
74,132,-25.517932891845703,70.31525421142578,62.0
74,133,-15.372274398803711,12.962308883666992,33.0
74,134,-18.63172149658203,497.9868469238281,151.0
74,135,-9.168779373168945,97.94338989257812,16.0
74,136,-1.3417816162109375,1.5640215873718262,1.0
74,137,-5.797024726867676,4.259944915771484,2.0
74,138,-7.800199508666992,3.6694185733795166,2.0
74,139,-15.582538604736328,9.263453483581543,12.0
74,140,-18.28673553466797,38.758384704589844,33.0
74,141,-12.703926086425781,12.689632415771484,50.0
74,142,-5.42707633972168,3.8836252689361572,1.0
74,143,-8.553805351257324,17.30972671508789,75.0
74,144,-9.094273567199707,20.72673797607422,81.0
74,145,-7.529445648193359,6.56899881362915,5.0
74,146,-5.206212997436523,13.50562858581543,4.0
74,147,-6.5810394287109375,2.560361623764038,4.0
74,148,-1.2530312538146973,1.518430233001709,1.0
74,149,-29.163814544677734,341.30029296875,485.0
74,150,-8.783096313476562,18.684585571289062,8.0
74,151,-13.050067901611328,13.599234580993652,15.0
74,152,-9.688484191894531,25.266889572143555,20.0
74,153,-9.166971206665039,6.255082130432129,6.0
74,154,-20.980789184570312,189.65322875976562,513.0
74,155,-22.464637756347656,274.83184814453125,68.0
74,156,-12.37829875946045,61.935874938964844,41.0
74,157,-14.429494857788086,122.71095275878906,163.0
74,158,-4.242847442626953,2.8884263038635254,3.0
74,159,-11.351806640625,291.75177001953125,584.0
74,160,-8.748136520385742,18.468109130859375,17.0
74,161,-13.586156845092773,9.624958038330078,37.0
74,162,-13.556150436401367,4.509737491607666,36.0
74,163,-5.449209690093994,6.149699687957764,6.0
74,164,-8.75974178314209,18.53969383239746,8.0
74,165,-17.546770095825195,18.624197006225586,46.0
74,166,-16.3223876953125,2.099977731704712,8.0
74,167,-15.20751667022705,8.780227661132812,13.0
74,168,-3.4544167518615723,1.9954774379730225,2.0
74,169,-9.702865600585938,11.310328483581543,11.0
74,170,-22.847366333007812,45.05547332763672,57.0
74,171,-17.868680953979492,35.649539947509766,65.0
74,172,-11.895618438720703,7.261620998382568,12.0
74,173,-12.98859977722168,13.433074951171875,513.0
74,174,-16.064762115478516,9.92409896850586,19.0
74,175,-25.467967987060547,162.97447204589844,183.0
74,176,-14.431169509887695,11.08059024810791,24.0
74,177,-12.857972145080566,2.130488634109497,8.0
74,178,-26.49940299987793,5.851083755493164,20.0
74,179,-14.616761207580566,1492.7578125,5866.0
74,180,-13.17601203918457,26.950531005859375,24.0
74,181,-13.928787231445312,103.84809112548828,250.0
74,182,-16.522823333740234,62.221824645996094,59.0
74,183,-13.502662658691406,29.243743896484375,15.0
74,184,-38.11209487915039,231.50115966796875,1102.0
74,185,-12.18896770477295,5.704647541046143,26.0
74,186,-4.609772682189941,2.514199733734131,7.0
74,187,-12.435297012329102,501.52252197265625,1100.0
74,188,-13.644043922424316,94.44471740722656,2146.0
74,189,-8.006789207458496,14.424524307250977,25.0
74,190,-24.239904403686523,20.69698715209961,27.0
74,191,-12.538118362426758,12.275724411010742,1562.0
74,192,-13.810090065002441,9.990970611572266,17.0
74,193,-13.395188331604004,28.468467712402344,36.0
74,194,-17.080657958984375,5117.02734375,480.0
74,195,-5.049979209899902,3.5342276096343994,6.0
74,196,-22.4852294921875,276.25030517578125,13797.0
74,197,-11.641956329345703,18.365779876708984,1586.0
74,198,-9.164240837097168,2.500333309173584,39.0
74,199,-10.468172073364258,8.114352226257324,40.0
74,200,-16.592418670654297,3.5834996700286865,64.0
74,201,-9.908982276916504,141.8104248046875,310.0
74,202,-6.841447830200195,30.591550827026367,39.0
74,203,-31.728675842285156,23.875850677490234,700.0
74,204,-6.737255096435547,5.388751983642578,6.0
74,205,-15.038481712341309,20.240718841552734,447.0
74,206,-6.631716251373291,5.248430252075195,46.0
74,207,-11.33675765991211,17.016603469848633,873.0
74,208,-13.992569923400879,106.0796127319336,2914.0
74,209,-26.476089477539062,27.371742248535156,5985.0
74,210,-3.356497287750244,1.9567784070968628,2.0
74,211,-10.53482437133789,33.502098083496094,229.0
74,212,-9.334389686584473,10.314982414245605,15.0
74,213,-15.323795318603516,165.3280487060547,2027.0
74,214,-7.445021629333496,6.431806564331055,37.0
74,215,-32.80741882324219,15.393595695495605,95.0
74,216,-6.663837432861328,5.290746688842773,6.0
74,217,-19.058242797851562,574.0677490234375,867.0
74,218,-9.890637397766113,11.85392951965332,11.0
74,219,-14.724995613098145,39.69594192504883,269.0
74,220,-13.638484954833984,94.26986694335938,2258.0
74,221,-4.974635601043701,2.7045273780822754,3.0
74,222,-22.984027862548828,26.667150497436523,209.0
74,223,-3.516118049621582,3.228569984436035,2.0
74,224,-1.3310660123825073,1.9455270767211914,1.0
74,225,-17.052532196044922,11.428108215332031,109.0
74,226,-10.491386413574219,33.020503997802734,335.0
74,227,-13.890819549560547,32.22378921508789,331.0
74,228,-13.18796157836914,6.579735279083252,133.0
74,229,-17.869789123535156,4.433321475982666,43.0
74,230,-22.631572723388672,9.613394737243652,262.0
74,231,-6.122383117675781,2.774296522140503,3.0
74,232,-0.9965337514877319,1.394000768661499,1.0
74,233,-11.437701225280762,45.26648712158203,156.0
74,234,-14.536969184875488,37.873146057128906,48.0
74,235,-17.393474578857422,77.35216522216797,240.0
74,236,-12.876667022705078,73.12881469726562,34.0
74,237,-21.68000602722168,76.40142822265625,747.0
74,238,-34.2655029296875,17.382404327392578,2167.0
74,239,-7.317807197570801,3.3859498500823975,7.0
74,240,-17.290252685546875,17.844741821289062,1357.0
74,241,-7.623020172119141,12.692442893981934,58.0
74,242,-37.783206939697266,220.8759307861328,1888.0
74,243,-14.296087265014648,7.708303451538086,21.0
74,244,-7.841375350952148,13.650712013244629,10.0
74,245,-9.925969123840332,7.280458450317383,11.0
74,246,-6.794989109039307,5.467094421386719,6.0
74,247,-19.929920196533203,27.70612335205078,88.0
74,248,-10.046769142150879,4.200706481933594,3.0
74,249,-13.758010864257812,15.66771411895752,101.0
74,250,-29.92105484008789,42.10354232788086,1727.0
74,251,-21.271480560302734,70.40725708007812,364.0
74,252,-24.177701950073242,20.536684036254883,62.0
74,253,-32.63032531738281,682.7064208984375,1008.0
74,254,-11.739295959472656,7.07487154006958,5.0
74,255,-17.540447235107422,12.25308895111084,53.0
74,256,-16.291202545166016,58.721187591552734,196.0
74,257,-20.170013427734375,154.85719299316406,540.0
74,258,-5.617379665374756,3.0755257606506348,2.0
74,259,-11.33363151550293,9.647764205932617,251.0
74,260,-8.5413236618042,17.237855911254883,15.0
74,261,-21.749187469482422,6.125328063964844,100.0
74,262,-13.744789123535156,97.6701889038086,95.0
74,263,-15.147144317626953,20.68541717529297,11.0
74,264,-8.028620719909668,14.529874801635742,29.0
74,265,-8.179824829101562,15.280970573425293,50.0
74,266,-9.738000869750977,25.687393188476562,178.0
74,267,-11.979059219360352,19.98065948486328,89.0
74,268,-21.825071334838867,37.9971809387207,74.0
74,269,-1.786780834197998,1.4295450448989868,1.0
74,270,-3.067147970199585,1.8467540740966797,1.0
74,271,-14.89688491821289,11.974915504455566,40.0
74,272,-6.730161190032959,9.425200462341309,4.0
74,273,-9.024476051330566,9.545969009399414,14.0
74,274,-8.663094520568848,8.721345901489258,25.0
74,275,-6.798609256744385,5.472044467926025,21.0
74,276,-13.836000442504883,7.217953681945801,10.0
74,277,-18.420120239257812,99.9859848022461,537.0
74,278,-17.224899291992188,11.713006019592285,119.0
74,279,-10.103251457214355,7.543229579925537,225.0
74,280,-16.848834991455078,8.216172218322754,39.0
74,281,-13.056477546691895,77.64591979980469,61.0
74,282,-6.188283920288086,7.867664813995361,3.0
74,283,-13.302055358886719,84.2693862915039,1011.0
74,284,-10.159734725952148,7.62892484664917,121.0
74,285,-20.529415130615234,6.464402198791504,7.0
74,286,-21.102890014648438,6.810356616973877,9.0
74,287,-2.257859230041504,3.0923447608947754,3.0
74,288,-13.162651062011719,13.908918380737305,792.0
74,289,-30.993858337402344,22.1843204498291,111.0
74,290,-17.590190887451172,81.25137329101562,45.0
74,291,-5.223337650299072,3.690767288208008,5.0
74,292,-8.330791473388672,8.026093482971191,11.0
74,293,-0.8972097635269165,1.251449465751648,1.0
74,294,-18.672346115112305,106.49378204345703,49.0
74,295,-5.862626552581787,18.752241134643555,30.0
74,296,-27.957794189453125,22.340951919555664,196.0
74,297,-20.10263442993164,17.668882369995117,51.0
74,298,-17.524364471435547,33.2772102355957,6824.0
74,299,-18.229515075683594,9088.4306640625,380.0
74,300,-24.99947166442871,268266.40625,5192.0
74,301,-23.6279239654541,13.809061050415039,603.0
74,302,-9.10477352142334,9.739534378051758,7.0
74,303,-14.797324180603027,19.28764533996582,1879.0
76,0,-21.25033950805664,34.5263671875,116.0
76,1,-2.4873485565185547,1.8623462915420532,1.0
76,2,-8.56895637512207,17.39736557006836,3.0
76,3,-8.027619361877441,14.525025367736816,87.0
76,4,-18.561887741088867,14.17809772491455,133.0
76,5,-30.011905670166016,28.06873321533203,123.0
76,6,-38.19709014892578,69.69447326660156,1824.0
76,7,-12.743646621704102,6.175075054168701,104.0
76,8,-5.407723426818848,6.065242290496826,5.0
76,9,-10.709606170654297,8.515783309936523,7.0
76,10,-22.625669479370117,286.1217346191406,1195.0
76,11,-7.552729606628418,4.529202938079834,8.0
76,12,-9.551170349121094,10.889430046081543,7.0
76,13,-7.780439853668213,3.0388872623443604,10.0
76,14,-20.584182739257812,954.6973876953125,289.0
76,15,-6.558176040649414,2.269982099533081,13.0
76,16,-7.23026180267334,6.095589637756348,17.0
76,17,-17.899478912353516,390.1351318359375,213.0
76,18,-20.907039642333984,34666.1796875,1849.0
76,19,-17.164833068847656,11.612930297851562,22.0
76,20,-12.795140266418457,12.923251152038574,26.0
76,21,-11.957298278808594,53.826515197753906,27.0
76,22,-10.99584674835205,9.0175199508667,11.0
76,23,-3.775587558746338,1.7149255275726318,2.0
76,24,-6.705844402313232,9.349112510681152,6.0
76,25,-3.9755117893218994,3.7628273963928223,5.0
76,26,-3.5431644916534424,2.4249022006988525,4.0
76,27,-7.46380615234375,4.44936466217041,18.0
76,28,-9.821279525756836,3.4132330417633057,35.0
76,29,-19.3277530670166,15.817354202270508,32.0
76,30,-5.2280964851379395,2.8451597690582275,4.0
76,31,-10.489493370056152,32.99967956542969,28.0
76,32,-10.031643867492676,12.279252052307129,102.0
76,33,-13.205307006835938,5.210434913635254,43.0
76,34,-9.311908721923828,22.28624153137207,82.0
76,35,-6.05344295501709,7.521867752075195,13.0
76,36,-17.73895835876465,369.8088684082031,455.0
76,37,-22.563697814941406,9.548364639282227,164.0
76,38,-43.63151550292969,52.79948425292969,15155.0
76,39,-11.073678970336914,40.09397888183594,59.0
76,40,-9.56596565246582,24.25578498840332,17.0
76,41,-8.428467750549316,8.224495887756348,10.0
76,42,-9.997523307800293,148.2294921875,159.0
76,43,-39.43921661376953,715.6581420898438,1766.0
76,44,-3.7287120819091797,6.451780319213867,3.0
76,45,-10.486970901489258,5.742120265960693,9.0
76,46,-11.726133346557617,49.834686279296875,92.0
76,47,-5.559624671936035,4.0144734382629395,12.0
76,48,-20.495487213134766,167.98451232910156,3286.0
76,49,-15.683418273925781,5.71218729019165,23.0
76,50,-13.598405838012695,93.01883697509766,1238.0
76,51,-12.65857982635498,68.00129699707031,123.0
76,52,-9.160712242126465,6.247256755828857,52.0
76,53,-5.319077968597412,5.888645648956299,3.0
76,54,-31.39891242980957,187.3824920654297,7776.0
76,55,-19.35518455505371,25.17531967163086,17.0
76,56,-6.354269027709961,8.315237045288086,13.0
76,57,-6.192394733428955,4.702520370483398,3.0
76,58,-8.850921630859375,9.140640258789062,13.0
76,59,-24.58051872253418,33.49856948852539,241.0
76,60,-9.900125503540039,11.882080078125,35.0
76,61,-10.666062355041504,35.00020980834961,19.0
76,62,-24.159576416015625,419.84857177734375,326.0
76,63,-11.235519409179688,4.978228569030762,13.0
76,64,-8.267806053161621,5.225556373596191,9.0
76,65,-4.765776634216309,4.896850109100342,2.0
76,66,-15.715778350830078,13.726061820983887,7.0
76,67,-6.743927955627441,3.8527438640594482,3.0
76,68,-15.461082458496094,6.907690525054932,41.0
76,69,-9.402164459228516,22.966920852661133,14.0
76,70,-5.409147262573242,3.8662567138671875,3.0
76,71,-9.903807640075684,1.8570476770401,60.0
76,72,-14.086572647094727,33.839988708496094,22.0
76,73,-12.596965789794922,23.318370819091797,15.0
76,74,-15.00687026977539,148.75344848632812,396.0
76,75,-8.148402214050293,1.9719709157943726,6.0
76,76,-6.750504970550537,3.8578150272369385,10.0
76,77,-14.627676010131836,18.644201278686523,52.0
76,78,-7.591859817504883,3.5441908836364746,2.0
76,79,-13.516105651855469,3.863643169403076,77.0
76,80,-5.92783260345459,3.272540330886841,11.0
76,81,-9.685647010803223,3.3558526039123535,44.0
76,82,-5.181431293487549,2.8187294006347656,4.0
76,83,-21.780437469482422,7.243031024932861,296.0
76,84,-8.752873420715332,18.497295379638672,83.0
76,85,-4.179220199584961,8.08176326751709,3.0
76,86,-4.375288486480713,4.299201965332031,4.0
76,87,-32.78944396972656,60.26072311401367,284.0
76,88,-13.596386909484863,5.471475601196289,95.0
76,89,-16.250804901123047,25.794490814208984,58.0
76,90,-13.219465255737305,14.067863464355469,196.0
76,91,-15.53857135772705,13.32659912109375,14.0
76,92,-4.727235794067383,4.8343424797058105,1.0
76,93,-6.531067848205566,3.692167043685913,4.0
76,94,-7.121308326721191,4.154789447784424,20.0
76,95,-16.85682487487793,5.396132946014404,259.0
76,96,-10.559106826782227,33.77437210083008,20.0
76,97,-4.486836910247803,4.462067604064941,6.0
76,98,-17.502904891967773,4.909505367279053,21.0
76,99,-16.075523376464844,7.459142208099365,139.0
76,100,-12.957764625549316,6.366878032684326,47.0
76,101,-25.036449432373047,9.738049507141113,261.0
76,102,-19.190052032470703,121.2085952758789,81.0
76,103,-9.219523429870605,21.610395431518555,264.0
76,104,-20.272687911987305,860.5421752929688,19002.0
76,105,-32.40302276611328,25.54144287109375,123.0
76,106,-29.981842041015625,72.46619415283203,549.0
76,107,-9.868607521057129,26.830406188964844,35.0
76,108,-16.88048553466797,29.256366729736328,46.0
76,109,-4.7126007080078125,4.810816764831543,2.0
76,110,-24.55263900756836,463.20037841796875,5901.0
76,111,-7.780367374420166,3.6573100090026855,12.0
76,112,-10.490426063537598,8.150547981262207,20.0
76,113,-9.872761726379395,11.80107307434082,12.0
76,114,-5.459354400634766,3.9150912761688232,6.0
76,115,-15.566978454589844,13.389842987060547,29.0
76,116,-11.243171691894531,6.513401985168457,6.0
76,117,-5.029067516326904,2.05122709274292,4.0
76,118,-13.401777267456055,2.1054794788360596,8.0
76,119,-3.7694716453552246,1.601889729499817,3.0
76,120,-6.4403862953186035,8.557392120361328,6.0
76,121,-11.804134368896484,7.151741027832031,13.0
76,122,-20.076940536499023,6.2038893699646,30.0
76,123,-5.949471473693848,4.425431728363037,2.0
76,124,-14.588180541992188,11.37437915802002,11.0
76,125,-13.943863868713379,32.653953552246094,113.0
76,126,-13.79977035522461,99.47672271728516,1272.0
76,127,-8.561983108520508,17.35697364807129,10.0
76,128,-9.78713607788086,5.109948635101318,11.0
76,129,-20.096342086791992,17.65300750732422,53.0
76,130,-14.087661743164062,1145.7685546875,1638.0
76,131,-13.168367385864258,5.186431884765625,73.0
76,132,-25.58344268798828,71.0871810913086,64.0
76,133,-15.345000267028809,12.903519630432129,31.0
76,134,-18.60621452331543,493.7709045410156,151.0
76,135,-9.135896682739258,96.34623718261719,16.0
76,136,-1.3514318466186523,1.5690608024597168,1.0
76,137,-5.833369731903076,4.298828125,2.0
76,138,-7.855372905731201,3.7033164501190186,2.0
76,139,-15.480308532714844,9.129151344299316,12.0
76,140,-18.2287654876709,38.311614990234375,34.0
76,141,-12.686580657958984,12.645686149597168,51.0
76,142,-5.4064788818359375,3.863678455352783,1.0
76,143,-8.603653907775879,17.599748611450195,76.0
76,144,-9.082828521728516,20.647817611694336,80.0
76,145,-7.533964157104492,6.576423645019531,5.0
76,146,-5.262156009674072,13.888733863830566,4.0
76,147,-6.576663970947266,2.5587618350982666,4.0
76,148,-1.2485944032669067,1.516186237335205,1.0
76,149,-29.275630950927734,349.0190124511719,497.0
76,150,-8.816654205322266,18.89476203918457,8.0
76,151,-13.025733947753906,13.53321361541748,15.0
76,152,-9.682129859924316,25.213428497314453,20.0
76,153,-9.135079383850098,6.2153120040893555,6.0
76,154,-20.926355361938477,187.08982849121094,501.0
76,155,-22.447254180908203,273.6400451660156,68.0
76,156,-12.35328197479248,61.421546936035156,40.0
76,157,-14.523175239562988,126.60325622558594,169.0
76,158,-4.257621765136719,2.8991146087646484,3.0
76,159,-11.347258567810059,291.0890808105469,590.0
76,160,-8.763704299926758,18.564197540283203,17.0
76,161,-13.627360343933105,9.69128131866455,36.0
76,162,-13.581273078918457,4.522343158721924,36.0
76,163,-5.470237731933594,6.192956447601318,6.0
76,164,-8.754984855651855,18.510316848754883,8.0
76,165,-17.514101028442383,18.523067474365234,46.0
76,166,-16.498268127441406,2.116833448410034,8.0
76,167,-15.099981307983398,8.64637565612793,13.0
76,168,-3.4628820419311523,1.9988588094711304,2.0
76,169,-9.753210067749023,11.453581809997559,12.0
76,170,-22.77312469482422,44.50140380859375,57.0
76,171,-17.879091262817383,35.723838806152344,61.0
76,172,-11.957258224487305,7.336606979370117,12.0
76,173,-12.93887996673584,13.300158500671387,502.0
76,174,-16.01378631591797,9.852090835571289,19.0
76,175,-25.56378936767578,166.1278533935547,188.0
76,176,-14.430707931518555,11.079737663269043,25.0
76,177,-12.829680442810059,2.126945972442627,8.0
76,178,-26.609210968017578,5.894073486328125,20.0
76,179,-14.672880172729492,1535.237060546875,5972.0
76,180,-13.10626220703125,26.484657287597656,22.0
76,181,-13.943070411682129,104.34370422363281,252.0
76,182,-16.474355697631836,61.472434997558594,60.0
76,183,-13.51275634765625,29.317630767822266,15.0
76,184,-38.176422119140625,233.63836669921875,1092.0
76,185,-12.154204368591309,5.676387310028076,26.0
76,186,-4.526547908782959,2.4726972579956055,7.0
76,187,-12.410698890686035,495.39202880859375,1092.0
76,188,-13.65179443359375,94.68902587890625,2155.0
76,189,-8.007704734802246,14.428927421569824,26.0
76,190,-24.288909912109375,20.82415771484375,27.0
76,191,-12.44039249420166,12.03812313079834,1513.0
76,192,-13.847134590148926,10.052846908569336,17.0
76,193,-13.432723045349121,28.736865997314453,37.0
76,194,-17.07634735107422,5106.01025390625,466.0
76,195,-5.049607276916504,3.5338990688323975,6.0
76,196,-22.346036911010742,266.8026428222656,13497.0
76,197,-11.581911087036133,18.092144012451172,1544.0
76,198,-9.100923538208008,2.4845519065856934,37.0
76,199,-10.414022445678711,8.026948928833008,38.0
76,200,-16.59554672241211,3.584362268447876,63.0
76,201,-9.84114933013916,137.0813751220703,304.0
76,202,-6.879920482635498,31.18571662902832,41.0
76,203,-31.781017303466797,24.001150131225586,708.0
76,204,-6.742317199707031,5.395576000213623,6.0
76,205,-15.03591251373291,20.230321884155273,444.0
76,206,-6.673911094665527,5.3040876388549805,46.0
76,207,-11.285942077636719,16.801790237426758,857.0
76,208,-13.979089736938477,105.60404205322266,2885.0
76,209,-26.51718521118164,27.512712478637695,6172.0
76,210,-3.4097158908843994,1.9777171611785889,2.0
76,211,-10.492974281311035,33.037986755371094,220.0
76,212,-9.357837677001953,10.375626564025879,15.0
76,213,-15.152441024780273,156.14947509765625,1999.0
76,214,-7.398195266723633,6.356950759887695,37.0
76,215,-32.996788024902344,15.638443946838379,103.0
76,216,-6.727983474731445,5.376275539398193,6.0
76,217,-19.088245391845703,579.837890625,873.0
76,218,-9.73991870880127,11.415587425231934,11.0
76,219,-14.728233337402344,39.728084564208984,270.0
76,220,-13.633759498596191,94.12152099609375,2237.0
76,221,-4.942248344421387,2.687065601348877,3.0
76,222,-22.990333557128906,26.69118881225586,205.0
76,223,-3.4531116485595703,3.161470413208008,2.0
76,224,-1.3195223808288574,1.9343303442001343,1.0
76,225,-17.078691482543945,11.470897674560547,110.0
76,226,-10.47864818572998,32.88059616088867,343.0
76,227,-13.907266616821289,32.3565559387207,333.0
76,228,-13.120465278625488,6.51659631729126,125.0
76,229,-17.866897583007812,4.432253837585449,44.0
76,230,-22.713199615478516,9.692184448242188,266.0
76,231,-6.116092681884766,2.7713892459869385,3.0
76,232,-1.0010550022125244,1.3961032629013062,1.0
76,233,-11.480271339416504,45.91341018676758,159.0
76,234,-14.497137069702148,37.49787521362305,48.0
76,235,-17.358596801757812,76.68063354492188,238.0
76,236,-12.989962577819824,75.9433364868164,39.0
76,237,-22.876941680908203,97.06573486328125,742.0
76,238,-34.19315719604492,17.27792739868164,2193.0
76,239,-7.329109191894531,3.392333745956421,6.0
76,240,-17.260540008544922,17.756587982177734,1351.0
76,241,-7.610779285430908,12.64076042175293,58.0
76,242,-37.850181579589844,222.99935913085938,1867.0
76,243,-14.198406219482422,7.601485252380371,21.0
76,244,-7.789252281188965,13.415589332580566,10.0
76,245,-9.87893295288086,7.212290287017822,10.0
76,246,-6.813096046447754,5.491898536682129,6.0
76,247,-19.992164611816406,27.995044708251953,86.0
76,248,-10.079500198364258,4.220395088195801,3.0
76,249,-13.858129501342773,15.984604835510254,105.0
76,250,-29.993785858154297,42.48806381225586,1741.0
76,251,-21.24901580810547,70.09160614013672,357.0
76,252,-24.200550079345703,20.595420837402344,66.0
76,253,-32.61927795410156,681.1997680664062,1008.0
76,254,-11.74490737915039,7.081491947174072,5.0
76,255,-17.68573760986328,12.510068893432617,54.0
76,256,-16.303985595703125,58.90914535522461,198.0
76,257,-20.191864013671875,155.7054443359375,546.0
76,258,-5.541590690612793,3.029258966445923,2.0
76,259,-11.539549827575684,10.053390502929688,262.0
76,260,-8.551353454589844,17.295583724975586,15.0
76,261,-21.856340408325195,6.180268287658691,102.0
76,262,-13.743476867675781,97.62749481201172,95.0
76,263,-15.070984840393066,20.372722625732422,10.0
76,264,-8.122762680053711,14.993061065673828,29.0
76,265,-8.179732322692871,15.280500411987305,52.0
76,266,-9.704816818237305,25.40481948852539,174.0
76,267,-12.04549789428711,20.3153018951416,90.0
76,268,-21.76174545288086,37.5982551574707,75.0
76,269,-1.7874891757965088,1.429747462272644,1.0
76,270,-2.993116855621338,1.8196122646331787,1.0
76,271,-14.886192321777344,11.953596115112305,41.0
76,272,-6.722894668579102,9.402399063110352,4.0
76,273,-9.00894546508789,9.508977890014648,14.0
76,274,-8.606460571289062,8.598735809326172,24.0
76,275,-6.766358375549316,5.428102493286133,21.0
76,276,-13.827825546264648,7.209529399871826,10.0
76,277,-18.461591720581055,101.02802276611328,583.0
76,278,-17.284147262573242,11.812566757202148,117.0
76,279,-10.048359870910645,7.460869312286377,226.0
76,280,-16.82632827758789,8.193089485168457,38.0
76,281,-13.003607749938965,76.28955841064453,60.0
76,282,-6.179739952087402,7.845290184020996,3.0
76,283,-13.362261772155762,85.97764587402344,1030.0
76,284,-10.267243385314941,7.794736385345459,126.0
76,285,-20.50088882446289,6.447659492492676,8.0
76,286,-21.16707992553711,6.850215435028076,9.0
76,287,-2.265316963195801,3.1038973331451416,3.0
76,288,-13.117317199707031,13.783378601074219,792.0
76,289,-31.01658821105957,22.234804153442383,111.0
76,290,-17.607755661010742,81.60894775390625,47.0
76,291,-5.2192301750183105,3.6869795322418213,5.0
76,292,-8.33545970916748,8.035465240478516,11.0
76,293,-0.8989664912223816,1.2519991397857666,1.0
76,294,-18.727970123291016,107.98502349853516,52.0
76,295,-5.862135410308838,18.747634887695312,30.0
76,296,-27.943191528320312,22.30473518371582,197.0
76,297,-20.216217041015625,17.957916259765625,52.0
76,298,-17.555986404418945,33.48834228515625,6672.0
76,299,-18.17291831970215,8834.84765625,377.0
76,300,-25.122203826904297,285244.5,5183.0
76,301,-23.862659454345703,14.17396068572998,629.0
76,302,-9.125268936157227,9.789566993713379,7.0
76,303,-14.730435371398926,19.031341552734375,1874.0
78,0,-21.08566665649414,33.59165573120117,115.0
78,1,-2.5117156505584717,1.8737258911132812,1.0
78,2,-8.510161399841309,17.05972671508789,3.0
78,3,-8.077119827270508,14.766679763793945,87.0
78,4,-18.529563903808594,14.112778663635254,135.0
78,5,-29.929012298583984,27.8113956451416,123.0
78,6,-38.12021255493164,69.10167694091797,1830.0
78,7,-12.761238098144531,6.190612316131592,104.0
78,8,-5.421627521514893,6.093418121337891,5.0
78,9,-10.73752498626709,8.56346607208252,7.0
78,10,-22.828475952148438,301.00262451171875,1290.0
78,11,-7.5171942710876465,4.497127532958984,8.0
78,12,-9.53442668914795,10.843942642211914,7.0
78,13,-7.920939922332764,3.1004981994628906,10.0
78,14,-20.545936584472656,942.6034545898438,293.0
78,15,-6.614497661590576,2.286019802093506,13.0
78,16,-7.289470195770264,6.186487674713135,17.0
78,17,-17.819055557250977,379.8154296875,217.0
78,18,-20.836986541748047,33472.96484375,1830.0
78,19,-17.155378341674805,11.59725284576416,22.0
78,20,-12.784886360168457,12.896774291992188,28.0
78,21,-12.011808395385742,54.8134880065918,26.0
78,22,-10.978893280029297,8.986995697021484,11.0
78,23,-3.759427070617676,1.7109708786010742,2.0
78,24,-6.674586296081543,9.252206802368164,6.0
78,25,-3.9640581607818604,3.748488664627075,5.0
78,26,-3.5885214805603027,2.4525551795959473,4.0
78,27,-7.491438865661621,4.474021911621094,20.0
78,28,-9.78305435180664,3.396962881088257,35.0
78,29,-19.319095611572266,15.797801971435547,33.0
78,30,-5.262627601623535,2.864877223968506,4.0
78,31,-10.528847694396973,33.4354248046875,29.0
78,32,-10.01268196105957,12.221179962158203,101.0
78,33,-13.303913116455078,5.275055408477783,43.0
78,34,-9.330552101135254,22.425168991088867,82.0
78,35,-6.091945171356201,7.619025230407715,13.0
78,36,-17.642684936523438,358.129638671875,440.0
78,37,-22.689598083496094,9.669336318969727,163.0
78,38,-43.65657043457031,52.91987991333008,15142.0
78,39,-11.073345184326172,40.08952713012695,59.0
78,40,-9.521008491516113,23.895009994506836,17.0
78,41,-8.408791542053223,8.184137344360352,10.0
78,42,-10.018274307250977,149.7754364013672,160.0
78,43,-39.3056640625,699.9044799804688,1713.0
78,44,-3.7163538932800293,6.412036895751953,3.0
78,45,-10.526084899902344,5.779675006866455,11.0
78,46,-11.7439546585083,50.1316032409668,98.0
78,47,-5.580390930175781,4.035369396209717,13.0
78,48,-20.647666931152344,174.4986114501953,3329.0
78,49,-15.6952486038208,5.719701290130615,23.0
78,50,-13.61653995513916,93.5827865600586,1235.0
78,51,-12.648345947265625,67.76972198486328,123.0
78,52,-9.138660430908203,6.2197651863098145,51.0
78,53,-5.333608150482178,5.917235374450684,3.0
78,54,-31.480894088745117,189.9604034423828,7769.0
78,55,-19.332359313964844,25.079729080200195,17.0
78,56,-6.349466800689697,8.3019380569458,13.0
78,57,-6.196444511413574,4.707284450531006,3.0
78,58,-8.824563980102539,9.080606460571289,13.0
78,59,-24.5689640045166,33.44331741333008,240.0
78,60,-9.87540054321289,11.808860778808594,36.0
78,61,-10.675418853759766,35.10953903198242,19.0
78,62,-24.12366485595703,416.0960998535156,320.0
78,63,-11.214881896972656,4.963573932647705,13.0
78,64,-8.222504615783691,5.178424835205078,9.0
78,65,-4.712658882141113,4.810909748077393,2.0
78,66,-15.688102722167969,13.662896156311035,7.0
78,67,-6.760328769683838,3.8654024600982666,3.0
78,68,-15.438390731811523,6.888124942779541,41.0
78,69,-9.44978141784668,23.33436393737793,15.0
78,70,-5.443387985229492,3.8994946479797363,3.0
78,71,-9.860326766967773,1.8520079851150513,61.0
78,72,-14.06274127960205,33.638973236083984,22.0
78,73,-12.583871841430664,23.242162704467773,15.0
78,74,-14.946796417236328,145.8043212890625,371.0
78,75,-8.192654609680176,1.979256272315979,6.0
78,76,-6.726065158843994,3.8390042781829834,10.0
78,77,-14.592350006103516,18.512939453125,52.0
78,78,-7.597785949707031,3.5476937294006348,2.0
78,79,-13.559209823608398,3.8803329467773438,79.0
78,80,-5.925017356872559,3.270698308944702,11.0
78,81,-9.614084243774414,3.325967311859131,43.0
78,82,-5.153444290161133,2.8029961585998535,4.0
78,83,-21.784122467041016,7.245458126068115,293.0
78,84,-8.686419486999512,18.092060089111328,81.0
78,85,-4.232975006103516,8.301925659179688,3.0
78,86,-4.363933563232422,4.282960891723633,4.0
78,87,-32.8449821472168,60.680519104003906,290.0
78,88,-13.564435958862305,5.449666976928711,97.0
78,89,-16.283748626708984,25.965003967285156,58.0
78,90,-13.278740882873535,14.235631942749023,203.0
78,91,-15.559000968933105,13.372052192687988,15.0
78,92,-4.772121429443359,4.907217979431152,1.0
78,93,-6.531347274780273,3.692373037338257,4.0
78,94,-7.147054672241211,4.176238536834717,20.0
78,95,-16.807579040527344,5.369624137878418,252.0
78,96,-10.588977813720703,34.112342834472656,20.0
78,97,-4.485018253326416,4.4593634605407715,6.0
78,98,-17.420520782470703,4.872873306274414,20.0
78,99,-16.02631950378418,7.413405895233154,131.0
78,100,-12.985858917236328,6.392482757568359,47.0
78,101,-25.03406524658203,9.735939025878906,263.0
78,102,-19.184547424316406,121.04191589355469,82.0
78,103,-9.198955535888672,21.46274185180664,267.0
78,104,-20.236732482910156,850.2899169921875,18977.0
78,105,-32.49517059326172,25.77788543701172,121.0
78,106,-29.999286651611328,72.64703369140625,546.0
78,107,-9.888351440429688,27.007566452026367,35.0
78,108,-16.823020935058594,28.92205047607422,45.0
78,109,-4.6921000480651855,4.7780537605285645,2.0
78,110,-24.475223541259766,454.3218688964844,5990.0
78,111,-7.727109909057617,3.624990463256836,11.0
78,112,-10.52834415435791,8.212594032287598,20.0
78,113,-9.847967147827148,11.728148460388184,12.0
78,114,-5.482583999633789,3.9378936290740967,6.0
78,115,-15.707496643066406,13.70712947845459,30.0
78,116,-11.094670295715332,6.354172706604004,6.0
78,117,-4.982370376586914,2.0375888347625732,4.0
78,118,-13.500017166137695,2.117002010345459,8.0
78,119,-3.7581214904785156,1.5996185541152954,3.0
78,120,-6.444018363952637,8.567758560180664,6.0
78,121,-11.850852966308594,7.207643985748291,13.0
78,122,-19.992385864257812,6.156384468078613,29.0
78,123,-5.8773698806762695,4.346376419067383,2.0
78,124,-14.595640182495117,11.388529777526855,11.0
78,125,-13.97540283203125,32.91244125366211,112.0
78,126,-13.741010665893555,97.5472640991211,1245.0
78,127,-8.497201919555664,16.986188888549805,10.0
78,128,-9.748184204101562,5.076882362365723,11.0
78,129,-20.130268096923828,17.738771438598633,53.0
78,130,-14.20022201538086,1212.1015625,1780.0
78,131,-13.143775939941406,5.170513153076172,72.0
78,132,-25.6518611907959,71.90242767333984,63.0
78,133,-15.343964576721191,12.90129280090332,32.0
78,134,-18.62237548828125,496.4379577636719,150.0
78,135,-9.162476539611816,97.63522338867188,16.0
78,136,-1.3338326215744019,1.5598831176757812,1.0
78,137,-5.787664413452148,4.249988079071045,2.0
78,138,-7.854788780212402,3.702956199645996,2.0
78,139,-15.597904205322266,9.283809661865234,14.0
78,140,-18.25103759765625,38.4826545715332,34.0
78,141,-12.721506118774414,12.73432731628418,51.0
78,142,-5.405459880828857,3.862694501876831,1.0
78,143,-8.559710502624512,17.34383201599121,75.0
78,144,-9.081403732299805,20.63801383972168,80.0
78,145,-7.530643463134766,6.5709662437438965,5.0
78,146,-5.243744373321533,13.76146411895752,4.0
78,147,-6.557971954345703,2.551938056945801,4.0
78,148,-1.2530561685562134,1.5184428691864014,1.0
78,149,-29.165180206298828,341.3935546875,490.0
78,150,-8.80767822265625,18.838315963745117,8.0
78,151,-13.004423141479492,13.475654602050781,15.0
78,152,-9.66683292388916,25.085189819335938,20.0
78,153,-9.137452125549316,6.218262672424316,6.0
78,154,-20.924671173095703,187.0110626220703,512.0
78,155,-22.44116973876953,273.22412109375,68.0
78,156,-12.420650482177734,62.81644058227539,41.0
78,157,-14.421991348266602,122.4044418334961,163.0
78,158,-4.303958415985107,2.932893753051758,3.0
78,159,-11.289340019226074,282.7802429199219,570.0
78,160,-8.745586395263672,18.45241928100586,17.0
78,161,-13.669332504272461,9.759313583374023,35.0
78,162,-13.643783569335938,4.553863525390625,36.0
78,163,-5.445428848266602,6.14195442199707,6.0
78,164,-8.741788864135742,18.4290771484375,8.0
78,165,-17.665729522705078,18.99713706970215,54.0
78,166,-16.38022804260254,2.10550594329834,8.0
78,167,-15.044530868530273,8.578154563903809,13.0
78,168,-3.432042121887207,1.986567735671997,2.0
78,169,-9.65950870513916,11.188395500183105,11.0
78,170,-22.801130294799805,44.709598541259766,57.0
78,171,-17.863937377929688,35.6157341003418,65.0
78,172,-11.967772483825684,7.3494744300842285,12.0
78,173,-12.945181846618652,13.316933631896973,507.0
78,174,-16.082237243652344,9.948904037475586,19.0
78,175,-25.46711540222168,162.9466552734375,184.0
78,176,-14.41186809539795,11.045002937316895,25.0
78,177,-12.88638687133789,2.1340525150299072,8.0
78,178,-26.843544006347656,5.986875534057617,20.0
78,179,-14.672348022460938,1534.82861328125,5988.0
78,180,-13.145421981811523,26.745214462280273,23.0
78,181,-13.985963821411133,105.84627532958984,258.0
78,182,-16.48642349243164,61.65817642211914,62.0
78,183,-13.467853546142578,28.9903621673584,15.0
78,184,-38.26122283935547,236.48599243164062,1101.0
78,185,-12.215889930725098,5.726629257202148,26.0
78,186,-4.557070255279541,2.487837791442871,7.0
78,187,-12.398473739624023,492.3731689453125,1083.0
78,188,-13.701081275939941,96.25751495361328,2179.0
78,189,-8.017314910888672,14.47522258758545,24.0
78,190,-24.22752571105957,20.66498565673828,27.0
78,191,-12.504988670349121,12.194655418395996,1525.0
78,192,-13.788619995117188,9.955282211303711,17.0
78,193,-13.402965545654297,28.523874282836914,37.0
78,194,-17.127471923828125,5238.21435546875,488.0
78,195,-5.025046348571777,3.5122663974761963,6.0
78,196,-22.373615264892578,268.64849853515625,13521.0
78,197,-11.573969841003418,18.056259155273438,1532.0
78,198,-9.14167594909668,2.4946978092193604,38.0
78,199,-10.508684158325195,8.180365562438965,41.0
78,200,-16.644824981689453,3.597975015640259,64.0
78,201,-9.937064170837402,143.8156280517578,308.0
78,202,-6.8331451416015625,30.464818954467773,40.0
78,203,-31.750717163085938,23.92853546142578,697.0
78,204,-6.724733352661133,5.371909141540527,5.0
78,205,-15.036798477172852,20.233905792236328,442.0
78,206,-6.7876152992248535,5.457025051116943,50.0
78,207,-11.179720878601074,16.361488342285156,801.0
78,208,-13.997807502746582,106.26500701904297,2922.0
78,209,-26.557302474975586,27.651025772094727,6149.0
78,210,-3.3832130432128906,1.967261791229248,2.0
78,211,-10.545614242553711,33.62281036376953,224.0
78,212,-9.39309310913086,10.467479705810547,15.0
78,213,-15.24698257446289,161.14866638183594,2041.0
78,214,-7.439168930053711,6.422402381896973,38.0
78,215,-32.88935089111328,15.499056816101074,106.0
78,216,-6.65611457824707,5.28054141998291,6.0
78,217,-19.050447463989258,572.578125,870.0
78,218,-9.874040603637695,11.80484676361084,11.0
78,219,-14.8430757522583,40.885231018066406,287.0
78,220,-13.645512580871582,94.49097442626953,2221.0
78,221,-4.967655658721924,2.700754404067993,3.0
78,222,-23.077152252197266,27.024288177490234,201.0
78,223,-3.4913382530212402,3.202012062072754,2.0
78,224,-1.3161835670471191,1.9311038255691528,1.0
78,225,-17.07965087890625,11.4724702835083,104.0
78,226,-10.558371543884277,33.766090393066406,345.0
78,227,-13.835474014282227,31.780996322631836,328.0
78,228,-13.19383430480957,6.585257530212402,131.0
78,229,-17.784204483032227,4.401815414428711,42.0
78,230,-22.948850631713867,9.923296928405762,282.0
78,231,-6.142482280731201,2.7836055755615234,3.0
78,232,-0.9986161589622498,1.3949687480926514,1.0
78,233,-11.460057258605957,45.60507583618164,157.0
78,234,-14.571250915527344,38.199127197265625,48.0
78,235,-17.31144142150879,75.78196716308594,237.0
78,236,-12.977371215820312,75.6252670288086,39.0
78,237,-22.389076232910156,88.04209899902344,731.0
78,238,-34.21282196044922,17.306264877319336,2204.0
78,239,-7.325160980224609,3.3901023864746094,6.0
78,240,-17.273897171020508,17.796161651611328,1339.0
78,241,-7.606706619262695,12.623610496520996,58.0
78,242,-37.715858459472656,218.7610321044922,1937.0
78,243,-14.231917381286621,7.637964725494385,21.0
78,244,-7.812074661254883,13.518036842346191,10.0
78,245,-9.86855411529541,7.1973347663879395,10.0
78,246,-6.799317836761475,5.473013877868652,6.0
78,247,-19.881484985351562,27.483360290527344,85.0
78,248,-10.138219833374023,4.255946636199951,3.0
78,249,-13.792289733886719,15.775497436523438,103.0
78,250,-29.903076171875,42.00902557373047,1723.0
78,251,-21.258163452148438,70.21996307373047,353.0
78,252,-24.303569793701172,20.86235237121582,70.0
78,253,-32.576454162597656,675.3903198242188,988.0
78,254,-11.773687362670898,7.115540981292725,5.0
78,255,-17.622180938720703,12.396998405456543,55.0
78,256,-16.261577606201172,58.28789520263672,195.0
78,257,-20.25130844116211,158.0366668701172,542.0
78,258,-5.576005458831787,3.0501816272735596,2.0
78,259,-11.398731231689453,9.774200439453125,259.0
78,260,-8.52066421508789,17.11955451965332,15.0
78,261,-21.79096221923828,6.146689414978027,100.0
78,262,-13.738838195800781,97.47663879394531,93.0
78,263,-15.130515098571777,20.61673355102539,10.0
78,264,-8.050559997558594,14.63652515411377,29.0
78,265,-8.239239692687988,15.586626052856445,52.0
78,266,-9.7227144241333,25.556835174560547,175.0
78,267,-12.019144058227539,20.181896209716797,90.0
78,268,-21.7667293548584,37.62950134277344,74.0
78,269,-1.7422269582748413,1.416863203048706,1.0
78,270,-3.032999038696289,1.8341842889785767,1.0
78,271,-14.857358932495117,11.896289825439453,40.0
78,272,-6.686769485473633,9.289856910705566,4.0
78,273,-9.030617713928223,9.560637474060059,14.0
78,274,-8.583723068237305,8.549995422363281,22.0
78,275,-6.732726573944092,5.382654666900635,21.0
78,276,-13.86351203918457,7.246378421783447,10.0
78,277,-18.36846160888672,98.7030029296875,538.0
78,278,-17.342952728271484,11.91221809387207,118.0
78,279,-10.067749977111816,7.489859580993652,224.0
78,280,-16.855194091796875,8.222704887390137,38.0
78,281,-12.993392944335938,76.03022766113281,57.0
78,282,-6.19488525390625,7.884995937347412,3.0
78,283,-13.352224349975586,85.69044494628906,1043.0
78,284,-10.136847496032715,7.594083309173584,122.0
78,285,-20.68056869506836,6.553843975067139,8.0
78,286,-21.027494430541992,6.763837814331055,9.0
78,287,-2.2288317680358887,3.0477874279022217,2.0
78,288,-13.133833885192871,13.828984260559082,798.0
78,289,-30.94095230102539,22.067264556884766,115.0
78,290,-17.648941040039062,82.45355987548828,46.0
78,291,-5.1702961921691895,3.6421494483947754,5.0
78,292,-8.307693481445312,7.979879856109619,11.0
78,293,-0.8996937870979309,1.2522268295288086,1.0
78,294,-18.718477249145508,107.72905731201172,53.0
78,295,-5.9527459144592285,19.61653709411621,30.0
78,296,-27.873275756835938,22.13213539123535,195.0
78,297,-20.12512969970703,17.725753784179688,51.0
78,298,-17.606094360351562,33.82563018798828,6717.0
78,299,-18.162309646606445,8788.1083984375,372.0
78,300,-25.090740203857422,280792.1875,5048.0
78,301,-23.739185333251953,13.980831146240234,613.0
78,302,-9.143547058105469,9.834403038024902,7.0
78,303,-14.700007438659668,18.915874481201172,1870.0
80,0,-21.16101837158203,34.01618576049805,113.0
80,1,-2.5136752128601074,1.874644160270691,1.0
80,2,-8.512239456176758,17.07154655456543,3.0
80,3,-8.060864448547363,14.686882972717285,88.0
80,4,-18.484018325805664,14.021249771118164,135.0
80,5,-29.994905471801758,28.015762329101562,125.0
80,6,-38.037052154541016,68.46614074707031,1797.0
80,7,-12.747913360595703,6.178839683532715,104.0
80,8,-5.353569984436035,5.956739902496338,5.0
80,9,-10.731308937072754,8.552825927734375,7.0
80,10,-22.662364959716797,288.7586669921875,1184.0
80,11,-7.561456203460693,4.537114143371582,8.0
80,12,-9.433125495910645,10.572765350341797,7.0
80,13,-7.731130599975586,3.0175561904907227,8.0
80,14,-20.610837936401367,963.2175903320312,299.0
80,15,-6.57309627532959,2.2742197513580322,14.0
80,16,-7.300875663757324,6.204153060913086,17.0
80,17,-17.74870491027832,371.01220703125,197.0
80,18,-20.87928009033203,34188.34375,1852.0
80,19,-17.175125122070312,11.630014419555664,22.0
80,20,-12.869598388671875,13.117140769958496,28.0
80,21,-12.0418119430542,55.364437103271484,27.0
80,22,-10.932493209838867,8.903982162475586,11.0
80,23,-3.7656397819519043,1.7124900817871094,2.0
80,24,-6.668760299682617,9.234256744384766,6.0
80,25,-3.9362308979034424,3.713879108428955,5.0
80,26,-3.5798938274383545,2.4472708702087402,4.0
80,27,-7.519639015197754,4.499327182769775,18.0
80,28,-9.732269287109375,3.375466823577881,35.0
80,29,-19.285451889038086,15.722054481506348,33.0
80,30,-5.240981578826904,2.852501392364502,4.0
80,31,-10.5861234664917,34.07990264892578,30.0
80,32,-10.039820671081543,12.304378509521484,102.0
80,33,-13.30069637298584,5.272934913635254,43.0
80,34,-9.388211250305176,22.860347747802734,83.0
80,35,-6.0944671630859375,7.625433444976807,13.0
80,36,-17.667518615722656,361.1065368652344,451.0
80,37,-22.682735443115234,9.662704467773438,166.0
80,38,-43.545894622802734,52.39009475708008,15074.0
80,39,-11.085878372192383,40.257354736328125,59.0
80,40,-9.561826705932617,24.222347259521484,16.0
80,41,-8.439727783203125,8.2476806640625,10.0
80,42,-9.941778182983398,144.15499877929688,155.0
80,43,-39.486427307128906,721.3117065429688,1772.0
80,44,-3.7430481910705566,6.498193264007568,3.0
80,45,-10.551414489746094,5.804126739501953,10.0
80,46,-11.61736011505127,48.06015396118164,92.0
80,47,-5.595815181732178,4.050959587097168,13.0
80,48,-20.389781951904297,163.6034393310547,3216.0
80,49,-15.683143615722656,5.712013244628906,23.0
80,50,-13.636225700378418,94.19892120361328,1240.0
80,51,-12.706738471984863,69.10171508789062,124.0
80,52,-9.141176223754883,6.222895622253418,53.0
80,53,-5.3213605880737305,5.893127918243408,3.0
80,54,-31.407508850097656,187.65118408203125,7962.0
80,55,-19.42571258544922,25.472990036010742,17.0
80,56,-6.396980285644531,8.434470176696777,13.0
80,57,-6.172961235046387,4.679729461669922,3.0
80,58,-8.85681438446045,9.154115676879883,13.0
80,59,-24.614845275878906,33.66324234008789,246.0
80,60,-9.982526779174805,12.129393577575684,43.0
80,61,-10.698843002319336,35.3847541809082,19.0
80,62,-24.178340911865234,421.82275390625,325.0
80,63,-11.176353454589844,4.936328887939453,13.0
80,64,-8.234689712524414,5.1910600662231445,9.0
80,65,-4.738181114196777,4.85201358795166,2.0
80,66,-15.687335968017578,13.661150932312012,7.0
80,67,-6.787067413330078,3.8861289024353027,3.0
80,68,-15.510580062866211,6.950562477111816,41.0
80,69,-9.449740409851074,23.334047317504883,15.0
80,70,-5.48854923248291,3.94377064704895,3.0
80,71,-9.878125190734863,1.8540692329406738,63.0
80,72,-14.079282760620117,33.77837371826172,21.0
80,73,-12.590935707092285,23.28324317932129,15.0
80,74,-14.995796203613281,148.205322265625,391.0
80,75,-8.19688892364502,1.9799549579620361,6.0
80,76,-6.694714546203613,3.8150084018707275,10.0
80,77,-14.6028470993042,18.551849365234375,52.0
80,78,-7.6377410888671875,3.571397066116333,2.0
80,79,-13.486888885498047,3.8523712158203125,79.0
80,80,-5.935741424560547,3.2777209281921387,11.0
80,81,-9.641088485717773,3.3372130393981934,43.0
80,82,-5.224451065063477,2.8430862426757812,4.0
80,83,-21.835044860839844,7.279077053070068,295.0
80,84,-8.723028182983398,18.314186096191406,82.0
80,85,-4.246936321258545,8.360081672668457,3.0
80,86,-4.359896183013916,4.277200698852539,4.0
80,87,-32.852455139160156,60.73722839355469,298.0
80,88,-13.600078582763672,5.474001407623291,96.0
80,89,-16.291500091552734,26.005292892456055,58.0
80,90,-13.302360534667969,14.303040504455566,202.0
80,91,-15.63056468963623,13.532500267028809,15.0
80,92,-4.783958911895752,4.926619052886963,1.0
80,93,-6.50437068939209,3.6725053787231445,4.0
80,94,-7.190967082977295,4.213078022003174,20.0
80,95,-16.802797317504883,5.367056846618652,250.0
80,96,-10.5147123336792,33.27825164794922,20.0
80,97,-4.506703853607178,4.491714954376221,6.0
80,98,-17.412761688232422,4.869437217712402,21.0
80,99,-15.99856185913086,7.387728214263916,137.0
80,100,-12.941230773925781,6.351857662200928,47.0
80,101,-25.024675369262695,9.727632522583008,260.0
80,102,-19.2083740234375,121.76506805419922,81.0
80,103,-9.224580764770508,21.64685821533203,273.0
80,104,-20.243221282958984,852.1309814453125,19373.0
80,105,-32.27496337890625,25.216447830200195,122.0
80,106,-29.97592544555664,72.40498352050781,545.0
80,107,-9.866698265075684,26.813337326049805,35.0
80,108,-16.854110717773438,29.102445602416992,45.0
80,109,-4.728490829467773,4.836366176605225,2.0
80,110,-24.450584411621094,451.5319519042969,5732.0
80,111,-7.820913314819336,3.682108163833618,11.0
80,112,-10.565223693847656,8.273392677307129,20.0
80,113,-9.87268352508545,11.80084228515625,12.0
80,114,-5.492325305938721,3.947495460510254,6.0
80,115,-15.74399471282959,13.790763854980469,30.0
80,116,-11.185819625854492,6.451438903808594,7.0
80,117,-4.9372453689575195,2.024495840072632,4.0
80,118,-13.3892822265625,2.104018449783325,8.0
80,119,-3.745002269744873,1.5969974994659424,3.0
80,120,-6.458303451538086,8.60865306854248,6.0
80,121,-11.74351692199707,7.079851150512695,13.0
80,122,-20.04106903076172,6.183691501617432,29.0
80,123,-5.87674617767334,4.345698833465576,2.0
80,124,-14.548639297485352,11.299666404724121,11.0
80,125,-13.97235107421875,32.8873405456543,117.0
80,126,-13.740036010742188,97.51554870605469,1235.0
80,127,-8.49178695678711,16.95555877685547,10.0
80,128,-9.782646179199219,5.10612678527832,11.0
80,129,-20.068256378173828,17.582317352294922,53.0
80,130,-14.018026351928711,1106.56201171875,1604.0
80,131,-13.252880096435547,5.241512298583984,72.0
80,132,-25.591510772705078,71.18283081054688,62.0
80,133,-15.320341110229492,12.850598335266113,34.0
80,134,-18.557201385498047,485.769287109375,149.0
80,135,-9.178365707397461,98.41397857666016,16.0
80,136,-1.3446177244186401,1.5655009746551514,1.0
80,137,-5.801507949829102,4.2647223472595215,2.0
80,138,-7.832821846008301,3.6894240379333496,2.0
80,139,-15.533336639404297,9.198570251464844,12.0
80,140,-18.322734832763672,39.03844451904297,34.0
80,141,-12.722752571105957,12.737500190734863,50.0
80,142,-5.420613765716553,3.8773558139801025,1.0
80,143,-8.601820945739746,17.58899688720703,75.0
80,144,-9.11913013458252,20.89918327331543,82.0
80,145,-7.480184078216553,6.488595485687256,5.0
80,146,-5.302518844604492,14.171875953674316,4.0
80,147,-6.606755256652832,2.5697848796844482,4.0
80,148,-1.2506129741668701,1.5172067880630493,1.0
80,149,-29.145885467529297,340.0786437988281,480.0
80,150,-8.826533317565918,18.95708656311035,8.0
80,151,-13.00631332397461,13.480748176574707,15.0
80,152,-9.723774909973145,25.565872192382812,20.0
80,153,-9.209480285644531,6.308488368988037,6.0
80,154,-20.891019821166992,185.44436645507812,503.0
80,155,-22.449230194091797,273.7752685546875,68.0
80,156,-12.427417755126953,62.95830535888672,40.0
80,157,-14.425647735595703,122.55371856689453,161.0
80,158,-4.2851033210754395,2.9191012382507324,3.0
80,159,-11.32852554321289,288.37530517578125,578.0
80,160,-8.72884750366211,18.349746704101562,18.0
80,161,-13.585572242736816,9.624019622802734,36.0
80,162,-13.528268814086914,4.495787620544434,36.0
80,163,-5.482766151428223,6.218873023986816,6.0
80,164,-8.694744110107422,18.142330169677734,8.0
80,165,-17.633098602294922,18.894100189208984,47.0
80,166,-16.407920837402344,2.1081581115722656,8.0
80,167,-15.150218963623047,8.708650588989258,13.0
80,168,-3.4469289779663086,1.9924912452697754,2.0
80,169,-9.577102661132812,10.96025562286377,10.0
80,170,-22.86269187927246,45.17070007324219,57.0
80,171,-17.865310668945312,35.625518798828125,66.0
80,172,-11.97568416595459,7.359171390533447,12.0
80,173,-12.865922927856445,13.107498168945312,495.0
80,174,-16.078472137451172,9.943554878234863,19.0
80,175,-25.48236846923828,163.44454956054688,187.0
80,176,-14.382791519165039,10.991605758666992,24.0
80,177,-12.828340530395508,2.1267783641815186,8.0
80,178,-26.820768356323242,5.977791786193848,20.0
80,179,-14.611000061035156,1488.4639892578125,5860.0
80,180,-13.169944763183594,26.909685134887695,23.0
80,181,-14.027012825012207,107.3045654296875,258.0
80,182,-16.50491714477539,61.94390869140625,62.0
80,183,-13.44529914855957,28.827356338500977,15.0
80,184,-38.30926513671875,238.11460876464844,1159.0
80,185,-12.132057189941406,5.658455848693848,26.0
80,186,-4.532303333282471,2.4755454063415527,7.0
80,187,-12.427631378173828,499.6039733886719,1087.0
80,188,-13.632429122924805,94.07978820800781,2149.0
80,189,-8.009895324707031,14.439464569091797,26.0
80,190,-24.271690368652344,20.779382705688477,26.0
80,191,-12.48867416381836,12.154929161071777,1509.0
80,192,-13.762950897216797,9.912782669067383,17.0
80,193,-13.408682823181152,28.564674377441406,36.0
80,194,-17.005146026611328,4927.43115234375,448.0
80,195,-4.999119281768799,3.489574670791626,6.0
80,196,-22.34784698486328,266.9234313964844,13582.0
80,197,-11.583634376525879,18.099939346313477,1559.0
80,198,-9.074409484863281,2.477973461151123,35.0
80,199,-10.45937728881836,8.100092887878418,38.0
80,200,-16.5048885345459,3.559452772140503,62.0
80,201,-9.93382453918457,143.58285522460938,314.0
80,202,-6.850704669952393,30.73347282409668,41.0
80,203,-31.814327239990234,24.08123016357422,701.0
80,204,-6.727413654327393,5.375509738922119,5.0
80,205,-15.05698013305664,20.315738677978516,446.0
80,206,-6.7930827140808105,5.464489459991455,50.0
80,207,-11.279797554016113,16.7760009765625,853.0
80,208,-13.989774703979492,105.98081970214844,2919.0
80,209,-26.57736587524414,27.720460891723633,6122.0
80,210,-3.3974149227142334,1.9728574752807617,2.0
80,211,-10.348949432373047,31.489364624023438,196.0
80,212,-9.297172546386719,10.219453811645508,15.0
80,213,-15.270158767700195,162.3984832763672,2043.0
80,214,-7.504238128662109,6.527731895446777,38.0
80,215,-32.911170959472656,15.527266502380371,103.0
80,216,-6.6123046875,5.223021984100342,6.0
80,217,-19.110416412353516,584.1388549804688,883.0
80,218,-9.831955909729004,11.681296348571777,12.0
80,219,-14.815072059631348,40.60000228881836,271.0
80,220,-13.723913192749023,96.99291229248047,2349.0
80,221,-4.926321983337402,2.6785199642181396,3.0
80,222,-23.087566375732422,27.06452178955078,206.0
80,223,-3.4607269763946533,3.1695058345794678,2.0
80,224,-1.3244483470916748,1.9391003847122192,1.0
80,225,-17.217689514160156,11.700947761535645,109.0
80,226,-10.507680892944336,33.200347900390625,343.0
80,227,-13.792567253112793,31.441911697387695,313.0
80,228,-13.260512351989746,6.648284912109375,131.0
80,229,-17.819135665893555,4.414647579193115,44.0
80,230,-22.674911499023438,9.655145645141602,259.0
80,231,-6.130584239959717,2.7780911922454834,3.0
80,232,-1.008756160736084,1.3996917009353638,1.0
80,233,-11.51104736328125,46.3868408203125,160.0
80,234,-14.482583999633789,37.3616943359375,47.0
80,235,-17.382917404174805,77.14828491210938,244.0
80,236,-13.03735065460205,77.15248107910156,38.0
80,237,-22.23175621032715,85.3150634765625,756.0
80,238,-34.21482467651367,17.309152603149414,2071.0
80,239,-7.349639892578125,3.403961658477783,7.0
80,240,-17.340110778808594,17.993640899658203,1395.0
80,241,-7.6023783683776855,12.605409622192383,57.0
80,242,-37.914283752441406,225.05078125,1952.0
80,243,-14.255020141601562,7.663214683532715,21.0
80,244,-7.79775333404541,13.453658103942871,10.0
80,245,-9.912001609802246,7.260149002075195,10.0
80,246,-6.801436424255371,5.4759135246276855,6.0
80,247,-19.961143493652344,27.850679397583008,88.0
80,248,-10.070239067077637,4.214814186096191,3.0
80,249,-13.837433815002441,15.91857624053955,107.0
80,250,-29.95611572265625,42.28846740722656,1720.0
80,251,-21.271543502807617,70.40812683105469,358.0
80,252,-24.291366577148438,20.83055305480957,73.0
80,253,-32.59228515625,677.5321044921875,989.0
80,254,-11.725933074951172,7.0591325759887695,5.0
80,255,-17.636859893798828,12.42302417755127,54.0
80,256,-16.22652816772461,57.77938461303711,193.0
80,257,-20.24307632446289,157.71176147460938,530.0
80,258,-5.564631462097168,3.043250560760498,2.0
80,259,-11.322918891906738,9.627117156982422,251.0
80,260,-8.517995834350586,17.104333877563477,15.0
80,261,-21.734615325927734,6.117894172668457,101.0
80,262,-13.801115036010742,99.52131652832031,95.0
80,263,-14.99209213256836,20.05379295349121,10.0
80,264,-8.049423217773438,14.630976676940918,29.0
80,265,-8.190017700195312,15.332979202270508,51.0
80,266,-9.625088691711426,24.738550186157227,158.0
80,267,-11.995096206665039,20.060928344726562,90.0
80,268,-21.802059173583984,37.851722717285156,71.0
80,269,-1.755988359451294,1.420768141746521,1.0
80,270,-3.0228161811828613,1.830452561378479,1.0
80,271,-14.876155853271484,11.93361759185791,41.0
80,272,-6.793144702911377,9.625170707702637,4.0
80,273,-9.000414848327637,9.488719940185547,14.0
80,274,-8.553058624267578,8.484701156616211,22.0
80,275,-6.694179534912109,5.3310322761535645,20.0
80,276,-13.816822052001953,7.198205471038818,10.0
80,277,-18.43410873413086,100.33626556396484,569.0
80,278,-17.318099975585938,11.870000839233398,119.0
80,279,-10.088468551635742,7.520960330963135,234.0
80,280,-16.83706283569336,8.204090118408203,39.0
80,281,-13.019820213317871,76.70294189453125,59.0
80,282,-6.199261665344238,7.896507263183594,3.0
80,283,-13.336475372314453,85.24178314208984,1032.0
80,284,-10.217249870300293,7.717187404632568,123.0
80,285,-20.45672607421875,6.421825408935547,8.0
80,286,-21.103736877441406,6.8108811378479,9.0
80,287,-2.249429225921631,3.0793378353118896,3.0
80,288,-13.184370040893555,13.969466209411621,795.0
80,289,-30.966522216796875,22.123764038085938,113.0
80,290,-17.706432342529297,83.64720916748047,46.0
80,291,-5.174729824066162,3.646188735961914,5.0
80,292,-8.326340675354004,8.017167091369629,11.0
80,293,-0.9072809219360352,1.2546043395996094,1.0
80,294,-18.693138122558594,107.04877471923828,51.0
80,295,-5.887875556945801,18.990480422973633,30.0
80,296,-27.898862838745117,22.195144653320312,198.0
80,297,-20.141407012939453,17.767019271850586,51.0
80,298,-17.52574920654297,33.28643035888672,6820.0
80,299,-18.166580200195312,8806.89453125,375.0
80,300,-24.959585189819336,262969.3125,4913.0
80,301,-23.761734008789062,14.015905380249023,594.0
80,302,-9.123298645019531,9.784746170043945,7.0
80,303,-14.743804931640625,19.08229637145996,1811.0
82,0,-21.124004364013672,33.80698013305664,114.0
82,1,-2.5191729068756104,1.8772222995758057,1.0
82,2,-8.579604148864746,17.459224700927734,3.0
82,3,-8.172958374023438,15.246034622192383,94.0
82,4,-18.488948822021484,14.031131744384766,138.0
82,5,-29.94029998779297,27.846298217773438,126.0
82,6,-38.088111877441406,68.85565185546875,1787.0
82,7,-12.67050838470459,6.110891342163086,101.0
82,8,-5.4167585372924805,6.083536624908447,5.0
82,9,-10.675567626953125,8.458006858825684,7.0
82,10,-22.777267456054688,297.1737060546875,1230.0
82,11,-7.537558555603027,4.515480995178223,8.0
82,12,-9.459550857543945,10.642843246459961,6.0
82,13,-7.914144515991211,3.097490072250366,10.0
82,14,-20.619857788085938,966.1177978515625,290.0
82,15,-6.587873458862305,2.2784245014190674,13.0
82,16,-7.285890579223633,6.1809539794921875,17.0
82,17,-17.940126419067383,395.45697021484375,214.0
82,18,-20.8850154876709,34286.52734375,1807.0
82,19,-17.205078125,11.679887771606445,22.0
82,20,-12.771370887756348,12.861960411071777,28.0
82,21,-11.967844009399414,54.01605987548828,25.0
82,22,-11.056570053100586,9.127701759338379,11.0
82,23,-3.7800111770629883,1.716009497642517,2.0
82,24,-6.645164489746094,9.161911010742188,6.0
82,25,-3.923269033432007,3.6978673934936523,5.0
82,26,-3.546659469604492,2.4270217418670654,4.0
82,27,-7.462553977966309,4.448249816894531,19.0
82,28,-9.7877197265625,3.398944616317749,35.0
82,29,-19.262144088745117,15.669794082641602,31.0
82,30,-5.263367176055908,2.8653013706207275,4.0
82,31,-10.571118354797363,33.909873962402344,29.0
82,32,-10.026845932006836,12.264531135559082,101.0
82,33,-13.29197883605957,5.2671918869018555,43.0
82,34,-9.339855194091797,22.49481964111328,82.0
82,35,-6.07119607925415,7.566510200500488,13.0
82,36,-17.60916519165039,354.15045166015625,432.0
82,37,-22.703004837036133,9.682308197021484,169.0
82,38,-43.574073791503906,52.52448272705078,15231.0
82,39,-11.067779541015625,40.01521682739258,59.0
82,40,-9.530145645141602,23.967893600463867,16.0
82,41,-8.395177841186523,8.156331062316895,10.0
82,42,-9.964189529418945,145.77944946289062,156.0
82,43,-39.30927276611328,700.3258056640625,1708.0
82,44,-3.7737011909484863,6.598554611206055,3.0
82,45,-10.530445098876953,5.783876895904541,9.0
82,46,-11.558226585388184,47.12210464477539,92.0
82,47,-5.595649719238281,4.0507917404174805,13.0
82,48,-20.404033660888672,164.18739318847656,3206.0
82,49,-15.718791961669922,5.734683036804199,23.0
82,50,-13.648001670837402,94.56940460205078,1252.0
82,51,-12.707812309265137,69.12646484375,125.0
82,52,-9.141319274902344,6.223073482513428,52.0
82,53,-5.294346809387207,5.840301036834717,3.0
82,54,-31.42974281311035,188.34780883789062,7910.0
82,55,-19.41143035888672,25.41242790222168,17.0
82,56,-6.375908851623535,8.375435829162598,13.0
82,57,-6.156655311584473,4.660691738128662,3.0
82,58,-8.9081392288208,9.272331237792969,12.0
82,59,-24.666980743408203,33.9149055480957,246.0
82,60,-9.90288257598877,11.890273094177246,35.0
82,61,-10.73328971862793,35.793392181396484,20.0
82,62,-24.233118057250977,427.6390380859375,327.0
82,63,-11.224018096923828,4.970056056976318,13.0
82,64,-8.283390045166016,5.241868019104004,9.0
82,65,-4.7673444747924805,4.899410247802734,2.0
82,66,-15.75469970703125,13.815390586853027,7.0
82,67,-6.730196952819824,3.8421781063079834,3.0
82,68,-15.47972297668457,6.923804759979248,41.0
82,69,-9.464033126831055,23.445476531982422,14.0
82,70,-5.449712753295898,3.905665397644043,3.0
82,71,-9.841114044189453,1.849785327911377,60.0
82,72,-14.059885025024414,33.61496353149414,22.0
82,73,-12.616388320922852,23.431869506835938,15.0
82,74,-14.947450637817383,145.8361053466797,380.0
82,75,-8.129587173461914,1.9688814878463745,6.0
82,76,-6.721655368804932,3.8356199264526367,10.0
82,77,-14.661592483520508,18.771099090576172,53.0
82,78,-7.621478080749512,3.561729907989502,2.0
82,79,-13.462726593017578,3.843074321746826,78.0
82,80,-5.951046943664551,3.2877695560455322,11.0
82,81,-9.635225296020508,3.334768056869507,42.0
82,82,-5.158468723297119,2.805814027786255,4.0
82,83,-21.723613739013672,7.20571231842041,291.0
82,84,-8.660443305969238,17.936079025268555,80.0
82,85,-4.274606704711914,8.47654914855957,3.0
82,86,-4.34991979598999,4.26300048828125,4.0
82,87,-32.90834426879883,61.16303634643555,289.0
82,88,-13.583956718444824,5.4629807472229,100.0
82,89,-16.17011260986328,25.38155174255371,58.0
82,90,-13.337489128112793,14.403883934020996,206.0
82,91,-15.636575698852539,13.546063423156738,15.0
82,92,-4.7365031242370605,4.849299907684326,1.0
82,93,-6.542261123657227,3.700441837310791,4.0
82,94,-7.119356632232666,4.153167247772217,19.0
82,95,-16.834070205688477,5.383868217468262,251.0
82,96,-10.580307006835938,34.01388931274414,20.0
82,97,-4.5034403800964355,4.4868316650390625,6.0
82,98,-17.478965759277344,4.89883279800415,21.0
82,99,-16.01664924621582,7.404449939727783,137.0
82,100,-12.776063919067383,6.203738689422607,45.0
82,101,-25.1293888092041,9.820674896240234,263.0
82,102,-19.17434310913086,120.7335205078125,81.0
82,103,-9.309552192687988,22.268741607666016,281.0
82,104,-20.179975509643555,834.3544921875,18682.0
82,105,-32.47739028930664,25.73209571838379,125.0
82,106,-30.066608428955078,73.34908294677734,558.0
82,107,-9.892023086547852,27.040645599365234,35.0
82,108,-16.869468688964844,29.191972732543945,46.0
82,109,-4.675273895263672,4.751330375671387,2.0
82,110,-24.3931884765625,445.09918212890625,5680.0
82,111,-7.756810188293457,3.6429789066314697,11.0
82,112,-10.511512756347656,8.1849946975708,20.0
82,113,-9.860151290893555,11.763927459716797,12.0
82,114,-5.4665656089782715,3.9221553802490234,6.0
82,115,-15.655839920043945,13.589624404907227,30.0
82,116,-11.150525093078613,6.413601398468018,7.0
82,117,-4.9601149559021,2.031120777130127,4.0
82,118,-13.457110404968262,2.111961603164673,8.0
82,119,-3.7263829708099365,1.5932849645614624,3.0
82,120,-6.532507419586182,8.824239730834961,6.0
82,121,-11.796594619750977,7.142759323120117,13.0
82,122,-20.12214469909668,6.229436874389648,30.0
82,123,-5.898545265197754,4.369446277618408,2.0
82,124,-14.61782169342041,11.430710792541504,11.0
82,125,-13.999612808227539,33.11224365234375,119.0
82,126,-13.689056396484375,95.8724594116211,1206.0
82,127,-8.456268310546875,16.75599479675293,10.0
82,128,-9.796918869018555,5.118286609649658,11.0
82,129,-20.10154914855957,17.6661434173584,53.0
82,130,-14.152043342590332,1183.251708984375,1734.0
82,131,-13.21578598022461,5.217264175415039,72.0
82,132,-25.66762924194336,72.09165954589844,63.0
82,133,-15.376713752746582,12.971901893615723,34.0
82,134,-18.612943649291992,494.8797302246094,151.0
82,135,-9.246305465698242,101.81451416015625,16.0
82,136,-1.3355882167816162,1.5607961416244507,1.0
82,137,-5.771564483642578,4.232915878295898,2.0
82,138,-7.86888313293457,3.7116646766662598,2.0
82,139,-15.54036808013916,9.20781421661377,12.0
82,140,-18.330469131469727,39.098880767822266,34.0
82,141,-12.719380378723145,12.728915214538574,50.0
82,142,-5.397637367248535,3.8551480770111084,1.0
82,143,-8.570401191711426,17.405744552612305,75.0
82,144,-9.112812042236328,20.855215072631836,82.0
82,145,-7.464550971984863,6.463285446166992,5.0
82,146,-5.300198554992676,14.155444145202637,4.0
82,147,-6.572951316833496,2.5574049949645996,4.0
82,148,-1.2445324659347534,1.5141347646713257,1.0
82,149,-29.223175048828125,345.37646484375,489.0
82,150,-8.861051559448242,19.176467895507812,8.0
82,151,-13.063592910766602,13.63607120513916,15.0
82,152,-9.700801849365234,25.3708438873291,20.0
82,153,-9.175285339355469,6.265491485595703,6.0
82,154,-20.904991149902344,186.09323120117188,492.0
82,155,-22.474750518798828,275.5275573730469,67.0
82,156,-12.364574432373047,61.65317916870117,41.0
82,157,-14.433363914489746,122.86933135986328,165.0
82,158,-4.236086845397949,2.8835484981536865,3.0
82,159,-11.314432144165039,286.350341796875,576.0
82,160,-8.681903839111328,18.06484603881836,17.0
82,161,-13.698339462280273,9.806608200073242,37.0
82,162,-13.506132125854492,4.484744071960449,36.0
82,163,-5.451730728149414,6.15487003326416,6.0
82,164,-8.768198013305664,18.592021942138672,8.0
82,165,-17.669921875,19.01041603088379,52.0
82,166,-16.430099487304688,2.1102845668792725,8.0
82,167,-15.021408081054688,8.549864768981934,13.0
82,168,-3.4375252723693848,1.9887475967407227,2.0
82,169,-9.63888931274414,11.13086986541748,12.0
82,170,-22.84206771850586,45.01570129394531,57.0
82,171,-17.93306541442871,36.11156463623047,66.0
82,172,-12.007156372070312,7.3978753089904785,12.0
82,173,-12.892416000366211,13.17713451385498,497.0
82,174,-16.021753311157227,9.863311767578125,19.0
82,175,-25.428911209106445,161.7063446044922,185.0
82,176,-14.406015396118164,11.034235000610352,25.0
82,177,-12.796550750732422,2.122804880142212,8.0
82,178,-26.61313247680664,5.8956146240234375,20.0
82,179,-14.67578411102295,1537.4677734375,5960.0
82,180,-13.141555786132812,26.71937370300293,23.0
82,181,-13.884519577026367,102.32698059082031,248.0
82,182,-16.380611419677734,60.04851531982422,59.0
82,183,-13.406599044799805,28.549795150756836,15.0
82,184,-38.34136199951172,239.20892333984375,1130.0
82,185,-12.165287971496582,5.6853814125061035,26.0
82,186,-4.522514820098877,2.4707038402557373,7.0
82,187,-12.353611946105957,481.4517517089844,1067.0
82,188,-13.64763355255127,94.55777740478516,2135.0
82,189,-7.98171329498291,14.30445671081543,24.0
82,190,-24.215251922607422,20.633304595947266,26.0
82,191,-12.540250778198242,12.280961990356445,1522.0
82,192,-13.85754680633545,10.070305824279785,17.0
82,193,-13.381135940551758,28.368629455566406,37.0
82,194,-17.106849670410156,5184.48046875,470.0
82,195,-4.991201400756836,3.4826738834381104,6.0
82,196,-22.44744873046875,273.6533508300781,13711.0
82,197,-11.599329948425293,18.171100616455078,1569.0
82,198,-9.083988189697266,2.4803481101989746,36.0
82,199,-10.523170471191406,8.204099655151367,41.0
82,200,-16.098207473754883,3.4498255252838135,62.0
82,201,-9.896527290344238,140.93003845214844,309.0
82,202,-6.854680061340332,30.794620513916016,41.0
82,203,-31.866422653198242,24.207008361816406,699.0
82,204,-6.694936752319336,5.3320417404174805,5.0
82,205,-15.004417419433594,20.10329246520996,436.0
82,206,-6.740270137786865,5.392815113067627,48.0
82,207,-11.27963638305664,16.775325775146484,848.0
82,208,-13.912263870239258,103.27766418457031,2840.0
82,209,-26.50041961669922,27.45511245727539,6129.0
82,210,-3.3626081943511963,1.9591714143753052,2.0
82,211,-10.450592994689941,32.57453918457031,218.0
82,212,-9.378936767578125,10.430500030517578,15.0
82,213,-15.14133071899414,155.5722198486328,1976.0
82,214,-7.481279373168945,6.490372657775879,39.0
82,215,-32.91155242919922,15.527758598327637,107.0
82,216,-6.604199409484863,5.212449073791504,6.0
82,217,-19.10479736328125,583.0457153320312,896.0
82,218,-9.805704116821289,11.604884147644043,11.0
82,219,-14.794657707214355,40.3933219909668,285.0
82,220,-13.70427131652832,96.35992431640625,2324.0
82,221,-4.960251808166504,2.696758270263672,3.0
82,222,-23.03205108642578,26.85072898864746,207.0
82,223,-3.4928417205810547,3.2036170959472656,2.0
82,224,-1.3124628067016602,1.9275145530700684,1.0
82,225,-17.10830307006836,11.519525527954102,108.0
82,226,-10.488506317138672,32.98882293701172,340.0
82,227,-13.86102294921875,31.98464012145996,332.0
82,228,-13.066627502441406,6.466668605804443,125.0
82,229,-17.8375244140625,4.421417236328125,43.0
82,230,-22.74592399597168,9.723954200744629,261.0
82,231,-6.0593485832214355,2.745302677154541,3.0
82,232,-1.0023765563964844,1.3967183828353882,1.0
82,233,-11.489771842956543,46.05903244018555,159.0
82,234,-14.505964279174805,37.58071517944336,47.0
82,235,-17.27981185913086,75.18508911132812,239.0
82,236,-12.964317321777344,75.29692840576172,36.0
82,237,-22.80889129638672,95.75357818603516,761.0
82,238,-34.242462158203125,17.349063873291016,2163.0
82,239,-7.322104454040527,3.388375997543335,6.0
82,240,-17.243896484375,17.707401275634766,1343.0
82,241,-7.620097637176514,12.680085182189941,58.0
82,242,-37.8401985168457,222.68154907226562,1883.0
82,243,-14.310577392578125,7.724277496337891,21.0
82,244,-7.838108062744141,13.63585376739502,10.0
82,245,-9.90027904510498,7.243147373199463,11.0
82,246,-6.778076171875,5.444026947021484,6.0
82,247,-19.94742202758789,27.787057876586914,84.0
82,248,-10.05426025390625,4.205204486846924,3.0
82,249,-13.80215835571289,15.806666374206543,104.0
82,250,-29.895706176757812,41.970340728759766,1686.0
82,251,-21.312557220458984,70.98802947998047,374.0
82,252,-24.2078800201416,20.614299774169922,62.0
82,253,-32.658084869384766,686.5075073242188,1017.0
82,254,-11.731873512268066,7.06612491607666,5.0
82,255,-17.593856811523438,12.346939086914062,55.0
82,256,-16.263669967651367,58.318389892578125,196.0
82,257,-20.269458770751953,158.7554168701172,545.0
82,258,-5.563239574432373,3.04240345954895,2.0
82,259,-11.39560604095459,9.768092155456543,258.0
82,260,-8.538475036621094,17.221494674682617,15.0
82,261,-21.745620727539062,6.123507976531982,99.0
82,262,-13.778497695922852,98.77381134033203,95.0
82,263,-14.988448143005371,20.039188385009766,11.0
82,264,-8.13363265991211,15.047487258911133,29.0
82,265,-8.201756477355957,15.393094062805176,50.0
82,266,-9.701346397399902,25.375446319580078,167.0
82,267,-11.971941947937012,19.945138931274414,90.0
82,268,-21.769378662109375,37.6461181640625,74.0
82,269,-1.7513246536254883,1.4194436073303223,1.0
82,270,-3.0670154094696045,1.8467050790786743,1.0
82,271,-14.837265014648438,11.856514930725098,40.0
82,272,-6.7577056884765625,9.512136459350586,4.0
82,273,-8.984644889831543,9.451384544372559,14.0
82,274,-8.554340362548828,8.487421035766602,22.0
82,275,-6.625143527984619,5.239813327789307,20.0
82,276,-13.805683135986328,7.186760425567627,10.0
82,277,-18.45260238647461,100.80123138427734,553.0
82,278,-17.25446319580078,11.762580871582031,116.0
82,279,-10.067344665527344,7.48925256729126,225.0
82,280,-16.837932586669922,8.20498275756836,38.0
82,281,-13.040934562683105,77.24468994140625,59.0
82,282,-6.186771392822266,7.863698959350586,3.0
82,283,-13.366291999816895,86.09320831298828,1028.0
82,284,-10.230920791625977,7.738315582275391,123.0
82,285,-20.467470169067383,6.428101062774658,8.0
82,286,-21.101337432861328,6.809395790100098,8.0
82,287,-2.2573676109313965,3.0915846824645996,3.0
82,288,-13.086071014404297,13.69751262664795,777.0
82,289,-30.86696434020996,21.904592514038086,108.0
82,290,-17.762441635131836,84.82670593261719,47.0
82,291,-5.190611839294434,3.6606945991516113,5.0
82,292,-8.331501007080078,8.027517318725586,11.0
82,293,-0.9194627404212952,1.2584309577941895,1.0
82,294,-18.80095100402832,109.97332000732422,51.0
82,295,-5.905483245849609,19.15840721130371,30.0
82,296,-27.958858489990234,22.343595504760742,199.0
82,297,-20.05989646911621,17.56133460998535,51.0
82,298,-17.582101821899414,33.6637077331543,6746.0
82,299,-18.178985595703125,8861.6904296875,380.0
82,300,-25.034103393554688,272952.125,5121.0
82,301,-23.684288024902344,13.895812034606934,591.0
82,302,-9.134384155273438,9.811901092529297,7.0
82,303,-14.746475219726562,19.09248924255371,1880.0
84,0,-21.11175537109375,33.738040924072266,116.0
84,1,-2.5190491676330566,1.877164363861084,1.0
84,2,-8.566766738891602,17.384674072265625,3.0
84,3,-8.07589340209961,14.760643005371094,89.0
84,4,-18.59286117553711,14.240968704223633,138.0
84,5,-29.977252960205078,27.96086311340332,123.0
84,6,-38.04286193847656,68.51033020019531,1783.0
84,7,-12.696893692016602,6.133968830108643,102.0
84,8,-5.397682189941406,6.044975280761719,5.0
84,9,-10.721055030822754,8.535304069519043,7.0
84,10,-22.656204223632812,288.31427001953125,1224.0
84,11,-7.597260475158691,4.56972074508667,9.0
84,12,-9.428067207336426,10.559404373168945,6.0
84,13,-7.863076210021973,3.074974536895752,8.0
84,14,-20.67316246032715,983.4375610351562,294.0
84,15,-6.6229352951049805,2.2884321212768555,14.0
84,16,-7.290675640106201,6.188352584838867,17.0
84,17,-17.789072036743164,376.0382385253906,203.0
84,18,-20.83019256591797,33359.44921875,1791.0
84,19,-17.174781799316406,11.629446029663086,22.0
84,20,-12.799489974975586,12.934496879577637,28.0
84,21,-12.021520614624023,54.9912223815918,24.0
84,22,-10.96915054321289,8.969500541687012,11.0
84,23,-3.7159407138824463,1.700374722480774,2.0
84,24,-6.6631269454956055,9.216934204101562,6.0
84,25,-3.900022268295288,3.6693241596221924,5.0
84,26,-3.5745816230773926,2.4440228939056396,4.0
84,27,-7.52008056640625,4.499724388122559,20.0
84,28,-9.805864334106445,3.4066622257232666,35.0
84,29,-19.260852813720703,15.666903495788574,31.0
84,30,-5.272546768188477,2.8705666065216064,4.0
84,31,-10.485787391662598,32.95893478393555,28.0
84,32,-10.078380584716797,12.423565864562988,102.0
84,33,-13.396294593811035,5.336322784423828,43.0
84,34,-9.262660026550293,21.923370361328125,82.0
84,35,-6.113286018371582,7.673416614532471,13.0
84,36,-17.67317771911621,361.7883605957031,453.0
84,37,-22.664018630981445,9.644634246826172,167.0
84,38,-43.531166076660156,52.31999588012695,14918.0
84,39,-11.066995620727539,40.0047607421875,58.0
84,40,-9.498496055603027,23.716365814208984,16.0
84,41,-8.467894554138184,8.305962562561035,10.0
84,42,-9.932130813598633,143.46131896972656,154.0
84,43,-39.33769989013672,703.6516723632812,1719.0
84,44,-3.7663402557373047,6.574313163757324,3.0
84,45,-10.552955627441406,5.805616855621338,9.0
84,46,-11.657841682434082,48.71306228637695,94.0
84,47,-5.617642402648926,4.07312536239624,13.0
84,48,-20.519691467285156,169.0040740966797,3291.0
84,49,-15.692190170288086,5.717757701873779,23.0
84,50,-13.631077766418457,94.03739929199219,1237.0
84,51,-12.657268524169922,67.97157287597656,121.0
84,52,-9.189345359802246,6.283135414123535,54.0
84,53,-5.235595703125,5.727038860321045,3.0
84,54,-31.395727157592773,187.2830810546875,7813.0
84,55,-19.40985870361328,25.405776977539062,18.0
84,56,-6.393544673919678,8.42481517791748,13.0
84,57,-6.184405326843262,4.6931376457214355,3.0
84,58,-8.907149314880371,9.270036697387695,13.0
84,59,-24.56928253173828,33.44483947753906,247.0
84,60,-9.950246810913086,12.031903266906738,37.0
84,61,-10.632665634155273,34.61274337768555,20.0
84,62,-24.253868103027344,429.86322021484375,326.0
84,63,-11.251758575439453,4.989791393280029,13.0
84,64,-8.348576545715332,5.31065559387207,9.0
84,65,-4.739734172821045,4.854525566101074,2.0
84,66,-15.688220977783203,13.663164138793945,7.0
84,67,-6.7843523025512695,3.884018898010254,3.0
84,68,-15.467702865600586,6.913409233093262,40.0
84,69,-9.448573112487793,23.324970245361328,15.0
84,70,-5.359842300415039,3.8188929557800293,3.0
84,71,-9.878321647644043,1.8540921211242676,62.0
84,72,-14.156755447387695,34.43897247314453,22.0
84,73,-12.560796737670898,23.108469009399414,14.0
84,74,-15.001529693603516,148.48883056640625,391.0
84,75,-8.106344223022461,1.9650715589523315,5.0
84,76,-6.753725051879883,3.860300064086914,10.0
84,77,-14.656160354614258,18.750715255737305,53.0
84,78,-7.609914779663086,3.5548722743988037,2.0
84,79,-13.556896209716797,3.8794353008270264,79.0
84,80,-5.935713768005371,3.277702569961548,11.0
84,81,-9.579851150512695,3.311765432357788,42.0
84,82,-5.20847225189209,2.834014892578125,4.0
84,83,-21.778263092041016,7.2415995597839355,291.0
84,84,-8.705144882202148,18.20534324645996,82.0
84,85,-4.241393089294434,8.336942672729492,3.0
84,86,-4.354823112487793,4.2699737548828125,4.0
84,87,-32.755096435546875,60.0025520324707,289.0
84,88,-13.597209930419922,5.472038745880127,96.0
84,89,-16.23343276977539,25.70502471923828,58.0
84,90,-13.25716495513916,14.174336433410645,201.0
84,91,-15.589098930358887,13.439298629760742,14.0
84,92,-4.731429576873779,4.841105937957764,1.0
84,93,-6.58722448348999,3.7338688373565674,4.0
84,94,-7.1585540771484375,4.185854434967041,20.0
84,95,-16.840248107910156,5.387195110321045,253.0
84,96,-10.580902099609375,34.02063751220703,20.0
84,97,-4.494754791259766,4.473859786987305,6.0
84,98,-17.46211814880371,4.8913350105285645,21.0
84,99,-15.9899320602417,7.379763126373291,131.0
84,100,-12.856335639953613,6.275288105010986,46.0
84,101,-25.07819175720215,9.775074005126953,263.0
84,102,-19.168079376220703,120.54460906982422,81.0
84,103,-9.274242401123047,22.0081787109375,272.0
84,104,-20.20102882385254,840.2306518554688,18454.0
84,105,-32.29825210571289,25.275239944458008,125.0
84,106,-30.111785888671875,73.82400512695312,554.0
84,107,-9.904668807983398,27.154869079589844,35.0
84,108,-16.85247039794922,29.092899322509766,44.0
84,109,-4.705512523651123,4.799463748931885,2.0
84,110,-24.517732620239258,459.1758117675781,5833.0
84,111,-7.738967418670654,3.6321613788604736,10.0
84,112,-10.466774940490723,8.11208438873291,20.0
84,113,-9.89299488067627,11.860917091369629,12.0
84,114,-5.42604398727417,3.8826229572296143,6.0
84,115,-15.631386756896973,13.53435230255127,29.0
84,116,-11.13801383972168,6.400241374969482,7.0
84,117,-5.024109363555908,2.0497748851776123,4.0
84,118,-13.487983703613281,2.1155872344970703,8.0
84,119,-3.7505064010620117,1.5980966091156006,3.0
84,120,-6.4235100746154785,8.509387969970703,7.0
84,121,-11.741783142089844,7.077805519104004,13.0
84,122,-19.938201904296875,6.126133441925049,29.0
84,123,-5.918978691101074,4.391824245452881,2.0
84,124,-14.595593452453613,11.388440132141113,11.0
84,125,-13.956389427185059,32.75636672973633,116.0
84,126,-13.771604537963867,98.54710388183594,1264.0
84,127,-8.489995956420898,16.9454402923584,10.0
84,128,-9.797843933105469,5.119076251983643,11.0
84,129,-20.123401641845703,17.72137451171875,53.0
84,130,-14.151625633239746,1183.0047607421875,1735.0
84,131,-13.145127296447754,5.171387195587158,72.0
84,132,-25.662433624267578,72.02925872802734,64.0
84,133,-15.302118301391602,12.811627388000488,33.0
84,134,-18.602840423583984,493.2158203125,152.0
84,135,-9.145828247070312,96.82585906982422,16.0
84,136,-1.333926796913147,1.5599321126937866,1.0
84,137,-5.77598762512207,4.2375993728637695,2.0
84,138,-7.882979393005371,3.720395088195801,2.0
84,139,-15.565238952636719,9.240589141845703,13.0
84,140,-18.223896026611328,38.274322509765625,34.0
84,141,-12.748147964477539,12.802362442016602,51.0
84,142,-5.402529716491699,3.85986590385437,1.0
84,143,-8.599411964416504,17.574878692626953,76.0
84,144,-9.064940452575684,20.525062561035156,82.0
84,145,-7.535204887390137,6.578464031219482,5.0
84,146,-5.296377182006836,14.128422737121582,4.0
84,147,-6.560087203979492,2.5527095794677734,4.0
84,148,-1.242380142211914,1.513048768043518,1.0
84,149,-29.15720558166504,340.8494567871094,483.0
84,150,-8.826994895935059,18.96000099182129,8.0
84,151,-12.973590850830078,13.392813682556152,15.0
84,152,-9.708182334899902,25.433340072631836,20.0
84,153,-9.16074275970459,6.247294902801514,6.0
84,154,-20.92300796508789,186.93331909179688,504.0
84,155,-22.430997848510742,272.53021240234375,68.0
84,156,-12.432262420654297,63.06003952026367,40.0
84,157,-14.446978569030762,123.42819213867188,164.0
84,158,-4.313401222229004,2.9398257732391357,3.0
84,159,-11.32121467590332,287.3230895996094,590.0
84,160,-8.757440567016602,18.525474548339844,17.0
84,161,-13.585683822631836,9.624197959899902,36.0
84,162,-13.520505905151367,4.491912364959717,35.0
84,163,-5.514101028442383,6.284169673919678,6.0
84,164,-8.772013664245605,18.615686416625977,8.0
84,165,-17.711681365966797,19.1431884765625,52.0
84,166,-16.35854721069336,2.1034321784973145,8.0
84,167,-15.044466018676758,8.578075408935547,13.0
84,168,-3.449129104614258,1.9933682680130005,2.0
84,169,-9.677207946777344,11.238012313842773,10.0
84,170,-22.827308654785156,44.90509796142578,57.0
84,171,-17.913410186767578,35.96989059448242,63.0
84,172,-11.990865707397461,7.3778157234191895,12.0
84,173,-12.893531799316406,13.180075645446777,501.0
84,174,-16.052001953125,9.906023979187012,19.0
84,175,-25.610912322998047,167.70094299316406,191.0
84,176,-14.447117805480957,11.11008071899414,25.0
84,177,-12.776065826416016,2.120248556137085,7.0
84,178,-26.643770217895508,5.9076690673828125,20.0
84,179,-14.61308479309082,1490.016357421875,5921.0
84,180,-13.15640640258789,26.81875991821289,22.0
84,181,-13.939464569091797,104.21834564208984,250.0
84,182,-16.447309494018555,61.05819320678711,61.0
84,183,-13.410404205322266,28.576969146728516,15.0
84,184,-38.193397521972656,234.20565795898438,1130.0
84,185,-12.22412109375,5.733366966247559,26.0
84,186,-4.526832580566406,2.4728384017944336,7.0
84,187,-12.3631591796875,483.7554931640625,1073.0
84,188,-13.582799911499023,92.53618621826172,2114.0
84,189,-7.956469535827637,14.184596061706543,24.0
84,190,-24.272289276123047,20.78093910217285,27.0
84,191,-12.530302047729492,12.256547927856445,1550.0
84,192,-13.762528419494629,9.91208553314209,17.0
84,193,-13.401632308959961,28.514368057250977,36.0
84,194,-17.102630615234375,5173.5546875,470.0
84,195,-5.0398335456848145,3.5252747535705566,6.0
84,196,-22.336917877197266,266.1950988769531,13501.0
84,197,-11.549919128417969,17.948020935058594,1506.0
84,198,-9.049530982971191,2.471816062927246,37.0
84,199,-10.45969295501709,8.100602149963379,40.0
84,200,-16.571914672851562,3.5778520107269287,63.0
84,201,-9.935232162475586,143.6839599609375,313.0
84,202,-6.879758834838867,31.183197021484375,44.0
84,203,-31.71798324584961,23.85033416748047,697.0
84,204,-6.716423988342285,5.360761642456055,6.0
84,205,-15.0097074508667,20.124570846557617,443.0
84,206,-6.735080718994141,5.3858232498168945,48.0
84,207,-11.297579765319824,16.850746154785156,857.0
84,208,-13.970211029052734,105.29193878173828,2875.0
84,209,-26.566179275512695,27.681724548339844,6330.0
84,210,-3.394808292388916,1.9718291759490967,2.0
84,211,-10.625480651855469,34.529945373535156,231.0
84,212,-9.412787437438965,10.519144058227539,15.0
84,213,-15.143738746643066,155.6971893310547,2042.0
84,214,-7.4762091636657715,6.482150554656982,38.0
84,215,-32.902992248535156,15.51668643951416,106.0
84,216,-6.651943206787109,5.27503776550293,6.0
84,217,-19.124725341796875,586.9317016601562,898.0
84,218,-9.830583572387695,11.677289962768555,11.0
84,219,-14.780715942382812,40.25277328491211,274.0
84,220,-13.662093162536621,95.01463317871094,2276.0
84,221,-4.921432018280029,2.6759016513824463,3.0
84,222,-23.123281478881836,27.20296287536621,209.0
84,223,-3.5032687187194824,3.214771270751953,2.0
84,224,-1.3117817640304565,1.9268583059310913,1.0
84,225,-17.21632194519043,11.698663711547852,110.0
84,226,-10.625650405883789,34.531898498535156,353.0
84,227,-13.816648483276367,31.631772994995117,324.0
84,228,-13.136808395385742,6.5318284034729,121.0
84,229,-17.735252380371094,4.383895397186279,43.0
84,230,-22.754152297973633,9.731958389282227,265.0
84,231,-6.169865608215332,2.7963385581970215,3.0
84,232,-1.0045948028564453,1.3977515697479248,1.0
84,233,-11.537873268127441,46.803489685058594,160.0
84,234,-14.502043724060059,37.54389953613281,47.0
84,235,-17.319246292114258,75.92997741699219,238.0
84,236,-12.94635009765625,74.8473129272461,37.0
84,237,-23.059555053710938,100.67633819580078,752.0
84,238,-34.28026580810547,17.4038028717041,2150.0
84,239,-7.334733963012695,3.3955156803131104,7.0
84,240,-17.256376266479492,17.74427032470703,1323.0
84,241,-7.619124889373779,12.67597484588623,57.0
84,242,-37.78163528442383,220.82632446289062,1906.0
84,243,-14.319524765014648,7.734157085418701,21.0
84,244,-7.840786457061768,13.648033142089844,10.0
84,245,-9.92416763305664,7.277835845947266,10.0
84,246,-6.830972671508789,5.516497611999512,6.0
84,247,-19.88903045654297,27.517948150634766,85.0
84,248,-10.095191955566406,4.229866027832031,3.0
84,249,-13.849306106567383,15.956419944763184,105.0
84,250,-29.95949935913086,42.306358337402344,1729.0
84,251,-21.24768829345703,70.07299041748047,351.0
84,252,-24.26824378967285,20.77043342590332,66.0
84,253,-32.492279052734375,664.1154174804688,1000.0
84,254,-11.77291488647461,7.114624977111816,5.0
84,255,-17.594377517700195,12.347858428955078,55.0
84,256,-16.195701599121094,57.33580780029297,192.0
84,257,-20.265853881835938,158.61239624023438,548.0
84,258,-5.564033508300781,3.042886734008789,2.0
84,259,-11.35628890991211,9.691583633422852,253.0
84,260,-8.562030792236328,17.35725212097168,15.0
84,261,-21.796579360961914,6.149566650390625,101.0
84,262,-13.798333168029785,99.4290542602539,94.0
84,263,-14.941039085388184,19.85007667541504,10.0
84,264,-8.138071060180664,15.069765090942383,29.0
84,265,-8.226244926452637,15.519257545471191,53.0
84,266,-9.770485877990723,25.967052459716797,179.0
84,267,-11.952630996704102,19.849082946777344,90.0
84,268,-21.795055389404297,37.80756378173828,74.0
84,269,-1.7448854446411133,1.417616605758667,1.0
84,270,-3.0798587799072266,1.8514548540115356,1.0
84,271,-14.835909843444824,11.853837966918945,40.0
84,272,-6.797286033630371,9.638466835021973,4.0
84,273,-9.022000312805176,9.54006290435791,14.0
84,274,-8.581733703613281,8.545743942260742,22.0
84,275,-6.708125114440918,5.349650859832764,21.0
84,276,-13.831314086914062,7.213122844696045,10.0
84,277,-18.4339656829834,100.33267211914062,561.0
84,278,-17.275249481201172,11.797562599182129,114.0
84,279,-10.071611404418945,7.495645523071289,226.0
84,280,-16.870929718017578,8.238895416259766,38.0
84,281,-13.064355850219727,77.8501205444336,60.0
84,282,-6.217009544372559,7.943360328674316,3.0
84,283,-13.396688461303711,86.96996307373047,1049.0
84,284,-10.133620262145996,7.589184284210205,118.0
84,285,-20.5765438079834,6.492157459259033,8.0
84,286,-21.093963623046875,6.804832935333252,9.0
84,287,-2.2469239234924316,3.0754828453063965,3.0
84,288,-13.126913070678711,13.809857368469238,771.0
84,289,-30.97215461730957,22.1362247467041,113.0
84,290,-17.638084411621094,82.23007202148438,45.0
84,291,-5.164003372192383,3.6364243030548096,5.0
84,292,-8.309924125671387,7.984331130981445,11.0
84,293,-0.9039580821990967,1.253562569618225,1.0
84,294,-18.657289505004883,106.09367370605469,49.0
84,295,-5.908003807067871,19.182567596435547,30.0
84,296,-27.931854248046875,22.27665901184082,200.0
84,297,-20.079437255859375,17.610424041748047,51.0
84,298,-17.5908260345459,33.72249221801758,6825.0
84,299,-18.225337982177734,9069.46875,384.0
84,300,-25.085880279541016,280110.6875,5114.0
84,301,-23.659854888916016,13.85814094543457,596.0
84,302,-9.135915756225586,9.815658569335938,7.0
84,303,-14.758346557617188,19.13787269592285,1866.0
86,0,-21.01420021057129,33.19392013549805,109.0
86,1,-2.4962351322174072,1.8664883375167847,1.0
86,2,-8.55825424194336,17.33541488647461,3.0
86,3,-8.04689884185791,14.618672370910645,87.0
86,4,-18.50755500793457,14.068473815917969,135.0
86,5,-29.958444595336914,27.90249252319336,129.0
86,6,-38.066375732421875,68.6895523071289,1778.0
86,7,-12.707454681396484,6.143229961395264,102.0
86,8,-5.345630168914795,5.940995693206787,5.0
86,9,-10.784053802490234,8.64352798461914,7.0
86,10,-22.727783203125,293.52001953125,1201.0
86,11,-7.503239631652832,4.484593391418457,8.0
86,12,-9.494841575622559,10.737157821655273,7.0
86,13,-7.797137260437012,3.046144723892212,9.0
86,14,-20.61748504638672,965.354248046875,294.0
86,15,-6.556074142456055,2.269385814666748,13.0
86,16,-7.2789082527160645,6.170174598693848,17.0
86,17,-17.8444881439209,383.0488586425781,211.0
86,18,-20.857667922973633,33820.890625,1793.0
86,19,-17.136877059936523,11.566642761230469,22.0
86,20,-12.750490188598633,12.808358192443848,28.0
86,21,-12.009801864624023,54.776832580566406,25.0
86,22,-10.994972229003906,9.015942573547363,11.0
86,23,-3.7259488105773926,1.7028075456619263,2.0
86,24,-6.676618576049805,9.258476257324219,6.0
86,25,-3.948322296142578,3.7288780212402344,5.0
86,26,-3.571977376937866,2.442432403564453,4.0
86,27,-7.473613739013672,4.458100318908691,18.0
86,28,-9.738829612731934,3.3782358169555664,35.0
86,29,-19.315628051757812,15.789977073669434,31.0
86,30,-5.218904495239258,2.8399341106414795,4.0
86,31,-10.521017074584961,33.348262786865234,30.0
86,32,-10.029715538024902,12.273334503173828,102.0
86,33,-13.311714172363281,5.280201435089111,43.0
86,34,-9.290663719177246,22.12897491455078,82.0
86,35,-6.074023246765137,7.573644638061523,13.0
86,36,-17.640148162841797,357.82684326171875,447.0
86,37,-22.639869689941406,9.621374130249023,165.0
86,38,-43.5815544128418,52.56022262573242,15184.0
86,39,-11.066617965698242,39.999725341796875,59.0
86,40,-9.600025177001953,24.53273582458496,17.0
86,41,-8.402156829833984,8.170575141906738,10.0
86,42,-9.977089881896973,146.7227783203125,156.0
86,43,-39.37512969970703,708.0547485351562,1746.0
86,44,-3.7367990016937256,6.477920055389404,3.0
86,45,-10.549029350280762,5.801819324493408,9.0
86,46,-11.655145645141602,48.669307708740234,95.0
86,47,-5.591360569000244,4.046450614929199,13.0
86,48,-20.44057273864746,165.694091796875,3209.0
86,49,-15.727947235107422,5.7405195236206055,23.0
86,50,-13.65683364868164,94.84822845458984,1253.0
86,51,-12.681360244750977,68.51960754394531,125.0
86,52,-9.10954761505127,6.18365478515625,52.0
86,53,-5.246077060699463,5.7470831871032715,3.0
86,54,-31.34351348876953,185.6603546142578,7680.0
86,55,-19.350357055664062,25.155071258544922,17.0
86,56,-6.353797912597656,8.313931465148926,13.0
86,57,-6.1528000831604,4.6562018394470215,3.0
86,58,-8.875268936157227,9.19644832611084,13.0
86,59,-24.646129608154297,33.81402587890625,243.0
86,60,-9.92764663696289,11.96411418914795,36.0
86,61,-10.687663078308105,35.25313186645508,20.0
86,62,-24.133544921875,417.1251220703125,323.0
86,63,-11.249053955078125,4.987864017486572,13.0
86,64,-8.36418628692627,5.327260971069336,9.0
86,65,-4.734062194824219,4.845355987548828,2.0
86,66,-15.672501564025879,13.627416610717773,7.0
86,67,-6.74592399597168,3.8542819023132324,3.0
86,68,-15.512683868408203,6.952390193939209,41.0
86,69,-9.444293975830078,23.29172134399414,14.0
86,70,-5.398737907409668,3.856208562850952,3.0
86,71,-9.854347229003906,1.851315975189209,62.0
86,72,-14.117039680480957,34.098724365234375,22.0
86,73,-12.59597396850586,23.312589645385742,14.0
86,74,-15.035928726196289,150.20126342773438,394.0
86,75,-8.11238956451416,1.9660618305206299,6.0
86,76,-6.678182125091553,3.802414655685425,10.0
86,77,-14.730059623718262,19.0299129486084,52.0
86,78,-7.591230392456055,3.5438191890716553,2.0
86,79,-13.59688663482666,3.8949804306030273,78.0
86,80,-5.862022399902344,3.2297492027282715,11.0
86,81,-9.621414184570312,3.3290159702301025,42.0
86,82,-5.222612380981445,2.842041015625,4.0
86,83,-21.696456909179688,7.187943935394287,291.0
86,84,-8.760239601135254,18.542770385742188,83.0
86,85,-4.294468879699707,8.561149597167969,3.0
86,86,-4.3852715492248535,4.31353235244751,4.0
86,87,-32.90285110473633,61.12105178833008,295.0
86,88,-13.621569633483887,5.4887261390686035,100.0
86,89,-16.156394958496094,25.312007904052734,58.0
86,90,-13.35861873626709,14.464883804321289,208.0
86,91,-15.594266891479492,13.45088005065918,15.0
86,92,-4.756928443908691,4.8824286460876465,1.0
86,93,-6.572543144226074,3.722921371459961,4.0
86,94,-7.125229835510254,4.158048629760742,20.0
86,95,-16.820323944091797,5.376471996307373,251.0
86,96,-10.578686714172363,33.99552536010742,20.0
86,97,-4.505823135375977,4.490396976470947,6.0
86,98,-17.465349197387695,4.892772197723389,21.0
86,99,-15.973390579223633,7.3645195960998535,132.0
86,100,-12.846803665161133,6.266748428344727,46.0
86,101,-25.10536766052246,9.799253463745117,265.0
86,102,-19.190635681152344,121.22628784179688,83.0
86,103,-9.211756706237793,21.554519653320312,266.0
86,104,-20.291112899780273,865.8435668945312,19304.0
86,105,-32.22816467285156,25.098709106445312,128.0
86,106,-30.03143310546875,72.98139190673828,553.0
86,107,-9.893280029296875,27.051973342895508,35.0
86,108,-16.86516571044922,29.166858673095703,46.0
86,109,-4.6717915534973145,4.745818138122559,2.0
86,110,-24.546382904052734,462.47650146484375,6000.0
86,111,-7.8298020362854,3.6875674724578857,12.0
86,112,-10.456659317016602,8.095690727233887,20.0
86,113,-9.914148330688477,11.923808097839355,12.0
86,114,-5.410675525665283,3.86773419380188,6.0
86,115,-15.511098861694336,13.265718460083008,25.0
86,116,-11.239755630493164,6.509695053100586,7.0
86,117,-4.931129455566406,2.0227279663085938,4.0
86,118,-13.532676696777344,2.120846748352051,8.0
86,119,-3.6701300144195557,1.5821208953857422,3.0
86,120,-6.412741661071777,8.478899955749512,7.0
86,121,-11.81523609161377,7.164985656738281,13.0
86,122,-20.02762222290039,6.176136493682861,30.0
86,123,-5.921277046203613,4.39434814453125,2.0
86,124,-14.571767807006836,11.343308448791504,11.0
86,125,-13.920138359069824,32.46084213256836,114.0
86,126,-13.724452018737793,97.01029205322266,1210.0
86,127,-8.502513885498047,17.016292572021484,10.0
86,128,-9.78726577758789,5.1100592613220215,11.0
86,129,-19.98426055908203,17.372604370117188,53.0
86,130,-14.10280990600586,1154.4796142578125,1703.0
86,131,-13.225831031799316,5.223819732666016,72.0
86,132,-25.598876953125,71.2702865600586,64.0
86,133,-15.334197998046875,12.8803071975708,35.0
86,134,-18.553802490234375,485.2192077636719,150.0
86,135,-9.20138931274414,99.55345153808594,16.0
86,136,-1.3470771312713623,1.5667848587036133,1.0
86,137,-5.7703633308410645,4.231645107269287,2.0
86,138,-7.813234806060791,3.6773993968963623,2.0
86,139,-15.521211624145508,9.182650566101074,12.0
86,140,-18.275297164916992,38.66981506347656,34.0
86,141,-12.708019256591797,12.70002269744873,49.0
86,142,-5.392432689666748,3.850135087966919,2.0
86,143,-8.620073318481445,17.696338653564453,76.0
86,144,-9.085741996765137,20.667877197265625,81.0
86,145,-7.497833728790283,6.517288684844971,5.0
86,146,-5.306357383728027,14.199101448059082,4.0
86,147,-6.5717878341674805,2.5569801330566406,4.0
86,148,-1.2438853979110718,1.513808250427246,1.0
86,149,-29.154762268066406,340.6830749511719,489.0
86,150,-8.782635688781738,18.681716918945312,8.0
86,151,-13.040641784667969,13.57362174987793,15.0
86,152,-9.678261756896973,25.180938720703125,20.0
86,153,-9.15324878692627,6.237938404083252,6.0
86,154,-20.90174102783203,185.9420928955078,503.0
86,155,-22.39604377746582,270.1590576171875,67.0
86,156,-12.455973625183105,63.560447692871094,41.0
86,157,-14.395648956298828,121.33432006835938,166.0
86,158,-4.286192893981934,2.9198966026306152,3.0
86,159,-11.280960083007812,281.5978698730469,567.0
86,160,-8.697973251342773,18.1618709564209,17.0
86,161,-13.627267837524414,9.691133499145508,35.0
86,162,-13.536371231079102,4.499837398529053,36.0
86,163,-5.446830749511719,6.144825458526611,6.0
86,164,-8.717696189880371,18.281667709350586,8.0
86,165,-17.630386352539062,18.885560989379883,54.0
86,166,-16.554094314575195,2.1222116947174072,7.0
86,167,-15.117103576660156,8.667550086975098,13.0
86,168,-3.4524028301239014,1.9946739673614502,2.0
86,169,-9.650971412658691,11.164542198181152,11.0
86,170,-22.888689041137695,45.36683654785156,58.0
86,171,-17.949081420898438,36.227420806884766,66.0
86,172,-12.034919738769531,7.432186603546143,12.0
86,173,-12.98399543762207,13.4207124710083,505.0
86,174,-16.02048110961914,9.861519813537598,19.0
86,175,-25.504566192626953,164.17173767089844,186.0
86,176,-14.374918937683105,10.977194786071777,24.0
86,177,-12.751893997192383,2.1172358989715576,8.0
86,178,-26.7440128326416,5.947281360626221,20.0
86,179,-14.635631561279297,1506.9090576171875,5958.0
86,180,-13.14329719543457,26.73101043701172,23.0
86,181,-13.866161346435547,101.70267486572266,245.0
86,182,-16.510597229003906,62.03193283081055,61.0
86,183,-13.443017959594727,28.8109188079834,15.0
86,184,-38.2618408203125,236.50685119628906,1109.0
86,185,-12.216111183166504,5.726810932159424,26.0
86,186,-4.491418838500977,2.455385684967041,7.0
86,187,-12.41633129119873,496.78912353515625,1081.0
86,188,-13.597481727600098,92.99019622802734,2104.0
86,189,-7.997359275817871,14.379255294799805,24.0
86,190,-24.273406982421875,20.783842086791992,26.0
86,191,-12.466696739196777,12.101619720458984,1488.0
86,192,-13.81342887878418,9.99653148651123,17.0
86,193,-13.36235237121582,28.23572540283203,37.0
86,194,-17.13694190979004,5263.076171875,467.0
86,195,-5.012011528015137,3.500839948654175,6.0
86,196,-22.349546432495117,267.0368347167969,13489.0
86,197,-11.583841323852539,18.100875854492188,1539.0
86,198,-9.105725288391113,2.4857451915740967,38.0
86,199,-10.485301971435547,8.142200469970703,40.0
86,200,-16.384639739990234,3.5266799926757812,62.0
86,201,-9.88610553741455,140.1975860595703,311.0
86,202,-6.890413284301758,31.349760055541992,43.0
86,203,-31.775781631469727,23.988588333129883,712.0
86,204,-6.711357593536377,5.353975772857666,5.0
86,205,-15.042346954345703,20.256370544433594,441.0
86,206,-6.716956615447998,5.361474990844727,47.0
86,207,-11.24185562133789,16.617626190185547,842.0
86,208,-13.977523803710938,105.54891204833984,2912.0
86,209,-26.56240463256836,27.66866683959961,6192.0
86,210,-3.392090082168579,1.9707576036453247,2.0
86,211,-10.563234329223633,33.82086944580078,220.0
86,212,-9.360943794250488,10.383687019348145,15.0
86,213,-15.198205947875977,158.54978942871094,2015.0
86,214,-7.485592842102051,6.497375011444092,38.0
86,215,-32.7957649230957,15.378655433654785,102.0
86,216,-6.630636692047119,5.247014045715332,6.0
86,217,-19.145875930786133,591.084228515625,901.0
86,218,-9.89401626586914,11.863946914672852,11.0
86,219,-14.921878814697266,41.69868850708008,281.0
86,220,-13.620984077453613,93.72154235839844,2192.0
86,221,-4.923867225646973,2.6772053241729736,3.0
86,222,-23.048236846923828,26.912883758544922,205.0
86,223,-3.472708225250244,3.1821892261505127,2.0
86,224,-1.3016661405563354,1.9171373844146729,1.0
86,225,-17.13819122314453,11.568814277648926,109.0
86,226,-10.502062797546387,33.13822937011719,336.0
86,227,-13.821732521057129,31.6720027923584,328.0
86,228,-13.1365966796875,6.531630992889404,131.0
86,229,-17.790420532226562,4.404095649719238,43.0
86,230,-22.83649253845215,9.812422752380371,264.0
86,231,-6.141041278839111,2.7829370498657227,3.0
86,232,-0.9954355359077454,1.3934905529022217,1.0
86,233,-11.478160858154297,45.88111877441406,158.0
86,234,-14.512971878051758,37.64661407470703,47.0
86,235,-17.33075714111328,76.1488037109375,242.0
86,236,-12.949014663696289,74.9137954711914,34.0
86,237,-22.166088104248047,84.201904296875,739.0
86,238,-34.206180572509766,17.296689987182617,2104.0
86,239,-7.35244607925415,3.4055542945861816,7.0
86,240,-17.182710647583008,17.52774429321289,1289.0
86,241,-7.641936302185059,12.772724151611328,58.0
86,242,-37.81896209716797,222.0070343017578,1892.0
86,243,-14.205663681030273,7.609371662139893,21.0
86,244,-7.847545623779297,13.678817749023438,10.0
86,245,-9.880743026733398,7.214902400970459,10.0
86,246,-6.827480316162109,5.511683464050293,6.0
86,247,-19.99692153930664,28.01724624633789,89.0
86,248,-10.081340789794922,4.221504211425781,3.0
86,249,-13.863056182861328,16.00035858154297,104.0
86,250,-29.974409103393555,42.38528060913086,1727.0
86,251,-21.27097511291504,70.40013122558594,371.0
86,252,-24.16546630859375,20.50529670715332,62.0
86,253,-32.562583923339844,673.51953125,990.0
86,254,-11.809236526489258,7.1578240394592285,5.0
86,255,-17.607601165771484,12.37120532989502,56.0
86,256,-16.237869262695312,57.94343948364258,195.0
86,257,-20.361888885498047,162.46656799316406,552.0
86,258,-5.5901079177856445,3.0587966442108154,2.0
86,259,-11.306798934936523,9.596128463745117,251.0
86,260,-8.535744667053223,17.205829620361328,15.0
86,261,-21.732650756835938,6.1168928146362305,101.0
86,262,-13.799703598022461,99.4744873046875,94.0
86,263,-14.954258918762207,19.902629852294922,10.0
86,264,-8.136491775512695,15.061833381652832,29.0
86,265,-8.198022842407227,15.373948097229004,51.0
86,266,-9.668596267700195,25.099937438964844,163.0
86,267,-11.964282989501953,19.906986236572266,90.0
86,268,-21.762624740600586,37.603759765625,72.0
86,269,-1.7815427780151367,1.4280481338500977,1.0
86,270,-3.087812900543213,1.8544026613235474,1.0
86,271,-14.888336181640625,11.957865715026855,40.0
86,272,-6.7071638107299805,9.353226661682129,4.0
86,273,-8.916200637817383,9.291036605834961,14.0
86,274,-8.518959045410156,8.412677764892578,22.0
86,275,-6.686058044433594,5.320219039916992,20.0
86,276,-13.850439071655273,7.2328572273254395,10.0
86,277,-18.35771942138672,98.43829345703125,540.0
86,278,-17.232372283935547,11.725517272949219,115.0
86,279,-10.038533210754395,7.446221351623535,220.0
86,280,-16.87001609802246,8.237954139709473,38.0
86,281,-13.06357192993164,77.82978057861328,57.0
86,282,-6.190739154815674,7.874107360839844,3.0
86,283,-13.301749229431152,84.26078796386719,1001.0
86,284,-10.098567008972168,7.536165237426758,115.0
86,285,-20.475906372070312,6.433032512664795,8.0
86,286,-21.107975006103516,6.813506126403809,9.0
86,287,-2.2382590770721436,3.062187671661377,2.0
86,288,-13.1205472946167,13.79228687286377,751.0
86,289,-30.841796875,21.84953498840332,102.0
86,290,-17.643712997436523,82.34586334228516,46.0
86,291,-5.2394304275512695,3.705645799636841,5.0
86,292,-8.32685375213623,8.018195152282715,11.0
86,293,-0.9191327691078186,1.2583271265029907,1.0
86,294,-18.724035263061523,107.87885284423828,51.0
86,295,-5.870931148529053,18.83026885986328,30.0
86,296,-27.801212310791016,21.955629348754883,194.0
86,297,-20.083492279052734,17.620628356933594,51.0
86,298,-17.551738739013672,33.459903717041016,6892.0
86,299,-18.138336181640625,8683.3974609375,382.0
86,300,-25.024991989135742,271711.46875,5093.0
86,301,-23.788909912109375,14.058290481567383,608.0
86,302,-9.145160675048828,9.838371276855469,7.0
86,303,-14.742923736572266,19.078933715820312,1815.0
88,0,-21.06667709350586,33.48551559448242,111.0
88,1,-2.5096216201782227,1.872745156288147,1.0
88,2,-8.555208206176758,17.317821502685547,3.0
88,3,-7.989906311035156,14.343576431274414,85.0
88,4,-18.54696273803711,14.147899627685547,135.0
88,5,-29.965497970581055,27.92436981201172,123.0
88,6,-38.071189880371094,68.72631072998047,1795.0
88,7,-12.666518211364746,6.1074090003967285,102.0
88,8,-5.38870096206665,6.026905536651611,5.0
88,9,-10.732124328613281,8.554220199584961,7.0
88,10,-22.56568145751953,281.86279296875,1187.0
88,11,-7.493600845336914,4.475956916809082,9.0
88,12,-9.444215774536133,10.602119445800781,7.0
88,13,-7.830162048339844,3.060549736022949,8.0
88,14,-20.6973934173584,991.4130859375,299.0
88,15,-6.516404151916504,2.258160352706909,13.0
88,16,-7.2424468994140625,6.114186763763428,17.0
88,17,-17.867162704467773,385.9550476074219,217.0
88,18,-20.875247955322266,34119.48828125,1841.0
88,19,-17.102073669433594,11.50927734375,22.0
88,20,-12.745373725891113,12.795258522033691,29.0
88,21,-11.993267059326172,54.47575378417969,27.0
88,22,-10.991138458251953,9.009032249450684,11.0
88,23,-3.758671760559082,1.71078622341156,2.0
88,24,-6.66087532043457,9.2100191116333,6.0
88,25,-3.9394850730895996,3.7179102897644043,5.0
88,26,-3.5634379386901855,2.437223434448242,4.0
88,27,-7.438243389129639,4.426674842834473,18.0
88,28,-9.760462760925293,3.387383460998535,35.0
88,29,-19.252323150634766,15.64782428741455,30.0
88,30,-5.248124599456787,2.856579542160034,4.0
88,31,-10.52541446685791,33.39718246459961,30.0
88,32,-10.052480697631836,12.3433837890625,103.0
88,33,-13.275819778442383,5.256563186645508,42.0
88,34,-9.26065444946289,21.908720016479492,82.0
88,35,-6.101259231567383,7.642717361450195,13.0
88,36,-17.69839859008789,364.8426208496094,454.0
88,37,-22.68924903869629,9.668999671936035,167.0
88,38,-43.63248825073242,52.80415725708008,15208.0
88,39,-11.071486473083496,40.064693450927734,59.0
88,40,-9.569366455078125,24.28329849243164,16.0
88,41,-8.42495346069336,8.217272758483887,10.0
88,42,-9.983918190002441,147.22457885742188,155.0
88,43,-39.43077087402344,714.6514892578125,1780.0
88,44,-3.7522356510162354,6.528112411499023,3.0
88,45,-10.53822135925293,5.791378021240234,10.0
88,46,-11.607904434204102,47.908912658691406,93.0
88,47,-5.543382167816162,3.9982051849365234,12.0
88,48,-20.456745147705078,166.3653564453125,3290.0
88,49,-15.73600959777832,5.745664596557617,23.0
88,50,-13.648423194885254,94.5826644897461,1256.0
88,51,-12.68913745880127,68.69747924804688,123.0
88,52,-9.089197158813477,6.158537864685059,51.0
88,53,-5.3028106689453125,5.8568010330200195,3.0
88,54,-31.33791732788086,185.4872589111328,7631.0
88,55,-19.39305877685547,25.334739685058594,18.0
88,56,-6.32087516784668,8.223191261291504,13.0
88,57,-6.172163009643555,4.678795337677002,3.0
88,58,-8.90669059753418,9.268973350524902,13.0
88,59,-24.689151763916016,34.02248764038086,252.0
88,60,-9.94076919555664,12.00342845916748,36.0
88,61,-10.697831153869629,35.37281799316406,21.0
88,62,-24.28205108642578,432.9026184082031,323.0
88,63,-11.259516716003418,4.995324611663818,13.0
88,64,-8.400918006896973,5.366541385650635,9.0
88,65,-4.700734615325928,4.791826248168945,2.0
88,66,-15.740570068359375,13.782896041870117,7.0
88,67,-6.800135135650635,3.896298408508301,3.0
88,68,-15.402700424194336,6.857463359832764,40.0
88,69,-9.4365873336792,23.231962203979492,14.0
88,70,-5.447902679443359,3.9038984775543213,3.0
88,71,-9.864347457885742,1.852473497390747,63.0
88,72,-14.015018463134766,33.240020751953125,22.0
88,73,-12.583966255187988,23.242712020874023,14.0
88,74,-15.094971656799316,153.18666076660156,398.0
88,75,-8.17744255065918,1.9767489433288574,6.0
88,76,-6.684848785400391,3.807488203048706,10.0
88,77,-14.702648162841797,18.925867080688477,53.0
88,78,-7.600019931793213,3.5490145683288574,2.0
88,79,-13.49813175201416,3.8567049503326416,80.0
88,80,-5.964920997619629,3.296905279159546,11.0
88,81,-9.623031616210938,3.3296890258789062,44.0
88,82,-5.193102836608887,2.825317144393921,4.0
88,83,-21.797637939453125,7.254365921020508,294.0
88,84,-8.724980354309082,18.32611083984375,82.0
88,85,-4.245866775512695,8.355612754821777,3.0
88,86,-4.358102798461914,4.27464485168457,4.0
88,87,-32.87828826904297,60.933677673339844,301.0
88,88,-13.602170944213867,5.475432872772217,99.0
88,89,-16.17275619506836,25.39497184753418,58.0
88,90,-13.249378204345703,14.152277946472168,199.0
88,91,-15.600125312805176,13.464019775390625,14.0
88,92,-4.691041946411133,4.776369094848633,1.0
88,93,-6.537776470184326,3.697124481201172,4.0
88,94,-7.138285160064697,4.168920040130615,19.0
88,95,-16.74664878845215,5.337006092071533,246.0
88,96,-10.609563827514648,34.347225189208984,20.0
88,97,-4.499922752380371,4.481573581695557,5.0
88,98,-17.480323791503906,4.899437427520752,21.0
88,99,-15.959542274475098,7.35178279876709,133.0
88,100,-12.859131813049316,6.277795314788818,46.0
88,101,-25.14444351196289,9.834123611450195,271.0
88,102,-19.21592903137207,121.99526977539062,80.0
88,103,-9.253215789794922,21.854463577270508,275.0
88,104,-20.13882064819336,822.9868774414062,18529.0
88,105,-32.361236572265625,25.434934616088867,122.0
88,106,-30.046302795410156,73.13658905029297,549.0
88,107,-9.919249534606934,27.287166595458984,35.0
88,108,-16.818279266357422,28.89463233947754,45.0
88,109,-4.734828472137451,4.846593856811523,2.0
88,110,-24.62213134765625,471.3179016113281,6094.0
88,111,-7.832818984985352,3.689422130584717,12.0
88,112,-10.504670143127441,8.17380142211914,20.0
88,113,-9.867745399475098,11.786283493041992,12.0
88,114,-5.455374240875244,3.9111971855163574,6.0
88,115,-15.662532806396484,13.604792594909668,30.0
88,116,-11.074651718139648,6.3330078125,6.0
88,117,-4.941118240356445,2.02561616897583,4.0
88,118,-13.486166000366211,2.1153736114501953,8.0
88,119,-3.7627739906311035,1.6005492210388184,3.0
88,120,-6.517586708068848,8.780461311340332,7.0
88,121,-11.83704948425293,7.191082000732422,13.0
88,122,-20.083412170410156,6.207540512084961,30.0
88,123,-5.907021522521973,4.3787150382995605,2.0
88,124,-14.54094409942627,11.285184860229492,11.0
88,125,-13.92275619506836,32.48209762573242,112.0
88,126,-13.756900787353516,98.06531524658203,1258.0
88,127,-8.490734100341797,16.949609756469727,10.0
88,128,-9.74191665649414,5.071582317352295,11.0
88,129,-20.1444034576416,17.77462387084961,53.0
88,130,-14.08200454711914,1142.5322265625,1637.0
88,131,-13.24812126159668,5.238394737243652,73.0
88,132,-25.506650924682617,70.18317413330078,62.0
88,133,-15.33390998840332,12.879690170288086,34.0
88,134,-18.592376708984375,491.4984436035156,152.0
88,135,-9.202384948730469,99.60301971435547,16.0
88,136,-1.3372265100479126,1.5616487264633179,1.0
88,137,-5.779982089996338,4.241833209991455,2.0
88,138,-7.863766670227051,3.7085013389587402,2.0
88,139,-15.49101448059082,9.143122673034668,12.0
88,140,-18.254989624023438,38.51308059692383,34.0
88,141,-12.673970222473145,12.6138334274292,50.0
88,142,-5.389115810394287,3.8469436168670654,1.0
88,143,-8.617246627807617,17.679672241210938,76.0
88,144,-9.093034744262695,20.718181610107422,81.0
88,145,-7.512556076049805,6.541320323944092,5.0
88,146,-5.266341686248779,13.917831420898438,4.0
88,147,-6.584687232971191,2.5616960525512695,4.0
88,148,-1.2339247465133667,1.508790373802185,1.0
88,149,-29.081764221191406,335.74530029296875,476.0
88,150,-8.812749862670898,18.87018585205078,8.0
88,151,-12.949599266052246,13.328701972961426,15.0
88,152,-9.736990928649902,25.678747177124023,20.0
88,153,-9.203567504882812,6.301033020019531,6.0
88,154,-20.86313247680664,184.15599060058594,483.0
88,155,-22.401193618774414,270.5071105957031,69.0
88,156,-12.393171310424805,62.24369430541992,41.0
88,157,-14.463191986083984,124.09706115722656,158.0
88,158,-4.319772243499756,2.944511890411377,3.0
88,159,-11.326531410217285,288.0879211425781,583.0
88,160,-8.68631649017334,18.091440200805664,17.0
88,161,-13.694341659545898,9.800078392028809,35.0
88,162,-13.584202766418457,4.523815631866455,36.0
88,163,-5.436237812042236,6.123166561126709,6.0
88,164,-8.753753662109375,18.50272560119629,8.0
88,165,-17.706451416015625,19.126510620117188,56.0
88,166,-16.433198928833008,2.110581636428833,8.0
88,167,-15.09001350402832,8.634072303771973,13.0
88,168,-3.440000057220459,1.9897321462631226,2.0
88,169,-9.632464408874512,11.113005638122559,10.0
88,170,-22.949010848999023,45.82524490356445,57.0
88,171,-17.927101135253906,36.06850814819336,65.0
88,172,-11.963432312011719,7.3441596031188965,12.0
88,173,-12.912434577941895,13.229999542236328,500.0
88,174,-15.94049072265625,9.749468803405762,19.0
88,175,-25.48236083984375,163.44430541992188,182.0
88,176,-14.359220504760742,10.948512077331543,25.0
88,177,-12.849433898925781,2.1294188499450684,8.0
88,178,-26.74228286743164,5.946596145629883,20.0
88,179,-14.573789596557617,1461.02685546875,5849.0
88,180,-13.159323692321777,26.83832550048828,23.0
88,181,-13.842491149902344,100.90342712402344,241.0
88,182,-16.404674530029297,60.41084671020508,59.0
88,183,-13.408745765686035,28.565122604370117,15.0
88,184,-38.21504211425781,234.9310302734375,1111.0
88,185,-12.198556900024414,5.712467193603516,26.0
88,186,-4.518889904022217,2.4689128398895264,7.0
88,187,-12.459407806396484,507.60516357421875,1120.0
88,188,-13.647433280944824,94.55146026611328,2153.0
88,189,-8.022612571716309,14.50080394744873,25.0
88,190,-24.261608123779297,20.753210067749023,26.0
88,191,-12.54429817199707,12.29090690612793,1561.0
88,192,-13.833483695983887,10.030000686645508,17.0
88,193,-13.3885498046875,28.421260833740234,37.0
88,194,-17.080181121826172,5115.8076171875,465.0
88,195,-5.0089111328125,3.4981274604797363,6.0
88,196,-22.401023864746094,270.4956359863281,13606.0
88,197,-11.599430084228516,18.171554565429688,1538.0
88,198,-9.116471290588379,2.488417863845825,39.0
88,199,-10.577351570129395,8.293485641479492,42.0
88,200,-16.306743621826172,3.5056111812591553,63.0
88,201,-9.914338111877441,142.19068908691406,302.0
88,202,-6.891557216644287,31.367694854736328,42.0
88,203,-31.964527130126953,24.445659637451172,706.0
88,204,-6.709424018859863,5.351388454437256,5.0
88,205,-14.946624755859375,19.872264862060547,435.0
88,206,-6.673633575439453,5.303719520568848,46.0
88,207,-11.188668251037598,16.39812660217285,807.0
88,208,-13.991196632385254,106.03106689453125,2928.0
88,209,-26.550304412841797,27.626848220825195,6162.0
88,210,-3.4198873043060303,1.981744408607483,2.0
88,211,-10.50711727142334,33.19411087036133,222.0
88,212,-9.3638334274292,10.391189575195312,15.0
88,213,-15.173794746398926,157.26486206054688,2020.0
88,214,-7.53366756439209,6.575936317443848,39.0
88,215,-32.73527145385742,15.301323890686035,106.0
88,216,-6.675987720489502,5.30684232711792,6.0
88,217,-19.10532569885254,583.1486206054688,876.0
88,218,-9.855612754821777,11.750587463378906,11.0
88,219,-14.767426490783691,40.1192626953125,277.0
88,220,-13.642658233642578,94.40108489990234,2291.0
88,221,-4.913668632507324,2.671750068664551,3.0
88,222,-23.141929626464844,27.275529861450195,203.0
88,223,-3.4434826374053955,3.151339054107666,2.0
88,224,-1.320516586303711,1.93529212474823,1.0
88,225,-17.168731689453125,11.619400024414062,108.0
88,226,-10.544567108154297,33.6110725402832,339.0
88,227,-13.850204467773438,31.898250579833984,329.0
88,228,-13.160749435424805,6.554206371307373,130.0
88,229,-17.747474670410156,4.388362884521484,44.0
88,230,-22.77279281616211,9.750117301940918,253.0
88,231,-6.137661933898926,2.781369924545288,3.0
88,232,-1.0004932880401611,1.3958418369293213,1.0
88,233,-11.439453125,45.29293441772461,156.0
88,234,-14.502655029296875,37.54963684082031,47.0
88,235,-17.290021896362305,75.37725067138672,233.0
88,236,-13.019570350646973,76.69654083251953,38.0
88,237,-22.652976989746094,92.81379699707031,746.0
88,238,-34.250370025634766,17.36050033569336,2149.0
88,239,-7.334981918334961,3.395655870437622,7.0
88,240,-17.241985321044922,17.70176124572754,1342.0
88,241,-7.637195110321045,12.752556800842285,57.0
88,242,-37.852874755859375,223.08518981933594,1943.0
88,243,-14.320035934448242,7.7347211837768555,21.0
88,244,-7.847215175628662,13.677311897277832,10.0
88,245,-9.897969245910645,7.239802360534668,10.0
88,246,-6.785453796386719,5.454077243804932,6.0
88,247,-19.942686080932617,27.765132904052734,85.0
88,248,-10.054880142211914,4.2055768966674805,3.0
88,249,-13.834983825683594,15.91077995300293,106.0
88,250,-29.919504165649414,42.09537887573242,1730.0
88,251,-21.23505401611328,69.89616394042969,363.0
88,252,-24.25267791748047,20.730058670043945,67.0
88,253,-32.51112365722656,666.6231689453125,972.0
88,254,-11.697654724121094,7.025941371917725,5.0
88,255,-17.607789993286133,12.371538162231445,55.0
88,256,-16.233163833618164,57.87531280517578,197.0
88,257,-20.289796829223633,159.5646514892578,522.0
88,258,-5.564540863037109,3.0431954860687256,2.0
88,259,-11.392179489135742,9.761401176452637,253.0
88,260,-8.548102378845215,17.27684783935547,15.0
88,261,-21.771835327148438,6.136899471282959,101.0
88,262,-13.765443801879883,98.344970703125,93.0
88,263,-14.983447074890137,20.01915168762207,10.0
88,264,-8.084304809570312,14.802087783813477,29.0
88,265,-8.272796630859375,15.761951446533203,53.0
88,266,-9.71360969543457,25.47939109802246,168.0
88,267,-11.98393726348877,20.005043029785156,90.0
88,268,-21.72071647644043,37.34202194213867,72.0
88,269,-1.7551966905593872,1.4205431938171387,1.0
88,270,-3.050069570541382,1.8404569625854492,1.0
88,271,-14.852285385131836,11.88623332977295,40.0
88,272,-6.750149726867676,9.488208770751953,4.0
88,273,-8.95263957977295,9.376062393188477,14.0
88,274,-8.584555625915527,8.551775932312012,25.0
88,275,-6.712562561035156,5.355588912963867,20.0
88,276,-13.843524932861328,7.225717067718506,10.0
88,277,-18.46172332763672,101.03134155273438,564.0
88,278,-17.295469284057617,11.831686973571777,117.0
88,279,-10.05107307434082,7.464919090270996,229.0
88,280,-16.851482391357422,8.218891143798828,37.0
88,281,-13.04768180847168,77.41863250732422,57.0
88,282,-6.16728401184082,7.812783718109131,3.0
88,283,-13.344766616821289,85.47769927978516,1024.0
88,284,-10.048752784729004,7.461456298828125,108.0
88,285,-20.303951263427734,6.333251476287842,7.0
88,286,-21.111629486083984,6.815770149230957,9.0
88,287,-2.2315104007720947,3.0518720149993896,3.0
88,288,-13.236175537109375,14.114958763122559,773.0
88,289,-30.76465606689453,21.6816349029541,101.0
88,290,-17.70761489868164,83.67194366455078,46.0
88,291,-5.186898708343506,3.6572980880737305,5.0
88,292,-8.337346076965332,8.03925609588623,12.0
88,293,-0.9063860774040222,1.2543237209320068,1.0
88,294,-18.685199737548828,106.83653259277344,49.0
88,295,-5.973313331604004,19.81930923461914,30.0
88,296,-27.870433807373047,22.12514877319336,195.0
88,297,-20.064144134521484,17.571992874145508,51.0
88,298,-17.659339904785156,34.187767028808594,6898.0
88,299,-18.14798355102539,8725.3837890625,381.0
88,300,-24.97126007080078,264508.875,4982.0
88,301,-23.787906646728516,14.056722640991211,619.0
88,302,-9.136531829833984,9.817171096801758,7.0
88,303,-14.718893051147461,18.987455368041992,1784.0
90,0,-21.118022918701172,33.77330017089844,115.0
90,1,-2.4938764572143555,1.8653881549835205,1.0
90,2,-8.57673454284668,17.442529678344727,3.0
90,3,-8.07076644897461,14.735438346862793,91.0
90,4,-18.3994083404541,13.85279369354248,135.0
90,5,-29.97026824951172,27.939172744750977,123.0
90,6,-38.1025505065918,68.96622467041016,1779.0
90,7,-12.700139999389648,6.136814117431641,102.0
90,8,-5.401026248931885,6.051717758178711,5.0
90,9,-10.750707626342773,8.586073875427246,7.0
90,10,-22.824115753173828,300.6746826171875,1237.0
90,11,-7.569288730621338,4.544227123260498,9.0
90,12,-9.433414459228516,10.573529243469238,6.0
90,13,-7.969944000244141,3.122279644012451,10.0
90,14,-20.670257568359375,982.4856567382812,298.0
90,15,-6.532291889190674,2.2626495361328125,13.0
90,16,-7.22432804107666,6.086553573608398,17.0
90,17,-17.87407875061035,386.8459167480469,210.0
90,18,-20.81243324279785,33064.5390625,1791.0
90,19,-17.114063262939453,11.529006958007812,22.0
90,20,-12.78788948059082,12.904522895812988,28.0
90,21,-11.981155395507812,54.25625991821289,26.0
90,22,-10.960565567016602,8.954113960266113,11.0
90,23,-3.7687032222747803,1.7132396697998047,2.0
90,24,-6.67470645904541,9.252577781677246,6.0
90,25,-3.924989700317383,3.6999893188476562,5.0
90,26,-3.5468101501464844,2.4271130561828613,4.0
90,27,-7.488648414611816,4.4715256690979,20.0
90,28,-9.877856254577637,3.4374570846557617,35.0
90,29,-19.323436737060547,15.807600021362305,33.0
90,30,-5.246877193450928,2.8558669090270996,4.0
90,31,-10.502052307128906,33.13811111450195,30.0
90,32,-10.052326202392578,12.342906951904297,101.0
90,33,-13.330289840698242,5.292476177215576,40.0
90,34,-9.281517028808594,22.061609268188477,82.0
90,35,-6.092193126678467,7.619654178619385,13.0
90,36,-17.643203735351562,358.1914978027344,439.0
90,37,-22.676963806152344,9.65712833404541,162.0
90,38,-43.62104797363281,52.74925994873047,15248.0
90,39,-11.110845565795898,40.59379577636719,59.0
90,40,-9.555097579956055,24.168075561523438,17.0
90,41,-8.488750457763672,8.349382400512695,10.0
90,42,-9.966184616088867,145.9249267578125,154.0
90,43,-39.47502136230469,719.941650390625,1735.0
90,44,-3.8208541870117188,6.755973815917969,3.0
90,45,-10.596206665039062,5.847618579864502,10.0
90,46,-11.638540267944336,48.40066146850586,94.0
90,47,-5.5891547203063965,4.044219970703125,13.0
90,48,-20.530860900878906,169.47665405273438,3264.0
90,49,-15.694572448730469,5.719271659851074,23.0
90,50,-13.644237518310547,94.45079803466797,1243.0
90,51,-12.645318984985352,67.70137786865234,125.0
90,52,-9.173896789550781,6.263751983642578,52.0
90,53,-5.292080879211426,5.835891246795654,3.0
90,54,-31.35899543762207,186.1400146484375,7544.0
90,55,-19.37501335144043,25.258657455444336,17.0
90,56,-6.3493242263793945,8.301543235778809,13.0
90,57,-6.1715264320373535,4.678050994873047,3.0
90,58,-8.90739631652832,9.270609855651855,13.0
90,59,-24.63653564453125,33.7677116394043,242.0
90,60,-9.961711883544922,12.066439628601074,36.0
90,61,-10.673425674438477,35.08622741699219,18.0
90,62,-24.295734405517578,434.3860168457031,324.0
90,63,-11.234121322631836,4.977234840393066,13.0
90,64,-8.330221176147461,5.291195392608643,9.0
90,65,-4.733817100524902,4.8449602127075195,2.0
90,66,-15.696595191955566,13.682247161865234,7.0
90,67,-6.761780738830566,3.866525173187256,3.0
90,68,-15.498615264892578,6.9401750564575195,42.0
90,69,-9.494667053222656,23.68611717224121,15.0
90,70,-5.351822853088379,3.811244010925293,3.0
90,71,-9.827768325805664,1.8482431173324585,61.0
90,72,-14.074283599853516,33.73617935180664,22.0
90,73,-12.566978454589844,23.144208908081055,14.0
90,74,-15.125886917114258,154.77340698242188,393.0
90,75,-8.142955780029297,1.9710760116577148,6.0
90,76,-6.7077860832214355,3.824995279312134,10.0
90,77,-14.718388557434082,18.98554229736328,52.0
90,78,-7.602470874786377,3.550464630126953,2.0
90,79,-13.528331756591797,3.8683695793151855,78.0
90,80,-5.877099514007568,3.2395029067993164,11.0
90,81,-9.706562042236328,3.364637613296509,44.0
90,82,-5.196551322937012,2.827266216278076,4.0
90,83,-21.78128433227539,7.243588447570801,293.0
90,84,-8.708654403686523,18.226648330688477,82.0
90,85,-4.261033058166504,8.419214248657227,3.0
90,86,-4.3858489990234375,4.3143630027771,4.0
90,87,-32.82832717895508,60.5543212890625,290.0
90,88,-13.559530258178711,5.446325778961182,96.0
90,89,-16.269210815429688,25.889619827270508,59.0
90,90,-13.220396041870117,14.070484161376953,197.0
90,91,-15.610794067382812,13.487980842590332,14.0
90,92,-4.7714362144470215,4.906097412109375,1.0
90,93,-6.519850730895996,3.6838932037353516,4.0
90,94,-7.153227806091309,4.181397914886475,20.0
90,95,-16.79094696044922,5.360700607299805,251.0
90,96,-10.605929374694824,34.305641174316406,20.0
90,97,-4.512083053588867,4.499776840209961,6.0
90,98,-17.472257614135742,4.895845890045166,21.0
90,99,-16.00494384765625,7.3936238288879395,134.0
90,100,-12.884049415588379,6.3001813888549805,45.0
90,101,-24.990657806396484,9.697595596313477,261.0
90,102,-19.302959442138672,124.67868041992188,83.0
90,103,-9.3206787109375,22.351486206054688,282.0
90,104,-20.243696212768555,852.265869140625,18959.0
90,105,-32.33332061767578,25.364032745361328,124.0
90,106,-30.002578735351562,72.68119812011719,546.0
90,107,-9.859466552734375,26.748779296875,35.0
90,108,-16.848251342773438,29.068363189697266,46.0
90,109,-4.669261932373047,4.741818428039551,2.0
90,110,-24.56372833251953,464.4862976074219,5909.0
90,111,-7.715812683105469,3.618171453475952,9.0
90,112,-10.498610496520996,8.163901329040527,20.0
90,113,-9.873672485351562,11.803759574890137,12.0
90,114,-5.497799873352051,3.952901840209961,6.0
90,115,-15.649219512939453,13.574638366699219,30.0
90,116,-11.096803665161133,6.356432914733887,6.0
90,117,-4.9406304359436035,2.025475025177002,4.0
90,118,-13.431636810302734,2.1089749336242676,8.0
90,119,-3.737656593322754,1.5955318212509155,3.0
90,120,-6.413536071777344,8.4811429977417,6.0
90,121,-11.79640007019043,7.142528057098389,13.0
90,122,-20.115455627441406,6.225649833679199,30.0
90,123,-5.949868202209473,4.425870895385742,2.0
90,124,-14.607495307922363,11.411054611206055,11.0
90,125,-13.9261474609375,32.509647369384766,114.0
90,126,-13.725814819335938,97.05438995361328,1210.0
90,127,-8.464157104492188,16.800113677978516,10.0
90,128,-9.749042510986328,5.077608585357666,11.0
90,129,-20.13491439819336,17.75054931640625,53.0
90,130,-14.174206733703613,1196.4371337890625,1710.0
90,131,-13.20676326751709,5.211383819580078,73.0
90,132,-25.646455764770508,71.83769226074219,63.0
90,133,-15.324063301086426,12.85857105255127,34.0
90,134,-18.632049560546875,498.04144287109375,152.0
90,135,-9.15497875213623,97.26988220214844,16.0
90,136,-1.3325185775756836,1.5592000484466553,1.0
90,137,-5.783536911010742,4.245604515075684,2.0
90,138,-7.835737228393555,3.6912169456481934,2.0
90,139,-15.412030220031738,9.040536880493164,13.0
90,140,-18.201698303222656,38.104774475097656,32.0
90,141,-12.757643699645996,12.826696395874023,51.0
90,142,-5.399125099182129,3.856581926345825,1.0
90,143,-8.587654113769531,17.506135940551758,74.0
90,144,-9.092138290405273,20.711992263793945,82.0
90,145,-7.494946479797363,6.5125861167907715,5.0
90,146,-5.247796058654785,13.7893705368042,4.0
90,147,-6.5611419677734375,2.5530941486358643,4.0
90,148,-1.228461742401123,1.5060454607009888,1.0
90,149,-29.15485191345215,340.6890869140625,481.0
90,150,-8.816935539245605,18.89653205871582,8.0
90,151,-12.990084648132324,13.437066078186035,15.0
90,152,-9.697227478027344,25.340635299682617,20.0
90,153,-9.144500732421875,6.227034091949463,6.0
90,154,-20.832082748413086,182.73202514648438,478.0
90,155,-22.41289520263672,271.29962158203125,68.0
90,156,-12.421308517456055,62.83021545410156,41.0
90,157,-14.491021156311035,125.25359344482422,164.0
90,158,-4.311802864074707,2.9386513233184814,3.0
90,159,-11.315078735351562,286.44293212890625,581.0
90,160,-8.71873664855957,18.288007736206055,17.0
90,161,-13.599465370178223,9.646329879760742,36.0
90,162,-13.471250534057617,4.467395782470703,36.0
90,163,-5.489499568939209,6.232846736907959,6.0
90,164,-8.751778602600098,18.490543365478516,8.0
90,165,-17.650964736938477,18.95044708251953,52.0
90,166,-16.47963523864746,2.1150412559509277,8.0
90,167,-15.118180274963379,8.668883323669434,13.0
90,168,-3.4397993087768555,1.9896522760391235,2.0
90,169,-9.581560134887695,10.972476959228516,10.0
90,170,-22.89128875732422,45.386505126953125,57.0
90,171,-18.01821517944336,36.73180389404297,66.0
90,172,-11.956123352050781,7.335218906402588,12.0
90,173,-12.978558540344238,13.40612506866455,506.0
90,174,-15.955679893493652,9.770649909973145,19.0
90,175,-25.532188415527344,165.08123779296875,185.0
90,176,-14.382381439208984,10.990854263305664,25.0
90,177,-12.735527038574219,2.1151986122131348,8.0
90,178,-26.866844177246094,5.996181964874268,20.0
90,179,-14.655943870544434,1522.2913818359375,5977.0
90,180,-13.13827133178711,26.697444915771484,23.0
90,181,-13.927498817443848,103.80347442626953,251.0
90,182,-16.54135513305664,62.510765075683594,61.0
90,183,-13.430912017822266,28.72385597229004,15.0
90,184,-38.19135284423828,234.13722229003906,1114.0
90,185,-12.185515403747559,5.701834201812744,26.0
90,186,-4.524715900421143,2.4717915058135986,7.0
90,187,-12.390424728393555,490.39556884765625,1079.0
90,188,-13.646296501159668,94.51567077636719,2135.0
90,189,-7.997494220733643,14.379899024963379,25.0
90,190,-24.242570877075195,20.70388412475586,26.0
90,191,-12.429488182067871,12.011897087097168,1540.0
90,192,-13.823589324951172,10.013472557067871,17.0
90,193,-13.376821517944336,28.338048934936523,37.0
90,194,-17.107074737548828,5185.06396484375,473.0
90,195,-5.034369468688965,3.5204622745513916,6.0
90,196,-22.36872673034668,268.32037353515625,13672.0
90,197,-11.489663124084473,17.679676055908203,1459.0
90,198,-9.142897605895996,2.495002508163452,39.0
90,199,-10.406595230102539,8.015034675598145,40.0
90,200,-16.419466018676758,3.5361406803131104,67.0
90,201,-9.919593811035156,142.56483459472656,312.0
90,202,-6.8849263191223145,31.263870239257812,42.0
90,203,-31.824047088623047,24.104650497436523,713.0
90,204,-6.67128849029541,5.3006110191345215,5.0
90,205,-15.023805618286133,20.181396484375,446.0
90,206,-6.582726955413818,5.184543132781982,43.0
90,207,-11.267670631408691,16.725217819213867,833.0
90,208,-13.974528312683105,105.4435806274414,2912.0
90,209,-26.54003143310547,27.591394424438477,6180.0
90,210,-3.385258436203003,1.9680665731430054,2.0
90,211,-10.454591751098633,32.61799240112305,219.0
90,212,-9.377336502075195,10.426328659057617,15.0
90,213,-15.197223663330078,158.49786376953125,1976.0
90,214,-7.480560302734375,6.489205360412598,38.0
90,215,-32.82408905029297,15.414996147155762,107.0
90,216,-6.589425563812256,5.193232536315918,6.0
90,217,-19.05661392211914,573.75634765625,869.0
90,218,-9.79687786102295,11.579304695129395,11.0
90,219,-14.843561172485352,40.89019775390625,282.0
90,220,-13.615160942077637,93.53977966308594,2257.0
90,221,-4.950066566467285,2.691270351409912,3.0
90,222,-23.190170288085938,27.464147567749023,208.0
90,223,-3.452690839767456,3.161026954650879,2.0
90,224,-1.3163901567459106,1.9313033819198608,1.0
90,225,-17.163856506347656,11.611308097839355,109.0
90,226,-10.47625732421875,32.854400634765625,328.0
90,227,-13.834896087646484,31.776403427124023,327.0
90,228,-13.09843635559082,6.496121406555176,127.0
90,229,-17.78143882751465,4.400801181793213,44.0
90,230,-22.63326072692871,9.615017890930176,259.0
90,231,-6.17630672454834,2.799342393875122,3.0
90,232,-1.012681245803833,1.4015241861343384,1.0
90,233,-11.500692367553711,46.22700119018555,158.0
90,234,-14.493856430053711,37.467132568359375,47.0
90,235,-17.336130142211914,76.25115203857422,237.0
90,236,-12.98049259185791,75.70399475097656,39.0
90,237,-23.263809204101562,104.8742446899414,762.0
90,238,-34.19219970703125,17.276548385620117,2099.0
90,239,-7.355062007904053,3.407039165496826,6.0
90,240,-17.163299560546875,17.471132278442383,1310.0
90,241,-7.640530586242676,12.766742706298828,57.0
90,242,-37.7442741394043,219.65086364746094,1885.0
90,243,-14.326383590698242,7.741739273071289,21.0
90,244,-7.85844087600708,13.728588104248047,10.0
90,245,-9.874739646911621,7.206244468688965,10.0
90,246,-6.842263221740723,5.532090663909912,6.0
90,247,-19.996360778808594,28.01462745666504,85.0
90,248,-10.143482208251953,4.2591471672058105,3.0
90,249,-13.78349494934082,15.747775077819824,105.0
90,250,-29.93332290649414,42.16815948486328,1726.0
90,251,-21.328935623168945,71.22095489501953,368.0
90,252,-24.204750061035156,20.606237411499023,66.0
90,253,-32.379493713378906,649.3025512695312,966.0
90,254,-11.896568298339844,7.262770652770996,6.0
90,255,-17.62802505493164,12.407354354858398,55.0
90,256,-16.22292709350586,57.727386474609375,196.0
90,257,-20.103973388671875,152.3214874267578,535.0
90,258,-5.557468414306641,3.0388941764831543,2.0
90,259,-11.29326057434082,9.570181846618652,249.0
90,260,-8.505874633789062,17.035367965698242,15.0
90,261,-21.78474998474121,6.143507480621338,101.0
90,262,-13.749837875366211,97.83467864990234,92.0
90,263,-15.007941246032715,20.11746597290039,10.0
90,264,-8.12406063079834,14.999550819396973,29.0
90,265,-8.192914962768555,15.34779167175293,52.0
90,266,-9.618073463439941,24.680768966674805,154.0
90,267,-12.000585556030273,20.088478088378906,90.0
90,268,-21.736879348754883,37.442752838134766,72.0
90,269,-1.788855791091919,1.430138349533081,1.0
90,270,-3.017876625061035,1.82864511013031,1.0
90,271,-14.902270317077637,11.98567008972168,41.0
90,272,-6.755865097045898,9.506302833557129,4.0
90,273,-8.919280052185059,9.298192024230957,14.0
90,274,-8.599724769592285,8.584267616271973,25.0
90,275,-6.702331066131592,5.341907501220703,20.0
90,276,-13.851959228515625,7.234428405761719,10.0
90,277,-18.460918426513672,101.01101684570312,568.0
90,278,-17.259492874145508,11.771034240722656,116.0
90,279,-10.004623413085938,7.395891189575195,221.0
90,280,-16.82464599609375,8.191366195678711,39.0
90,281,-13.050206184387207,77.48377227783203,57.0
90,282,-6.2549729347229,8.044519424438477,3.0
90,283,-13.307178497314453,84.41340637207031,1028.0
90,284,-10.066816329956055,7.488461494445801,112.0
90,285,-20.429359436035156,6.4058685302734375,7.0
90,286,-21.075815200805664,6.793615341186523,8.0
90,287,-2.269726276397705,3.110747814178467,3.0
90,288,-13.218680381774902,14.065657615661621,768.0
90,289,-30.80388069152832,21.766847610473633,101.0
90,290,-17.725910186767578,84.0555191040039,46.0
90,291,-5.168517589569092,3.6405303478240967,5.0
90,292,-8.324016571044922,8.012510299682617,11.0
90,293,-0.9084903597831726,1.25498366355896,1.0
90,294,-18.79303741455078,109.7559585571289,48.0
90,295,-5.8708062171936035,18.829092025756836,30.0
90,296,-27.84001922607422,22.05050277709961,198.0
90,297,-20.095584869384766,17.65109634399414,51.0
90,298,-17.583194732666016,33.67107009887695,6830.0
90,299,-18.140165328979492,8691.3427734375,380.0
90,300,-25.000446319580078,268397.1875,5086.0
90,301,-23.90271759033203,14.237191200256348,634.0
90,302,-9.099418640136719,9.726505279541016,7.0
90,303,-14.625223159790039,18.63505744934082,1818.0
92,0,-21.094043731689453,33.638587951660156,113.0
92,1,-2.4916086196899414,1.864330768585205,1.0
92,2,-8.601654052734375,17.58802032470703,3.0
92,3,-8.074844360351562,14.755485534667969,90.0
92,4,-18.511913299560547,14.077238082885742,134.0
92,5,-29.93368148803711,27.825828552246094,123.0
92,6,-38.10271072387695,68.96743774414062,1811.0
92,7,-12.734640121459961,6.167133808135986,103.0
92,8,-5.356013774871826,5.961594104766846,5.0
92,9,-10.731405258178711,8.552989959716797,7.0
92,10,-22.654518127441406,288.1927490234375,1238.0
92,11,-7.546926498413086,4.523949146270752,8.0
92,12,-9.359591484069824,10.380176544189453,6.0
92,13,-7.858380317687988,3.0729122161865234,9.0
92,14,-20.7076416015625,994.8056030273438,300.0
92,15,-6.579165458679199,2.2759456634521484,13.0
92,16,-7.253155708312988,6.130577564239502,17.0
92,17,-17.880098342895508,387.6228942871094,216.0
92,18,-20.84738540649414,33647.453125,1808.0
92,19,-17.141138076782227,11.573686599731445,22.0
92,20,-12.7467679977417,12.798828125,26.0
92,21,-12.005358695983887,54.695762634277344,27.0
92,22,-10.923484802246094,8.887953758239746,11.0
92,23,-3.7768380641937256,1.7152318954467773,2.0
92,24,-6.682559490203857,9.27682876586914,6.0
92,25,-3.935190439224243,3.7125914096832275,5.0
92,26,-3.5796356201171875,2.447113037109375,4.0
92,27,-7.469749450683594,4.454656600952148,18.0
92,28,-9.824697494506836,3.41469144821167,35.0
92,29,-19.265424728393555,15.67713737487793,32.0
92,30,-5.259330749511719,2.8629891872406006,4.0
92,31,-10.480385780334473,32.8996467590332,29.0
92,32,-10.028128623962402,12.268465042114258,101.0
92,33,-13.313694953918457,5.2815093994140625,43.0
92,34,-9.20413589477539,21.49983787536621,81.0
92,35,-6.046562671661377,7.504634857177734,13.0
92,36,-17.61969757080078,355.3958740234375,444.0
92,37,-22.72368812561035,9.70235824584961,166.0
92,38,-43.7214241027832,53.23280715942383,15320.0
92,39,-11.086462020874023,40.26518630981445,59.0
92,40,-9.522418022155762,23.906234741210938,16.0
92,41,-8.407898902893066,8.18231201171875,10.0
92,42,-9.945137023925781,144.3972930908203,154.0
92,43,-39.45829772949219,717.9379272460938,1724.0
92,44,-3.6993932723999023,6.357890605926514,3.0
92,45,-10.575897216796875,5.8278584480285645,9.0
92,46,-11.609161376953125,47.928985595703125,93.0
92,47,-5.579358100891113,4.034327507019043,12.0
92,48,-20.475833892822266,167.1611785888672,3240.0
92,49,-15.71436882019043,5.731864929199219,23.0
92,50,-13.629743576049805,93.99557495117188,1239.0
92,51,-12.727909088134766,69.59107208251953,127.0
92,52,-9.152058601379395,6.236453533172607,52.0
92,53,-5.255650043487549,5.765451431274414,3.0
92,54,-31.309083938598633,184.59803771972656,7611.0
92,55,-19.485815048217773,25.72943878173828,17.0
92,56,-6.3592329025268555,8.329008102416992,13.0
92,57,-6.167906761169434,4.6738200187683105,3.0
92,58,-8.793798446655273,9.011032104492188,12.0
92,59,-24.66603660583496,33.91032409667969,247.0
92,60,-9.94857120513916,12.026864051818848,35.0
92,61,-10.666427612304688,35.00447463989258,21.0
92,62,-24.316234588623047,436.6180114746094,318.0
92,63,-11.219467163085938,4.966826438903809,13.0
92,64,-8.359728813171387,5.322514057159424,9.0
92,65,-4.758517742156982,4.885015964508057,2.0
92,66,-15.76176643371582,13.831671714782715,7.0
92,67,-6.791495323181152,3.88957142829895,3.0
92,68,-15.486173629760742,6.929389476776123,41.0
92,69,-9.46965217590332,23.48943328857422,15.0
92,70,-5.501971244812012,3.957026243209839,3.0
92,71,-9.839631080627441,1.8496140241622925,61.0
92,72,-14.043333053588867,33.47615051269531,22.0
92,73,-12.604073524475098,23.359840393066406,15.0
92,74,-14.951828956604004,146.0491180419922,383.0
92,75,-8.110008239746094,1.9656716585159302,6.0
92,76,-6.71829891204834,3.8330459594726562,10.0
92,77,-14.680582046508789,18.842527389526367,52.0
92,78,-7.569808006286621,3.531189203262329,2.0
92,79,-13.517244338989258,3.8640830516815186,78.0
92,80,-5.919010639190674,3.266771078109741,11.0
92,81,-9.633158683776855,3.333906650543213,42.0
92,82,-5.187328338623047,2.8220560550689697,4.0
92,83,-21.759233474731445,7.229082107543945,292.0
92,84,-8.746039390563965,18.455204010009766,82.0
92,85,-4.261253356933594,8.420141220092773,3.0
92,86,-4.38572883605957,4.314189910888672,4.0
92,87,-32.91829299926758,61.23914337158203,297.0
92,88,-13.51652717590332,5.417128562927246,94.0
92,89,-16.32091522216797,26.15873146057129,61.0
92,90,-13.327376365661621,14.374780654907227,201.0
92,91,-15.646300315856934,13.568037033081055,14.0
92,92,-4.7232770919799805,4.827968120574951,1.0
92,93,-6.5168867111206055,3.6817102432250977,4.0
92,94,-7.115865707397461,4.150269031524658,19.0
92,95,-16.858074188232422,5.3968071937561035,252.0
92,96,-10.603455543518066,34.27735900878906,20.0
92,97,-4.498635292053223,4.479650974273682,5.0
92,98,-17.396039962768555,4.8620405197143555,20.0
92,99,-15.933871269226074,7.328228950500488,129.0
92,100,-12.913276672363281,6.326542854309082,47.0
92,101,-25.086593627929688,9.78254222869873,266.0
92,102,-19.206350326538086,121.70347595214844,83.0
92,103,-9.273085594177246,21.999691009521484,277.0
92,104,-20.210718154907227,842.9486083984375,18926.0
92,105,-32.3641471862793,25.442340850830078,126.0
92,106,-30.00545883178711,72.71111297607422,560.0
92,107,-9.871805191040039,26.859020233154297,35.0
92,108,-16.86760711669922,29.181102752685547,46.0
92,109,-4.674533843994141,4.750158309936523,2.0
92,110,-24.607948303222656,469.6496887207031,5961.0
92,111,-7.70331335067749,3.6106419563293457,10.0
92,112,-10.514655113220215,8.190140724182129,20.0
92,113,-9.941509246826172,12.00564956665039,12.0
92,114,-5.458729267120361,3.9144792556762695,6.0
92,115,-15.508886337280273,13.26082706451416,29.0
92,116,-11.09235954284668,6.351726531982422,6.0
92,117,-4.990567207336426,2.0399763584136963,4.0
92,118,-13.528287887573242,2.1203296184539795,8.0
92,119,-3.713809013366699,1.5907827615737915,3.0
92,120,-6.381732940673828,8.391709327697754,6.0
92,121,-11.778108596801758,7.120785713195801,13.0
92,122,-20.144521713256836,6.242122173309326,29.0
92,123,-5.908510208129883,4.380344867706299,2.0
92,124,-14.642412185668945,11.477654457092285,11.0
92,125,-14.030843734741211,33.37179183959961,119.0
92,126,-13.731163024902344,97.22758483886719,1216.0
92,127,-8.502585411071777,17.016698837280273,10.0
92,128,-9.700263977050781,5.036496639251709,11.0
92,129,-20.0615291595459,17.565427780151367,53.0
92,130,-14.19234848022461,1207.3392333984375,1711.0
92,131,-13.2568941116333,5.244142532348633,75.0
92,132,-25.69696807861328,72.44500732421875,66.0
92,133,-15.34473991394043,12.902959823608398,34.0
92,134,-18.527507781982422,480.9850158691406,152.0
92,135,-9.186361312866211,98.8082046508789,16.0
92,136,-1.3498810529708862,1.5682499408721924,1.0
92,137,-5.760035037994385,4.220732688903809,2.0
92,138,-7.860968112945557,3.7067716121673584,2.0
92,139,-15.544742584228516,9.213571548461914,13.0
92,140,-18.2791748046875,38.6998176574707,34.0
92,141,-12.747589111328125,12.800930976867676,51.0
92,142,-5.425974369049072,3.8825554847717285,1.0
92,143,-8.643475532531738,17.834924697875977,77.0
92,144,-9.090313911437988,20.699399948120117,80.0
92,145,-7.480351448059082,6.488866806030273,5.0
92,146,-5.2926225662231445,14.101924896240234,4.0
92,147,-6.572286605834961,2.557162046432495,4.0
92,148,-1.2644217014312744,1.5242063999176025,1.0
92,149,-29.14368438720703,339.9289855957031,483.0
92,150,-8.815845489501953,18.889667510986328,8.0
92,151,-13.068605422973633,13.649748802185059,15.0
92,152,-9.714348793029785,25.485668182373047,20.0
92,153,-9.190413475036621,6.284477233886719,6.0
92,154,-20.936126708984375,187.54742431640625,494.0
92,155,-22.393505096435547,269.9876708984375,68.0
92,156,-12.381049156188965,61.99269104003906,40.0
92,157,-14.521669387817383,126.5397720336914,164.0
92,158,-4.32611083984375,2.9491817951202393,3.0
92,159,-11.380002975463867,295.8940734863281,578.0
92,160,-8.724750518798828,18.324703216552734,17.0
92,161,-13.671843528747559,9.763398170471191,36.0
92,162,-13.54676628112793,4.505037307739258,36.0
92,163,-5.4528374671936035,6.157141208648682,6.0
92,164,-8.758439064025879,18.531641006469727,8.0
92,165,-17.642528533935547,18.923818588256836,55.0
92,166,-16.41390037536621,2.1087310314178467,8.0
92,167,-15.100202560424805,8.646648406982422,13.0
92,168,-3.433777332305908,1.9872573614120483,2.0
92,169,-9.576896667480469,10.959692001342773,10.0
92,170,-22.88863182067871,45.36640548706055,58.0
92,171,-17.975933074951172,36.42250061035156,65.0
92,172,-11.92988395690918,7.303210735321045,12.0
92,173,-12.885804176330566,13.159723281860352,499.0
92,174,-16.01221466064453,9.849878311157227,19.0
92,175,-25.482261657714844,163.44102478027344,184.0
92,176,-14.471359252929688,11.155058860778809,25.0
92,177,-12.645671844482422,2.1040477752685547,8.0
92,178,-26.895666122436523,6.007714748382568,20.0
92,179,-14.643394470214844,1512.769287109375,5973.0
92,180,-13.163036346435547,26.863248825073242,23.0
92,181,-13.938675880432129,104.19097137451172,250.0
92,182,-16.442794799804688,60.98931121826172,61.0
92,183,-13.424674034118652,28.679096221923828,15.0
92,184,-38.213706970214844,234.88623046875,1112.0
92,185,-12.236730575561523,5.743704795837402,26.0
92,186,-4.552270412445068,2.4854509830474854,7.0
92,187,-12.452779769897461,505.92572021484375,1114.0
92,188,-13.648154258728027,94.57418823242188,2133.0
92,189,-8.021808624267578,14.496918678283691,25.0
92,190,-24.30863380432129,20.87556266784668,26.0
92,191,-12.486310005187988,12.149184226989746,1547.0
92,192,-13.829100608825684,10.022676467895508,18.0
92,193,-13.380022048950195,28.36073112487793,37.0
92,194,-17.106237411499023,5182.8935546875,470.0
92,195,-5.030975818634033,3.517476797103882,6.0
92,196,-22.3892822265625,269.7027893066406,13843.0
92,197,-11.588674545288086,18.122760772705078,1549.0
92,198,-9.05444049835205,2.473029851913452,37.0
92,199,-10.336503982543945,7.903461456298828,38.0
92,200,-16.34600830078125,3.5162153244018555,62.0
92,201,-9.90577220916748,141.58299255371094,307.0
92,202,-6.885643482208252,31.275083541870117,42.0
92,203,-31.805356979370117,24.059640884399414,696.0
92,204,-6.682039260864258,5.314876556396484,5.0
92,205,-15.0197172164917,20.164897918701172,439.0
92,206,-6.663746356964111,5.290626049041748,46.0
92,207,-11.250768661499023,16.654695510864258,838.0
92,208,-13.95997142791748,104.93316650390625,2899.0
92,209,-26.568151473999023,27.68855094909668,6169.0
92,210,-3.3813657760620117,1.9665350914001465,2.0
92,211,-10.550433158874512,33.67686462402344,227.0
92,212,-9.367244720458984,10.400055885314941,15.0
92,213,-15.143729209899902,155.69668579101562,2008.0
92,214,-7.471234321594238,6.474093437194824,38.0
92,215,-32.788787841796875,15.369714736938477,107.0
92,216,-6.5882344245910645,5.191686153411865,6.0
92,217,-19.058914184570312,574.1964111328125,878.0
92,218,-9.838861465454102,11.701480865478516,11.0
92,219,-14.91876220703125,41.66621017456055,283.0
92,220,-13.540998458862305,91.2557601928711,2178.0
92,221,-4.9709906578063965,2.702556610107422,3.0
92,222,-23.116941452026367,27.178335189819336,205.0
92,223,-3.4563241004943848,3.164857864379883,2.0
92,224,-1.3165260553359985,1.9314346313476562,1.0
92,225,-17.054176330566406,11.430795669555664,107.0
92,226,-10.568890571594238,33.884700775146484,338.0
92,227,-13.793096542358398,31.446073532104492,315.0
92,228,-12.995380401611328,6.401183605194092,115.0
92,229,-17.712820053100586,4.375708103179932,44.0
92,230,-22.8502254486084,9.825906753540039,274.0
92,231,-6.159735202789307,2.791621208190918,3.0
92,232,-1.003306269645691,1.3971513509750366,1.0
92,233,-11.488333702087402,46.03696823120117,159.0
92,234,-14.514369010925293,37.65976333618164,47.0
92,235,-17.313623428344727,75.82331848144531,237.0
92,236,-13.00532054901123,76.33311462402344,37.0
92,237,-22.742088317871094,94.48277282714844,761.0
92,238,-34.26903533935547,17.38752555847168,2083.0
92,239,-7.294838905334473,3.3730132579803467,6.0
92,240,-17.297853469848633,17.867359161376953,1352.0
92,241,-7.6581130027771,12.841785430908203,58.0
92,242,-37.788516998291016,221.04356384277344,1881.0
92,243,-14.225835800170898,7.631331443786621,21.0
92,244,-7.891963481903076,13.882854461669922,10.0
92,245,-9.885441780090332,7.221685409545898,10.0
92,246,-6.839733123779297,5.528593063354492,6.0
92,247,-20.006942749023438,28.064083099365234,87.0
92,248,-10.087980270385742,4.225510120391846,3.0
92,249,-13.802873611450195,15.808927536010742,105.0
92,250,-29.948984146118164,42.250789642333984,1697.0
92,251,-21.356468200683594,71.61421966552734,374.0
92,252,-24.218048095703125,20.640518188476562,63.0
92,253,-32.64698028564453,684.984375,1036.0
92,254,-11.748732566833496,7.086008071899414,5.0
92,255,-17.561382293701172,12.289790153503418,53.0
92,256,-16.243423461914062,58.023948669433594,197.0
92,257,-20.296661376953125,159.83871459960938,546.0
92,258,-5.575728893280029,3.0500130653381348,2.0
92,259,-11.45070743560791,9.876335144042969,257.0
92,260,-8.537788391113281,17.217552185058594,15.0
92,261,-21.816373825073242,6.159719467163086,101.0
92,262,-13.761991500854492,98.2318344116211,92.0
92,263,-14.928444862365723,19.800138473510742,10.0
92,264,-8.169069290161133,15.226284980773926,29.0
92,265,-8.208624839782715,15.428372383117676,53.0
92,266,-9.685681343078613,25.2432918548584,165.0
92,267,-12.059219360351562,20.38511085510254,90.0
92,268,-21.662904739379883,36.98395538330078,71.0
92,269,-1.7475945949554443,1.4183850288391113,1.0
92,270,-3.057882070541382,1.8433350324630737,1.0
92,271,-14.853479385375977,11.88860034942627,40.0
92,272,-6.74839448928833,9.482659339904785,4.0
92,273,-8.971564292907715,9.420527458190918,14.0
92,274,-8.498793601989746,8.370372772216797,22.0
92,275,-6.781345844268799,5.448478698730469,20.0
92,276,-13.844104766845703,7.226315498352051,10.0
92,277,-18.43140983581543,100.26858520507812,560.0
92,278,-17.335254669189453,11.899126052856445,117.0
92,279,-10.022109985351562,7.421802997589111,218.0
92,280,-16.863704681396484,8.231457710266113,39.0
92,281,-13.08754825592041,78.45427703857422,58.0
92,282,-6.160022735595703,7.793896675109863,3.0
92,283,-13.395611763000488,86.9387435913086,1033.0
92,284,-10.147400856018066,7.6101298332214355,121.0
92,285,-20.497835159301758,6.4458699226379395,8.0
92,286,-21.05250358581543,6.779233455657959,8.0
92,287,-2.2490293979644775,3.0787224769592285,3.0
92,288,-13.22379207611084,14.08004379272461,760.0
92,289,-30.77012825012207,21.693500518798828,105.0
92,290,-17.639686584472656,82.26301574707031,46.0
92,291,-5.198556900024414,3.6679728031158447,5.0
92,292,-8.31481647491455,7.994102954864502,11.0
92,293,-0.8962981700897217,1.2511643171310425,1.0
92,294,-18.699817657470703,107.2276840209961,50.0
92,295,-5.897449493408203,19.08160400390625,30.0
92,296,-27.916702270507812,22.23918342590332,196.0
92,297,-20.060665130615234,17.56325912475586,51.0
92,298,-17.631677627563477,33.999149322509766,6799.0
92,299,-18.180252075195312,8867.3037109375,379.0
92,300,-25.056848526000977,276074.0,5171.0
92,301,-23.80271339416504,14.079865455627441,608.0
92,302,-9.143972396850586,9.835448265075684,7.0
92,303,-14.741340637207031,19.072893142700195,1843.0
94,0,-21.150957107543945,33.95919418334961,114.0
94,1,-2.5008113384246826,1.8686248064041138,1.0
94,2,-8.548235893249512,17.277618408203125,3.0
94,3,-8.106550216674805,14.912256240844727,93.0
94,4,-18.36781120300293,13.790406227111816,131.0
94,5,-29.85667610168457,27.588762283325195,121.0
94,6,-38.101837158203125,68.96076202392578,1840.0
94,7,-12.69979190826416,6.136508941650391,103.0
94,8,-5.326708793640137,5.903642654418945,5.0
94,9,-10.712272644042969,8.520326614379883,7.0
94,10,-22.720233917236328,292.966552734375,1220.0
94,11,-7.561180114746094,4.536863803863525,8.0
94,12,-9.41916275024414,10.535923957824707,7.0
94,13,-7.898481369018555,3.090566396713257,10.0
94,14,-20.67959976196289,985.5501098632812,294.0
94,15,-6.561196327209473,2.2708394527435303,13.0
94,16,-7.229942321777344,6.095102787017822,17.0
94,17,-17.793376922607422,376.57818603515625,205.0
94,18,-20.813093185424805,33075.453125,1800.0
94,19,-17.073352813720703,11.462152481079102,22.0
94,20,-12.77263069152832,12.865201950073242,26.0
94,21,-11.99891471862793,54.57840347290039,26.0
94,22,-10.956155776977539,8.946221351623535,11.0
94,23,-3.733128547668457,1.7045549154281616,2.0
94,24,-6.679891586303711,9.268583297729492,6.0
94,25,-3.9100654125213623,3.6816282272338867,5.0
94,26,-3.550741195678711,2.429499626159668,4.0
94,27,-7.519076824188232,4.498821258544922,20.0
94,28,-9.773385047912598,3.392859697341919,35.0
94,29,-19.24249267578125,15.625865936279297,32.0
94,30,-5.233941078186035,2.848487615585327,4.0
94,31,-10.54449462890625,33.61026382446289,29.0
94,32,-10.039409637451172,12.303114891052246,101.0
94,33,-13.368085861206055,5.317539691925049,43.0
94,34,-9.293318748474121,22.148569107055664,82.0
94,35,-6.092356204986572,7.620068073272705,13.0
94,36,-17.662342071533203,360.48394775390625,450.0
94,37,-22.66511344909668,9.645691871643066,166.0
94,38,-43.646949768066406,52.87362289428711,15223.0
94,39,-11.115925788879395,40.66259765625,59.0
94,40,-9.559194564819336,24.20110511779785,16.0
94,41,-8.43032455444336,8.228314399719238,10.0
94,42,-9.908437728881836,141.77182006835938,151.0
94,43,-39.37345504760742,707.8572998046875,1782.0
94,44,-3.733292818069458,6.466573715209961,3.0
94,45,-10.53710651397705,5.790302276611328,9.0
94,46,-11.576776504516602,47.41437911987305,93.0
94,47,-5.583168029785156,4.038171768188477,13.0
94,48,-20.516849517822266,168.88404846191406,3274.0
94,49,-15.6170654296875,5.670228958129883,23.0
94,50,-13.63825798034668,94.26272583007812,1249.0
94,51,-12.716401100158691,69.32465362548828,130.0
94,52,-9.161102294921875,6.247744083404541,52.0
94,53,-5.300489902496338,5.852272033691406,3.0
94,54,-31.40430450439453,187.5509796142578,7696.0
94,55,-19.499164581298828,25.7867488861084,18.0
94,56,-6.3738555908203125,8.369704246520996,13.0
94,57,-6.203784942626953,4.715930461883545,3.0
94,58,-8.884871482849121,9.218551635742188,13.0
94,59,-24.65043830871582,33.8348503112793,244.0
94,60,-9.9688138961792,12.087882995605469,37.0
94,61,-10.610300064086914,34.35565948486328,19.0
94,62,-24.226091384887695,426.8885192871094,330.0
94,63,-11.258171081542969,4.994363784790039,13.0
94,64,-8.40227222442627,5.367995262145996,9.0
94,65,-4.728226184844971,4.835939407348633,2.0
94,66,-15.7271728515625,13.752155303955078,7.0
94,67,-6.798851013183594,3.8952977657318115,3.0
94,68,-15.479215621948242,6.923365116119385,40.0
94,69,-9.449268341064453,23.33037567138672,14.0
94,70,-5.415226936340332,3.8721377849578857,3.0
94,71,-9.885436058044434,1.8549166917800903,56.0
94,72,-14.097400665283203,33.93171691894531,22.0
94,73,-12.61156177520752,23.40361213684082,14.0
94,74,-15.130270004272461,154.99969482421875,408.0
94,75,-8.125288009643555,1.9681761264801025,5.0
94,76,-6.701190948486328,3.819953441619873,10.0
94,77,-14.723177909851074,19.00373649597168,53.0
94,78,-7.592368125915527,3.5444912910461426,2.0
94,79,-13.509744644165039,3.8611862659454346,79.0
94,80,-5.922669887542725,3.269162654876709,11.0
94,81,-9.629190444946289,3.3322534561157227,44.0
94,82,-5.193657875061035,2.8256306648254395,4.0
94,83,-21.786705017089844,7.247159004211426,294.0
94,84,-8.694568634033203,18.141271591186523,81.0
94,85,-4.241800308227539,8.338640213012695,3.0
94,86,-4.413154602050781,4.353811264038086,4.0
94,87,-32.75263214111328,59.98406982421875,296.0
94,88,-13.54342269897461,5.435370922088623,96.0
94,89,-16.25545883178711,25.818510055541992,58.0
94,90,-13.198741912841797,14.009676933288574,196.0
94,91,-15.656515121459961,13.591154098510742,15.0
94,92,-4.772890090942383,4.908474922180176,1.0
94,93,-6.485020637512207,3.658320426940918,4.0
94,94,-7.135400772094727,4.166515827178955,20.0
94,95,-16.84067153930664,5.387423038482666,250.0
94,96,-10.643766403198242,34.74105453491211,20.0
94,97,-4.506224155426025,4.490996837615967,6.0
94,98,-17.50373077392578,4.909874439239502,21.0
94,99,-15.969861030578613,7.361271381378174,132.0
94,100,-12.903059959411621,6.317315101623535,46.0
94,101,-25.019420623779297,9.72298526763916,266.0
94,102,-19.195880889892578,121.38536071777344,83.0
94,103,-9.270304679870605,21.97930908203125,274.0
94,104,-20.241436004638672,851.6240234375,18808.0
94,105,-32.28635025024414,25.245174407958984,123.0
94,106,-29.99749755859375,72.62847137451172,544.0
94,107,-9.919050216674805,27.285350799560547,36.0
94,108,-16.840362548828125,29.022531509399414,47.0
94,109,-4.704150199890137,4.7972846031188965,2.0
94,110,-24.464839935302734,453.1440124511719,5892.0
94,111,-7.7959303855896,3.666808843612671,12.0
94,112,-10.515565872192383,8.191632270812988,20.0
94,113,-9.894725799560547,11.866050720214844,12.0
94,114,-5.464147567749023,3.919785499572754,6.0
94,115,-15.573406219482422,13.404194831848145,29.0
94,116,-11.10665512084961,6.366877555847168,7.0
94,117,-4.997152805328369,2.041896343231201,4.0
94,118,-13.45698356628418,2.1119468212127686,8.0
94,119,-3.706146717071533,1.5892597436904907,3.0
94,120,-6.446816444396973,8.575754165649414,7.0
94,121,-11.787212371826172,7.131598472595215,13.0
94,122,-20.095388412475586,6.2143025398254395,30.0
94,123,-5.883052349090576,4.352555274963379,2.0
94,124,-14.580280303955078,11.359414100646973,11.0
94,125,-14.002188682556152,33.133575439453125,120.0
94,126,-13.746923446655273,97.73970031738281,1239.0
94,127,-8.496005058288574,16.979413986206055,10.0
94,128,-9.743789672851562,5.073165416717529,11.0
94,129,-20.13766860961914,17.75753402709961,53.0
94,130,-14.17570686340332,1197.3348388671875,1729.0
94,131,-13.228796005249023,5.2257561683654785,72.0
94,132,-25.75935173034668,73.20218658447266,63.0
94,133,-15.381185531616211,12.981574058532715,34.0
94,134,-18.608856201171875,494.20574951171875,151.0
94,135,-9.138811111450195,96.48674011230469,16.0
94,136,-1.3604693412780762,1.5737948417663574,1.0
94,137,-5.793942928314209,4.256663799285889,2.0
94,138,-7.860750198364258,3.706636905670166,2.0
94,139,-15.536842346191406,9.203179359436035,13.0
94,140,-18.252883911132812,38.496864318847656,34.0
94,141,-12.69223403930664,12.659994125366211,49.0
94,142,-5.3806843757629395,3.8388431072235107,1.0
94,143,-8.633964538574219,17.77846908569336,76.0
94,144,-9.136183738708496,21.018325805664062,83.0
94,145,-7.486440658569336,6.498752117156982,5.0
94,146,-5.300394535064697,14.156831741333008,4.0
94,147,-6.574068069458008,2.5578129291534424,4.0
94,148,-1.2585039138793945,1.521202802658081,1.0
94,149,-29.161304473876953,341.1291198730469,487.0
94,150,-8.818025588989258,18.903400421142578,8.0
94,151,-12.933451652526855,13.28572940826416,15.0
94,152,-9.686065673828125,25.246524810791016,20.0
94,153,-9.20414924621582,6.3017659187316895,6.0
94,154,-20.90323257446289,186.01144409179688,492.0
94,155,-22.433855056762695,272.7249450683594,69.0
94,156,-12.419511795043945,62.792598724365234,41.0
94,157,-14.515918731689453,126.29743957519531,164.0
94,158,-4.242196559906006,2.887956380844116,3.0
94,159,-11.297100067138672,283.8795471191406,566.0
94,160,-8.709774017333984,18.233455657958984,17.0
94,161,-13.618734359741211,9.677358627319336,33.0
94,162,-13.512943267822266,4.4881391525268555,36.0
94,163,-5.430598258972168,6.111666202545166,6.0
94,164,-8.761866569519043,18.552825927734375,8.0
94,165,-17.6778507232666,19.035551071166992,55.0
94,166,-16.311769485473633,2.098964214324951,8.0
94,167,-15.044170379638672,8.577713012695312,13.0
94,168,-3.4473633766174316,1.9926644563674927,2.0
94,169,-9.648757934570312,11.158365249633789,12.0
94,170,-22.928421020507812,45.66825866699219,58.0
94,171,-17.881681442260742,35.74235153198242,65.0
94,172,-11.968889236450195,7.350842475891113,12.0
94,173,-12.845324516296387,13.053611755371094,484.0
94,174,-15.926822662353516,9.730452537536621,19.0
94,175,-25.506301879882812,164.22874450683594,184.0
94,176,-14.469364166259766,11.151351928710938,25.0
94,177,-12.72472858428955,2.1138553619384766,8.0
94,178,-26.81185531616211,5.974240779876709,20.0
94,179,-14.658224105834961,1524.0279541015625,6022.0
94,180,-13.136926651000977,26.6884708404541,23.0
94,181,-13.8997163772583,102.84662628173828,246.0
94,182,-16.447677612304688,61.063812255859375,59.0
94,183,-13.456219673156738,28.906166076660156,15.0
94,184,-38.31727600097656,238.3872528076172,1118.0
94,185,-12.250191688537598,5.7547607421875,26.0
94,186,-4.552741527557373,2.485685110092163,7.0
94,187,-12.401249885559082,493.0570983886719,1081.0
94,188,-13.654019355773926,94.75926208496094,2135.0
94,189,-8.004610061645508,14.41404914855957,24.0
94,190,-24.262229919433594,20.754823684692383,27.0
94,191,-12.464765548706055,12.096946716308594,1494.0
94,192,-13.805548667907715,9.983410835266113,17.0
94,193,-13.439165115356445,28.78318214416504,37.0
94,194,-17.07259750366211,5096.44580078125,470.0
94,195,-5.041880130767822,3.527078866958618,6.0
94,196,-22.239990234375,259.82220458984375,13218.0
94,197,-11.583486557006836,18.099271774291992,1532.0
94,198,-8.995912551879883,2.4585981369018555,34.0
94,199,-10.381244659423828,7.974499702453613,37.0
94,200,-15.97470474243164,3.417206287384033,62.0
94,201,-9.915216445922852,142.25314331054688,310.0
94,202,-6.9263691902160645,31.918460845947266,44.0
94,203,-31.780786514282227,24.000595092773438,698.0
94,204,-6.697801113128662,5.3358612060546875,6.0
94,205,-14.973550796508789,19.979568481445312,441.0
94,206,-6.748056411743164,5.403323173522949,47.0
94,207,-11.299497604370117,16.858827590942383,862.0
94,208,-13.98901081085205,105.9538345336914,2921.0
94,209,-26.44725799560547,27.273273468017578,6094.0
94,210,-3.383399486541748,1.9673351049423218,2.0
94,211,-10.550966262817383,33.6828498840332,224.0
94,212,-9.372906684875488,10.414787292480469,15.0
94,213,-15.15695571899414,156.38462829589844,2021.0
94,214,-7.5005998611450195,6.521797180175781,38.0
94,215,-32.86528015136719,15.467999458312988,101.0
94,216,-6.645466327667236,5.26650333404541,6.0
94,217,-19.128215789794922,587.614990234375,880.0
94,218,-9.824443817138672,11.659379959106445,11.0
94,219,-14.875762939453125,41.220706939697266,276.0
94,220,-13.768568992614746,98.44744110107422,2358.0
94,221,-4.950405597686768,2.691452980041504,3.0
94,222,-23.11148452758789,27.157161712646484,206.0
94,223,-3.4769773483276367,3.186720609664917,2.0
94,224,-1.3051891326904297,1.9205173254013062,1.0
94,225,-17.03803825378418,11.404471397399902,104.0
94,226,-10.477409362792969,32.86701965332031,335.0
94,227,-13.868494987487793,32.04444122314453,328.0
94,228,-13.073080062866211,6.472632884979248,126.0
94,229,-17.860618591308594,4.429934501647949,43.0
94,230,-22.80063819885254,9.777305603027344,265.0
94,231,-6.138239860534668,2.7816379070281982,3.0
94,232,-0.9890813231468201,1.3905421495437622,1.0
94,233,-11.487019538879395,46.01679611206055,159.0
94,234,-14.544992446899414,37.949188232421875,47.0
94,235,-17.366004943847656,76.82278442382812,237.0
94,236,-12.998085021972656,76.14923858642578,36.0
94,237,-23.387908935546875,107.50978088378906,708.0
94,238,-34.201698303222656,17.29022789001465,2163.0
94,239,-7.295708656311035,3.373502254486084,6.0
94,240,-17.246585845947266,17.71533966064453,1326.0
94,241,-7.668866157531738,12.887897491455078,57.0
94,242,-37.73497009277344,219.3590545654297,1875.0
94,243,-14.444221496582031,7.873164653778076,21.0
94,244,-7.8984174728393555,13.912752151489258,10.0
94,245,-9.928910255432129,7.2847418785095215,10.0
94,246,-6.8461127281188965,5.537416934967041,6.0
94,247,-19.953968048095703,27.817392349243164,84.0
94,248,-10.084497451782227,4.223408222198486,3.0
94,249,-13.693524360656738,15.466940879821777,98.0
94,250,-29.879878997802734,41.88739013671875,1698.0
94,251,-21.283456802368164,70.57608795166016,363.0
94,252,-24.23626708984375,20.687578201293945,71.0
94,253,-32.652984619140625,685.8073120117188,1002.0
94,254,-11.718168258666992,7.050003528594971,5.0
94,255,-17.604721069335938,12.366114616394043,54.0
94,256,-16.22962188720703,57.82408905029297,199.0
94,257,-20.368547439575195,162.7372283935547,542.0
94,258,-5.558779239654541,3.0396909713745117,2.0
94,259,-11.347064018249512,9.673718452453613,252.0
94,260,-8.513617515563965,17.079389572143555,15.0
94,261,-21.921186447143555,6.213756561279297,99.0
94,262,-13.745796203613281,97.7029800415039,93.0
94,263,-14.9989013671875,20.08112335205078,10.0
94,264,-8.056374549865723,14.664918899536133,28.0
94,265,-8.180765151977539,15.285761833190918,49.0
94,266,-9.712540626525879,25.470312118530273,169.0
94,267,-12.049541473388672,20.33584976196289,90.0
94,268,-21.67180633544922,37.03886795043945,71.0
94,269,-1.7655197381973267,1.4234790802001953,1.0
94,270,-3.0967609882354736,1.8577241897583008,1.0
94,271,-14.87668228149414,11.934664726257324,40.0
94,272,-6.728737831115723,9.420729637145996,4.0
94,273,-8.98939323425293,9.462610244750977,14.0
94,274,-8.579249382019043,8.540437698364258,24.0
94,275,-6.642321586608887,5.262364387512207,20.0
94,276,-13.893977165222168,7.277984142303467,10.0
94,277,-18.430606842041016,100.24845886230469,564.0
94,278,-17.197654724121094,11.667508125305176,117.0
94,279,-10.080340385437012,7.508742332458496,226.0
94,280,-16.922029495239258,8.291688919067383,39.0
94,281,-13.105253219604492,78.91866302490234,58.0
94,282,-6.176880359649658,7.83781623840332,3.0
94,283,-13.219554901123047,81.98353576660156,981.0
94,284,-10.126776695251465,7.578804016113281,121.0
94,285,-20.619735717773438,6.517698764801025,8.0
94,286,-21.162744522094727,6.847515106201172,9.0
94,287,-2.2216451168060303,3.036855459213257,2.0
94,288,-13.193190574645996,13.994131088256836,784.0
94,289,-30.781776428222656,21.718786239624023,102.0
94,290,-17.671241760253906,82.91454315185547,45.0
94,291,-5.19831657409668,3.667752504348755,5.0
94,292,-8.342041015625,8.048697471618652,11.0
94,293,-0.8961870074272156,1.2511295080184937,1.0
94,294,-18.689369201660156,106.94795989990234,49.0
94,295,-5.896112442016602,19.068851470947266,30.0
94,296,-27.971572875976562,22.375185012817383,203.0
94,297,-20.03436279296875,17.497390747070312,50.0
94,298,-17.63007164001465,33.98823165893555,6800.0
94,299,-18.102651596069336,8529.8388671875,380.0
94,300,-24.946386337280273,261239.578125,4994.0
94,301,-23.897138595581055,14.228367805480957,635.0
94,302,-9.132499694824219,9.807279586791992,7.0
94,303,-14.60555648803711,18.561904907226562,1783.0
96,0,-21.15878677368164,34.003536224365234,114.0
96,1,-2.479839324951172,1.8588532209396362,1.0
96,2,-8.570463180541992,17.406105041503906,3.0
96,3,-8.045553207397461,14.612117767333984,87.0
96,4,-18.49788475036621,14.049053192138672,136.0
96,5,-29.961029052734375,27.910511016845703,123.0
96,6,-38.01277160644531,68.28167724609375,1794.0
96,7,-12.65243911743164,6.095137596130371,102.0
96,8,-5.402308464050293,6.054304599761963,5.0
96,9,-10.73231315612793,8.554544448852539,7.0
96,10,-22.571453094482422,282.269775390625,1218.0
96,11,-7.574378967285156,4.548855781555176,9.0
96,12,-9.472349166870117,10.676950454711914,7.0
96,13,-7.836155891418457,3.063171625137329,9.0
96,14,-20.671485900878906,982.8881225585938,302.0
96,15,-6.569073677062988,2.2730765342712402,14.0
96,16,-7.225195407867432,6.087873935699463,17.0
96,17,-17.783493041992188,375.339599609375,202.0
96,18,-20.828723907470703,33334.9609375,1779.0
96,19,-17.062606811523438,11.44456958770752,22.0
96,20,-12.813376426696777,12.970470428466797,27.0
96,21,-11.971031188964844,54.0734748840332,26.0
96,22,-10.923529624938965,8.88803482055664,11.0
96,23,-3.779446601867676,1.7158710956573486,2.0
96,24,-6.656525135040283,9.196673393249512,6.0
96,25,-3.908721446990967,3.679979085922241,5.0
96,26,-3.570162296295166,2.441324234008789,4.0
96,27,-7.447768688201904,4.435115814208984,18.0
96,28,-9.8480224609375,3.4246621131896973,35.0
96,29,-19.209491729736328,15.552370071411133,30.0
96,30,-5.24098539352417,2.852503538131714,4.0
96,31,-10.499115943908691,33.10569381713867,28.0
96,32,-10.055183410644531,12.351726531982422,102.0
96,33,-13.350274085998535,5.305713653564453,42.0
96,34,-9.233901977539062,21.71422004699707,82.0
96,35,-6.076226234436035,7.5792083740234375,13.0
96,36,-17.685279846191406,363.2507629394531,455.0
96,37,-22.612560272216797,9.595132827758789,165.0
96,38,-43.603309631347656,52.66427230834961,15336.0
96,39,-11.066067695617676,39.99238967895508,59.0
96,40,-9.591914176940918,24.46649742126465,17.0
96,41,-8.437413215637207,8.24290943145752,10.0
96,42,-9.925178527832031,142.96348571777344,154.0
96,43,-39.43878936767578,715.6072998046875,1804.0
96,44,-3.773041248321533,6.596377849578857,3.0
96,45,-10.545574188232422,5.7984795570373535,10.0
96,46,-11.654146194458008,48.65309143066406,92.0
96,47,-5.564175605773926,4.019043445587158,13.0
96,48,-20.564128875732422,170.89207458496094,3244.0
96,49,-15.692062377929688,5.717676162719727,23.0
96,50,-13.645002365112305,94.47489166259766,1245.0
96,51,-12.682710647583008,68.55045318603516,122.0
96,52,-9.082923889160156,6.150816917419434,51.0
96,53,-5.296543121337891,5.844578266143799,3.0
96,54,-31.423480987548828,188.1514129638672,7694.0
96,55,-19.302690505981445,24.956022262573242,17.0
96,56,-6.339434623718262,8.274221420288086,13.0
96,57,-6.183192729949951,4.691714763641357,3.0
96,58,-8.858421325683594,9.157793998718262,13.0
96,59,-24.682231903076172,33.98887252807617,247.0
96,60,-10.006158828735352,12.201266288757324,38.0
96,61,-10.726189613342285,35.708778381347656,19.0
96,62,-24.308624267578125,435.7880554199219,323.0
96,63,-11.213094711303711,4.962306976318359,13.0
96,64,-8.296218872070312,5.255335330963135,9.0
96,65,-4.709834575653076,4.80638313293457,2.0
96,66,-15.690742492675781,13.66890811920166,7.0
96,67,-6.756989479064941,3.862821340560913,3.0
96,68,-15.537714004516602,6.974176406860352,41.0
96,69,-9.467435836791992,23.472089767456055,15.0
96,70,-5.44328498840332,3.8993942737579346,3.0
96,71,-9.853649139404297,1.851235270500183,59.0
96,72,-14.062786102294922,33.63935089111328,22.0
96,73,-12.530301094055176,22.93296241760254,14.0
96,74,-15.07501220703125,152.1708526611328,402.0
96,75,-8.135015487670898,1.969772219657898,5.0
96,76,-6.693976879119873,3.814445972442627,10.0
96,77,-14.718921661376953,18.987564086914062,52.0
96,78,-7.628344535827637,3.5658082962036133,2.0
96,79,-13.561370849609375,3.881171226501465,78.0
96,80,-5.890212059020996,3.24800968170166,11.0
96,81,-9.64775276184082,3.339994430541992,44.0
96,82,-5.168985366821289,2.8117218017578125,4.0
96,83,-21.78354835510254,7.24507999420166,292.0
96,84,-8.714027404785156,18.259321212768555,81.0
96,85,-4.2476420402526855,8.363032341003418,3.0
96,86,-4.37537956237793,4.299333095550537,4.0
96,87,-32.96514892578125,61.598876953125,293.0
96,88,-13.553201675415039,5.442019462585449,95.0
96,89,-16.185279846191406,25.458660125732422,58.0
96,90,-13.218339920043945,14.064697265625,199.0
96,91,-15.639446258544922,13.552544593811035,14.0
96,92,-4.7304205894470215,4.839478015899658,1.0
96,93,-6.510564804077148,3.6770577430725098,4.0
96,94,-7.135775566101074,4.166828155517578,20.0
96,95,-16.749427795410156,5.338489532470703,248.0
96,96,-10.60299015045166,34.27204895019531,20.0
96,97,-4.513639450073242,4.502111434936523,6.0
96,98,-17.422183990478516,4.87360954284668,21.0
96,99,-16.015857696533203,7.403717041015625,131.0
96,100,-12.893056869506836,6.308294296264648,46.0
96,101,-24.969274520874023,9.67876148223877,253.0
96,102,-19.23946762084961,122.71528625488281,83.0
96,103,-9.223651885986328,21.640155792236328,264.0
96,104,-20.22698974609375,847.5332641601562,18940.0
96,105,-32.22709655761719,25.09602928161621,120.0
96,106,-30.06410789489746,73.32288360595703,560.0
96,107,-9.896173477172852,27.07807731628418,35.0
96,108,-16.843212127685547,29.03907585144043,46.0
96,109,-4.740718841552734,4.856119632720947,2.0
96,110,-24.4825439453125,455.1540832519531,5889.0
96,111,-7.770662307739258,3.6513988971710205,12.0
96,112,-10.496549606323242,8.160536766052246,20.0
96,113,-9.858663558959961,11.759552955627441,12.0
96,114,-5.436489105224609,3.892774820327759,6.0
96,115,-15.811229705810547,13.946171760559082,30.0
96,116,-11.156458854675293,6.419946670532227,7.0
96,117,-5.0587382316589355,2.0599400997161865,4.0
96,118,-13.528582572937012,2.1203644275665283,8.0
96,119,-3.7154581546783447,1.5911105871200562,3.0
96,120,-6.4759721755981445,8.659502983093262,6.0
96,121,-11.745172500610352,7.081804275512695,13.0
96,122,-20.055843353271484,6.192002296447754,29.0
96,123,-5.903690338134766,4.375070571899414,2.0
96,124,-14.577383995056152,11.353930473327637,11.0
96,125,-13.985651016235352,32.99687194824219,115.0
96,126,-13.785303115844727,98.99812316894531,1258.0
96,127,-8.497509002685547,16.987930297851562,10.0
96,128,-9.826669692993164,5.143728733062744,11.0
96,129,-20.128711700439453,17.734825134277344,53.0
96,130,-14.18138313293457,1200.73779296875,1747.0
96,131,-13.24275016784668,5.234879016876221,72.0
96,132,-25.673030853271484,72.1565933227539,62.0
96,133,-15.355878829956055,12.926934242248535,34.0
96,134,-18.552669525146484,485.0360412597656,149.0
96,135,-9.225881576538086,100.78008270263672,16.0
96,136,-1.3542414903640747,1.5705311298370361,1.0
96,137,-5.793292045593262,4.255971431732178,2.0
96,138,-7.85761022567749,3.704697608947754,2.0
96,139,-15.523843765258789,9.186103820800781,13.0
96,140,-18.261913299560547,38.566444396972656,34.0
96,141,-12.695995330810547,12.669520378112793,50.0
96,142,-5.393883228302002,3.8515312671661377,1.0
96,143,-8.65687370300293,17.914752960205078,76.0
96,144,-9.134151458740234,21.004087448120117,82.0
96,145,-7.468168258666992,6.469132900238037,5.0
96,146,-5.247600078582764,13.788019180297852,4.0
96,147,-6.550554275512695,2.5492353439331055,4.0
96,148,-1.2405705451965332,1.512136459350586,1.0
96,149,-29.180011749267578,342.40777587890625,498.0
96,150,-8.826537132263184,18.957107543945312,8.0
96,151,-13.022446632385254,13.524317741394043,15.0
96,152,-9.720267295837402,25.535999298095703,20.0
96,153,-9.168212890625,6.256635665893555,6.0
96,154,-20.923131942749023,186.93911743164062,504.0
96,155,-22.43893051147461,273.07122802734375,68.0
96,156,-12.385600090026855,62.086795806884766,41.0
96,157,-14.46450424194336,124.15133666992188,161.0
96,158,-4.2989935874938965,2.929255723953247,3.0
96,159,-11.320684432983398,287.2469177246094,572.0
96,160,-8.684381484985352,18.07977294921875,17.0
96,161,-13.635648727416992,9.704678535461426,37.0
96,162,-13.502567291259766,4.482967853546143,35.0
96,163,-5.431524276733398,6.113553047180176,6.0
96,164,-8.782426834106445,18.680416107177734,8.0
96,165,-17.574298858642578,18.709840774536133,47.0
96,166,-16.267513275146484,2.0947463512420654,8.0
96,167,-15.077498435974121,8.618648529052734,13.0
96,168,-3.456336259841919,1.9962435960769653,2.0
96,169,-9.644439697265625,11.146326065063477,11.0
96,170,-22.855680465698242,45.117950439453125,57.0
96,171,-17.852176666259766,35.53205871582031,60.0
96,172,-11.963829040527344,7.344645023345947,12.0
96,173,-12.903857231140137,13.20732307434082,497.0
96,174,-16.023313522338867,9.865509986877441,19.0
96,175,-25.515748977661133,164.53936767578125,186.0
96,176,-14.465349197387695,11.143891334533691,25.0
96,177,-12.729949951171875,2.114504814147949,8.0
96,178,-26.8641414642334,5.9951019287109375,20.0
96,179,-14.691753387451172,1549.7930908203125,6046.0
96,180,-13.162538528442383,26.859905242919922,23.0
96,181,-13.878596305847168,102.1251220703125,251.0
96,182,-16.449405670166016,61.0901985168457,60.0
96,183,-13.399491310119629,28.499109268188477,15.0
96,184,-38.24891662597656,236.0706024169922,1121.0
96,185,-12.212301254272461,5.723694801330566,26.0
96,186,-4.531057357788086,2.474928379058838,7.0
96,187,-12.437602043151855,502.1008605957031,1107.0
96,188,-13.568208694458008,92.08721160888672,2085.0
96,189,-8.015113830566406,14.464604377746582,25.0
96,190,-24.29692840576172,20.84503936767578,26.0
96,191,-12.536881446838379,12.272686958312988,1534.0
96,192,-13.855209350585938,10.066383361816406,18.0
96,193,-13.372264862060547,28.305784225463867,37.0
96,194,-17.13478660583496,5257.4072265625,469.0
96,195,-5.041873931884766,3.527073383331299,6.0
96,196,-22.29458999633789,263.39306640625,13433.0
96,197,-11.49240779876709,17.69181251525879,1461.0
96,198,-9.026153564453125,2.4660441875457764,37.0
96,199,-10.463098526000977,8.106122016906738,40.0
96,200,-16.177440643310547,3.4709157943725586,61.0
96,201,-9.874991416931152,139.42066955566406,303.0
96,202,-6.919181823730469,31.80396270751953,44.0
96,203,-31.81140899658203,24.074203491210938,718.0
96,204,-6.658367156982422,5.2835164070129395,5.0
96,205,-15.012639045715332,20.136371612548828,443.0
96,206,-6.705163478851318,5.345691204071045,48.0
96,207,-11.364110946655273,17.133363723754883,881.0
96,208,-13.929113388061523,103.85938262939453,2864.0
96,209,-26.594017028808594,27.778215408325195,6340.0
96,210,-3.4062814712524414,1.9763591289520264,2.0
96,211,-10.414521217346191,32.185211181640625,208.0
96,212,-9.394502639770508,10.471169471740723,15.0
96,213,-15.180309295654297,157.6067352294922,2073.0
96,214,-7.477398872375488,6.484078884124756,38.0
96,215,-32.86428451538086,15.466715812683105,105.0
96,216,-6.611304759979248,5.221716403961182,6.0
96,217,-19.15521812438965,592.9278564453125,883.0
96,218,-9.743404388427734,11.42553997039795,11.0
96,219,-14.884122848510742,41.306949615478516,277.0
96,220,-13.741541862487793,97.56452178955078,2357.0
96,221,-4.996799945831299,2.7165424823760986,3.0
96,222,-23.198490142822266,27.496810913085938,205.0
96,223,-3.460092067718506,3.168835163116455,2.0
96,224,-1.3070780038833618,1.9223319292068481,1.0
96,225,-17.205310821533203,11.680274963378906,110.0
96,226,-10.4399995803833,32.459712982177734,335.0
96,227,-13.76319408416748,31.211870193481445,317.0
96,228,-13.103765487670898,6.501068592071533,122.0
96,229,-17.776748657226562,4.399081230163574,44.0
96,230,-22.783184051513672,9.76025390625,260.0
96,231,-6.201022148132324,2.8108971118927,3.0
96,232,-1.0105175971984863,1.4005138874053955,1.0
96,233,-11.443236351013184,45.3500862121582,156.0
96,234,-14.55816650390625,38.07438278198242,47.0
96,235,-17.375492095947266,77.00521087646484,237.0
96,236,-13.025784492492676,76.85557556152344,39.0
96,237,-23.2054386138916,103.65702056884766,742.0
96,238,-34.116119384765625,17.167360305786133,2148.0
96,239,-7.303343772888184,3.377797842025757,6.0
96,240,-17.331153869628906,17.9668025970459,1385.0
96,241,-7.645028114318848,12.785896301269531,57.0
96,242,-37.78950500488281,221.07476806640625,1890.0
96,243,-14.358980178833008,7.777872562408447,21.0
96,244,-7.877920627593994,13.818018913269043,10.0
96,245,-9.971010208129883,7.346338748931885,11.0
96,246,-6.845087051391602,5.53599739074707,6.0
96,247,-19.943138122558594,27.76722526550293,86.0
96,248,-10.156942367553711,4.2673444747924805,3.0
96,249,-13.840807914733887,15.9293212890625,102.0
96,250,-29.911357879638672,42.05253982543945,1707.0
96,251,-21.27309226989746,70.4299545288086,363.0
96,252,-24.267807006835938,20.769298553466797,73.0
96,253,-32.43674087524414,656.7793579101562,977.0
96,254,-11.719929695129395,7.052072525024414,5.0
96,255,-17.532337188720703,12.23890209197998,54.0
96,256,-16.187299728393555,57.21550750732422,195.0
96,257,-20.29487419128418,159.76731872558594,536.0
96,258,-5.583089828491211,3.0545060634613037,2.0
96,259,-11.496511459350586,9.967226028442383,259.0
96,260,-8.55379581451416,17.309667587280273,15.0
96,261,-21.81882095336914,6.160975456237793,99.0
96,262,-13.745279312133789,97.68616485595703,92.0
96,263,-14.90900707244873,19.723316192626953,10.0
96,264,-8.079103469848633,14.776445388793945,29.0
96,265,-8.305008888244629,15.932106018066406,57.0
96,266,-9.699636459350586,25.360992431640625,165.0
96,267,-12.032005310058594,20.24689292907715,90.0
96,268,-21.735002517700195,37.43104553222656,72.0
96,269,-1.7760043144226074,1.4264671802520752,1.0
96,270,-3.0429787635803223,1.8378487825393677,1.0
96,271,-14.846477508544922,11.874733924865723,40.0
96,272,-6.704326629638672,9.34438419342041,4.0
96,273,-8.951129913330078,9.37252426147461,14.0
96,274,-8.57334041595459,8.527831077575684,23.0
96,275,-6.742065906524658,5.395236492156982,21.0
96,276,-13.903226852416992,7.287607669830322,10.0
96,277,-18.48330307006836,101.577880859375,570.0
96,278,-17.258365631103516,11.769139289855957,116.0
96,279,-10.053571701049805,7.4686503410339355,222.0
96,280,-16.819068908691406,8.18565845489502,37.0
96,281,-13.04080867767334,77.24144744873047,57.0
96,282,-6.213395118713379,7.9337968826293945,3.0
96,283,-13.341080665588379,85.37273406982422,1013.0
96,284,-10.094389915466309,7.529871463775635,111.0
96,285,-20.373348236083984,6.373332977294922,8.0
96,286,-21.023338317871094,6.761282444000244,9.0
96,287,-2.2328402996063232,3.0539021492004395,3.0
96,288,-13.18246841430664,13.964155197143555,770.0
96,289,-30.805126190185547,21.769556045532227,99.0
96,290,-17.65689468383789,82.61767578125,46.0
96,291,-5.194787502288818,3.664518117904663,5.0
96,292,-8.35062026977539,8.06597900390625,12.0
96,293,-0.914928674697876,1.2570053339004517,1.0
96,294,-18.67490577697754,106.56194305419922,49.0
96,295,-5.925100326538086,19.347248077392578,30.0
96,296,-27.757415771484375,21.849044799804688,186.0
96,297,-20.056137084960938,17.551902770996094,51.0
96,298,-17.479873657226562,32.982425689697266,6666.0
96,299,-18.16958999633789,8820.1572265625,386.0
96,300,-24.955524444580078,262435.9375,4998.0
96,301,-23.80147933959961,14.077936172485352,628.0
96,302,-9.190245628356934,9.949888229370117,7.0
96,303,-14.62816333770752,18.646020889282227,1817.0
98,0,-21.07147216796875,33.51228332519531,114.0
98,1,-2.5000550746917725,1.8682715892791748,1.0
98,2,-8.58964729309082,17.51776885986328,3.0
98,3,-8.022876739501953,14.502083778381348,87.0
98,4,-18.474796295166016,14.002792358398438,135.0
98,5,-29.88650131225586,27.68033790588379,128.0
98,6,-38.100608825683594,68.95132446289062,1822.0
98,7,-12.593810081481934,6.0443010330200195,101.0
98,8,-5.374171257019043,5.997786521911621,5.0
98,9,-10.788931846618652,8.651965141296387,7.0
98,10,-22.709716796875,292.197265625,1220.0
98,11,-7.519500255584717,4.499202251434326,8.0
98,12,-9.348856925964355,10.352356910705566,7.0
98,13,-7.887442111968994,3.0856964588165283,10.0
98,14,-20.64228057861328,973.365966796875,292.0
98,15,-6.559248924255371,2.2702865600585938,13.0
98,16,-7.2054290771484375,6.057864189147949,17.0
98,17,-17.94059944152832,395.5194091796875,212.0
98,18,-20.856273651123047,33797.3203125,1796.0
98,19,-17.060264587402344,11.440741539001465,22.0
98,20,-12.715893745422363,12.720041275024414,27.0
98,21,-11.951362609863281,53.720115661621094,24.0
98,22,-10.982303619384766,8.993127822875977,11.0
98,23,-3.774292469024658,1.7146083116531372,2.0
98,24,-6.662975788116455,9.21646785736084,6.0
98,25,-3.9320743083953857,3.708737373352051,5.0
98,26,-3.553412437438965,2.4311225414276123,4.0
98,27,-7.490966796875,4.473599433898926,19.0
98,28,-9.789894104003906,3.3998684883117676,34.0
98,29,-19.260461807250977,15.666029930114746,31.0
98,30,-5.247093677520752,2.855990409851074,4.0
98,31,-10.522505760192871,33.364810943603516,29.0
98,32,-10.041971206665039,12.310996055603027,99.0
98,33,-13.318957328796387,5.284984588623047,43.0
98,34,-9.251873970031738,21.84469223022461,81.0
98,35,-6.070323944091797,7.564311504364014,13.0
98,36,-17.623865127563477,355.8900451660156,449.0
98,37,-22.605199813842773,9.58807373046875,165.0
98,38,-43.61531066894531,52.72175979614258,15263.0
98,39,-11.077550888061523,40.14577102661133,59.0
98,40,-9.53579044342041,24.013032913208008,16.0
98,41,-8.425605773925781,8.218612670898438,10.0
98,42,-9.938822746276855,143.942138671875,154.0
98,43,-39.433082580566406,714.9268188476562,1773.0
98,44,-3.776136875152588,6.606595516204834,3.0
98,45,-10.548599243164062,5.801403522491455,10.0
98,46,-11.580182075500488,47.468231201171875,93.0
98,47,-5.619527816772461,4.075045585632324,13.0
98,48,-20.352420806884766,162.08245849609375,3148.0
98,49,-15.709526062011719,5.7287821769714355,23.0
98,50,-13.650764465332031,94.65652465820312,1236.0
98,51,-12.723569869995117,69.49049377441406,127.0
98,52,-9.112236976623535,6.186982154846191,51.0
98,53,-5.291335105895996,5.8344407081604,3.0
98,54,-31.293685913085938,184.12490844726562,7570.0
98,55,-19.32842254638672,25.063278198242188,17.0
98,56,-6.336749076843262,8.266817092895508,13.0
98,57,-6.169795513153076,4.676027297973633,3.0
98,58,-8.978004455566406,9.435707092285156,13.0
98,59,-24.685396194458008,34.004241943359375,256.0
98,60,-9.940949440002441,12.003969192504883,36.0
98,61,-10.682994842529297,35.19831466674805,20.0
98,62,-24.298202514648438,434.6541748046875,319.0
98,63,-11.223260879516602,4.969518661499023,13.0
98,64,-8.246524810791016,5.203362464904785,8.0
98,65,-4.742187023162842,4.858496189117432,2.0
98,66,-15.717694282531738,13.730446815490723,7.0
98,67,-6.7514848709106445,3.8585712909698486,3.0
98,68,-15.483713150024414,6.9272589683532715,41.0
98,69,-9.475250244140625,23.533308029174805,15.0
98,70,-5.471107482910156,3.9266114234924316,3.0
98,71,-9.787799835205078,1.8436318635940552,61.0
98,72,-14.03199577331543,33.38140106201172,22.0
98,73,-12.555158615112305,23.07592010498047,15.0
98,74,-15.053924560546875,151.10498046875,387.0
98,75,-8.135746002197266,1.969892144203186,5.0
98,76,-6.696681976318359,3.816509962081909,10.0
98,77,-14.689042091369629,18.87443733215332,52.0
98,78,-7.5844035148620605,3.5397896766662598,2.0
98,79,-13.536554336547852,3.871551990509033,79.0
98,80,-5.886725902557373,3.245745897293091,11.0
98,81,-9.69339370727539,3.3591036796569824,44.0
98,82,-5.164109230041504,2.808981418609619,4.0
98,83,-21.757732391357422,7.2280964851379395,291.0
98,84,-8.72030258178711,18.297557830810547,83.0
98,85,-4.2900166511535645,8.542112350463867,3.0
98,86,-4.37361478805542,4.296804428100586,4.0
98,87,-32.7767333984375,60.1650505065918,294.0
98,88,-13.564054489135742,5.449406623840332,98.0
98,89,-16.280933380126953,25.950393676757812,59.0
98,90,-13.279764175415039,14.238548278808594,201.0
98,91,-15.606653213500977,13.47867488861084,15.0
98,92,-4.773965358734131,4.910235404968262,1.0
98,93,-6.570520401000977,3.7214152812957764,4.0
98,94,-7.181724548339844,4.205296993255615,20.0
98,95,-16.84161376953125,5.387930870056152,250.0
98,96,-10.595314979553223,34.184478759765625,20.0
98,97,-4.477472305297852,4.4481611251831055,5.0
98,98,-17.48949432373047,4.9035234451293945,21.0
98,99,-16.057703018188477,7.442545413970947,136.0
98,100,-12.922527313232422,6.3349080085754395,46.0
98,101,-24.97323989868164,9.6822509765625,267.0
98,102,-19.19977569580078,121.50360870361328,83.0
98,103,-9.243135452270508,21.78115463256836,269.0
98,104,-20.16912841796875,831.3433837890625,18954.0
98,105,-32.322654724121094,25.336992263793945,120.0
98,106,-30.01558494567871,72.81635284423828,555.0
98,107,-9.900354385375977,27.1158447265625,36.0
98,108,-16.82539176940918,28.935768127441406,45.0
98,109,-4.702249526977539,4.794246673583984,2.0
98,110,-24.491130828857422,456.1322326660156,5923.0
98,111,-7.770459175109863,3.651275157928467,11.0
98,112,-10.567063331604004,8.276436805725098,20.0
98,113,-9.950334548950195,12.032166481018066,12.0
98,114,-5.413290977478027,3.8702638149261475,6.0
98,115,-15.69133186340332,13.67025089263916,29.0
98,116,-11.159079551696777,6.422751426696777,7.0
98,117,-4.9638190269470215,2.032195806503296,4.0
98,118,-13.443971633911133,2.1104209423065186,8.0
98,119,-3.7398173809051514,1.5959627628326416,3.0
98,120,-6.449481964111328,8.583375930786133,7.0
98,121,-11.796305656433105,7.142415523529053,13.0
98,122,-20.034038543701172,6.179739952087402,30.0
98,123,-5.900935173034668,4.372057914733887,2.0
98,124,-14.626161575317383,11.446610450744629,11.0
98,125,-13.991331100463867,33.043758392333984,116.0
98,126,-13.7767972946167,98.71783447265625,1260.0
98,127,-8.451375961303711,16.72869110107422,10.0
98,128,-9.769815444946289,5.095218658447266,11.0
98,129,-20.090526580810547,17.63834571838379,53.0
98,130,-14.157015800476074,1186.197265625,1774.0
98,131,-13.229543685913086,5.2262444496154785,73.0
98,132,-25.658037185668945,71.97648620605469,62.0
98,133,-15.322973251342773,12.856236457824707,32.0
98,134,-18.554058074951172,485.2606506347656,152.0
98,135,-9.222919464111328,100.63093566894531,16.0
98,136,-1.364046573638916,1.5756726264953613,1.0
98,137,-5.794506072998047,4.25726318359375,2.0
98,138,-7.865462779998779,3.7095494270324707,2.0
98,139,-15.438751220703125,9.075113296508789,11.0
98,140,-18.23617172241211,38.368408203125,34.0
98,141,-12.703693389892578,12.68903923034668,52.0
98,142,-5.389355182647705,3.8471736907958984,1.0
98,143,-8.594366073608398,17.545345306396484,76.0
98,144,-9.08580207824707,20.668292999267578,81.0
98,145,-7.536717414855957,6.580951690673828,5.0
98,146,-5.313774585723877,14.251858711242676,4.0
98,147,-6.528779983520508,2.541317939758301,4.0
98,148,-1.239313006401062,1.511502742767334,1.0
98,149,-29.149436950683594,340.3203430175781,482.0
98,150,-8.816370010375977,18.892972946166992,8.0
98,151,-12.994102478027344,13.447866439819336,15.0
98,152,-9.736238479614258,25.672306060791016,20.0
98,153,-9.153717041015625,6.238523006439209,6.0
98,154,-20.874540328979492,184.68194580078125,493.0
98,155,-22.45100975036621,273.8970947265625,68.0
98,156,-12.44569206237793,63.34296417236328,40.0
98,157,-14.460850715637207,124.00022888183594,162.0
98,158,-4.30989933013916,2.93725323677063,3.0
98,159,-11.307374954223633,285.3417053222656,577.0
98,160,-8.690374374389648,18.115924835205078,17.0
98,161,-13.614148139953613,9.669963836669922,36.0
98,162,-13.490726470947266,4.4770731925964355,36.0
98,163,-5.4373931884765625,6.125524520874023,6.0
98,164,-8.758235931396484,18.530385971069336,8.0
98,165,-17.627965927124023,18.877944946289062,54.0
98,166,-16.36612319946289,2.104156494140625,8.0
98,167,-15.045696258544922,8.579582214355469,13.0
98,168,-3.442988872528076,1.9909218549728394,2.0
98,169,-9.611366271972656,11.054544448852539,10.0
98,170,-22.883119583129883,45.32475280761719,58.0
98,171,-17.921432495117188,36.02764129638672,63.0
98,172,-11.997940063476562,7.386519432067871,12.0
98,173,-12.965785026550293,13.371920585632324,504.0
98,174,-15.963924407958984,9.782164573669434,17.0
98,175,-25.48272705078125,163.4562225341797,186.0
98,176,-14.444311141967773,11.104884147644043,25.0
98,177,-12.746553421020508,2.1165709495544434,8.0
98,178,-26.86492919921875,5.995416164398193,20.0
98,179,-14.707192420959473,1561.802978515625,6076.0
98,180,-13.091255187988281,26.38547706604004,23.0
98,181,-13.887706756591797,102.43574523925781,247.0
98,182,-16.498022079467773,61.837223052978516,61.0
98,183,-13.423187255859375,28.668439865112305,15.0
98,184,-38.23974609375,235.76158142089844,1113.0
98,185,-12.175708770751953,5.693851947784424,26.0
98,186,-4.522275924682617,2.470585584640503,7.0
98,187,-12.422625541687012,498.35504150390625,1099.0
98,188,-13.605649948120117,93.24372863769531,2109.0
98,189,-7.985638618469238,14.323185920715332,24.0
98,190,-24.253984451293945,20.733444213867188,26.0
98,191,-12.525943756103516,12.245869636535645,1555.0
98,192,-13.855212211608887,10.066388130187988,17.0
98,193,-13.335654258728027,28.047895431518555,37.0
98,194,-17.062393188476562,5070.509765625,456.0
98,195,-5.007297515869141,3.4967167377471924,6.0
98,196,-22.332841873168945,265.9239807128906,13460.0
98,197,-11.557037353515625,17.97998809814453,1515.0
98,198,-9.037394523620605,2.468817949295044,37.0
98,199,-10.421566009521484,8.039068222045898,38.0
98,200,-16.039569854736328,3.434299945831299,62.0
98,201,-9.939946174621582,144.0230255126953,312.0
98,202,-6.881133079528809,31.204631805419922,42.0
98,203,-31.879226684570312,24.238025665283203,709.0
98,204,-6.696471691131592,5.33408784866333,5.0
98,205,-14.93382740020752,19.82146453857422,441.0
98,206,-6.828851699829102,5.513573169708252,52.0
98,207,-11.323631286621094,16.960851669311523,868.0
98,208,-13.910322189331055,103.21085357666016,2846.0
98,209,-26.448945999145508,27.279027938842773,6083.0
98,210,-3.3879058361053467,1.969109058380127,2.0
98,211,-10.595514297485352,34.18675231933594,225.0
98,212,-9.321847915649414,10.28269100189209,14.0
98,213,-15.202078819274902,158.75457763671875,2006.0
98,214,-7.399463653564453,6.358966827392578,38.0
98,215,-32.889617919921875,15.499403953552246,105.0
98,216,-6.5901713371276855,5.1942009925842285,6.0
98,217,-19.090665817260742,580.305908203125,880.0
98,218,-9.846705436706543,11.724449157714844,11.0
98,219,-14.865518569946289,41.115272521972656,266.0
98,220,-13.69918441772461,96.19667053222656,2321.0
98,221,-4.933353900909424,2.6822898387908936,3.0
98,222,-23.10193634033203,27.12013816833496,203.0
98,223,-3.456939220428467,3.165506601333618,2.0
98,224,-1.3144891262054443,1.9294685125350952,1.0
98,225,-17.067426681518555,11.452452659606934,104.0
98,226,-10.543061256408691,33.59421157836914,346.0
98,227,-13.812623977661133,31.599964141845703,327.0
98,228,-13.149984359741211,6.544135570526123,128.0
98,229,-17.709030151367188,4.374326229095459,43.0
98,230,-22.65744400024414,9.638297080993652,263.0
98,231,-6.1698479652404785,2.796330451965332,3.0
98,232,-1.0099066495895386,1.40022873878479,1.0
98,233,-11.48184871673584,45.93755340576172,158.0
98,234,-14.569988250732422,38.18707275390625,47.0
98,235,-17.328723907470703,76.11009979248047,237.0
98,236,-13.034038543701172,77.06732177734375,39.0
98,237,-22.993282318115234,99.35076904296875,746.0
98,238,-34.187992095947266,17.270488739013672,2116.0
98,239,-7.318403244018555,3.3862862586975098,6.0
98,240,-17.284286499023438,17.82700538635254,1358.0
98,241,-7.676468372344971,12.920598983764648,58.0
98,242,-37.72951126098633,219.1881103515625,1909.0
98,243,-14.2996244430542,7.712200164794922,21.0
98,244,-7.869180679321289,13.777823448181152,10.0
98,245,-9.910320281982422,7.257707595825195,10.0
98,246,-6.8045454025268555,5.480171203613281,6.0
98,247,-19.899751663208008,27.56716537475586,82.0
98,248,-10.087282180786133,4.225089073181152,3.0
98,249,-13.717033386230469,15.539835929870605,100.0
98,250,-29.909292221069336,42.04167938232422,1702.0
98,251,-21.264198303222656,70.30476379394531,362.0
98,252,-24.267982482910156,20.769752502441406,67.0
98,253,-32.65363693237305,685.8969116210938,1019.0
98,254,-11.813253402709961,7.162618160247803,5.0
98,255,-17.69493865966797,12.52652645111084,55.0
98,256,-16.182186126708984,57.14241027832031,189.0
98,257,-20.221126556396484,156.8487091064453,545.0
98,258,-5.583099842071533,3.0545122623443604,2.0
98,259,-11.304677963256836,9.592059135437012,252.0
98,260,-8.51326847076416,17.077404022216797,15.0
98,261,-21.82935905456543,6.166388034820557,99.0
98,262,-13.691385269165039,95.94691467285156,91.0
98,263,-14.93904972076416,19.842178344726562,10.0
98,264,-8.055660247802734,14.661426544189453,29.0
98,265,-8.25979232788086,15.693775177001953,56.0
98,266,-9.645078659057617,24.903942108154297,161.0
98,267,-12.042703628540039,20.301116943359375,90.0
98,268,-21.72321319580078,37.35757064819336,73.0
98,269,-1.7576940059661865,1.421252965927124,1.0
98,270,-3.0618300437927246,1.844791054725647,1.0
98,271,-14.873335838317871,11.928008079528809,40.0
98,272,-6.77333927154541,9.561837196350098,4.0
98,273,-8.982010841369629,9.445162773132324,14.0
98,274,-8.610123634338379,8.606613159179688,23.0
98,275,-6.679760456085205,5.311849594116211,20.0
98,276,-13.881440162658691,7.264960765838623,10.0
98,277,-18.490474700927734,101.76016235351562,576.0
98,278,-17.244237899780273,11.74541187286377,117.0
98,279,-10.018917083740234,7.417065620422363,214.0
98,280,-16.880718231201172,8.248982429504395,38.0
98,281,-13.09526252746582,78.65628814697266,60.0
98,282,-6.14012336730957,7.742370128631592,3.0
98,283,-13.343441009521484,85.43992614746094,1036.0
98,284,-10.087690353393555,7.519789695739746,118.0
98,285,-20.396087646484375,6.386521816253662,7.0
98,286,-21.06917953491211,6.7895188331604,9.0
98,287,-2.2354955673217773,3.0579590797424316,2.0
98,288,-13.137970924377441,13.840433120727539,749.0
98,289,-30.862747192382812,21.895357131958008,107.0
98,290,-17.612485885620117,81.70551300048828,45.0
98,291,-5.171462535858154,3.643211603164673,5.0
98,292,-8.335424423217773,8.035394668579102,11.0
98,293,-0.8973982334136963,1.2515084743499756,1.0
98,294,-18.78479766845703,109.53009796142578,50.0
98,295,-5.883725166320801,18.95111083984375,30.0
98,296,-27.857606887817383,22.093639373779297,195.0
98,297,-20.050067901611328,17.536693572998047,50.0
98,298,-17.63336181640625,34.01060485839844,6811.0
98,299,-18.147069931030273,8721.3994140625,387.0
98,300,-25.012001037597656,269952.3125,4951.0
98,301,-23.641382217407227,13.829726219177246,588.0
98,302,-9.150369644165039,9.851191520690918,7.0
98,303,-14.721380233764648,18.996906280517578,1846.0
100,0,-21.109718322753906,33.72658920288086,111.0
100,1,-2.48370361328125,1.8606499433517456,1.0
100,2,-8.576593399047852,17.44171142578125,3.0
100,3,-8.103676795959473,14.897978782653809,91.0
100,4,-18.45586585998535,13.964974403381348,134.0
100,5,-29.809267044067383,27.443811416625977,118.0
100,6,-38.0709228515625,68.72428131103516,1784.0
100,7,-12.677385330200195,6.1168975830078125,102.0
100,8,-5.378076553344727,6.005599021911621,5.0
100,9,-10.861289024353027,8.778081893920898,7.0
100,10,-22.6101131439209,285.0111389160156,1228.0
100,11,-7.518410682678223,4.4982218742370605,8.0
100,12,-9.405960083007812,10.501205444335938,6.0
100,13,-7.887738227844238,3.085827112197876,10.0
100,14,-20.649391174316406,975.6759643554688,296.0
100,15,-6.585184097290039,2.277658700942993,14.0
100,16,-7.238206386566162,6.10770845413208,17.0
100,17,-17.865995407104492,385.8049011230469,210.0
100,18,-20.758403778076172,32183.263671875,1770.0
100,19,-17.086231231689453,11.483257293701172,22.0
100,20,-12.701148986816406,12.682585716247559,28.0
100,21,-11.994412422180176,54.49655532836914,26.0
100,22,-10.931451797485352,8.902127265930176,11.0
100,23,-3.762476921081543,1.7117165327072144,2.0
100,24,-6.691318988800049,9.303956031799316,6.0
100,25,-3.9235923290252686,3.69826602935791,5.0
100,26,-3.556858539581299,2.433218002319336,4.0
100,27,-7.505768775939941,4.486862659454346,20.0
100,28,-9.81993293762207,3.412658214569092,35.0
100,29,-19.297245025634766,15.748567581176758,32.0
100,30,-5.229313373565674,2.8458526134490967,4.0
100,31,-10.538166046142578,33.5394401550293,28.0
100,32,-10.025093078613281,12.25915813446045,102.0
100,33,-13.311485290527344,5.280050754547119,43.0
100,34,-9.26319694519043,21.927295684814453,81.0
100,35,-6.10105037689209,7.642184734344482,13.0
100,36,-17.63958740234375,357.7599792480469,456.0
100,37,-22.636856079101562,9.618474960327148,163.0
100,38,-43.58345413208008,52.569297790527344,15011.0
100,39,-11.07275104522705,40.08158493041992,59.0
100,40,-9.596091270446777,24.500587463378906,17.0
100,41,-8.451574325561523,8.27214241027832,11.0
100,42,-9.930832862854004,143.3682403564453,153.0
100,43,-39.31254196166992,700.707275390625,1773.0
100,44,-3.794888496398926,6.668828964233398,3.0
100,45,-10.555706024169922,5.808279514312744,10.0
100,46,-11.630470275878906,48.270633697509766,93.0
100,47,-5.575818061828613,4.030758380889893,13.0
100,48,-20.63337516784668,173.87623596191406,3306.0
100,49,-15.676607131958008,5.707866191864014,23.0
100,50,-13.646595001220703,94.5250473022461,1254.0
100,51,-12.67558479309082,68.38783264160156,127.0
100,52,-9.082257270812988,6.149996280670166,52.0
100,53,-5.26859712600708,5.790386199951172,3.0
100,54,-31.422271728515625,188.11346435546875,7824.0
100,55,-19.383413314819336,25.294042587280273,17.0
100,56,-6.326006889343262,8.23727035522461,13.0
100,57,-6.188187122344971,4.697576522827148,3.0
100,58,-8.855151176452637,9.150310516357422,13.0
100,59,-24.679996490478516,33.9780158996582,243.0
100,60,-9.997048377990723,12.173507690429688,37.0
100,61,-10.672330856323242,35.073421478271484,19.0
100,62,-24.327259063720703,437.8230285644531,316.0
100,63,-11.188407897949219,4.944836616516113,13.0
100,64,-8.33344554901123,5.294609069824219,9.0
100,65,-4.775131702423096,4.912144184112549,2.0
100,66,-15.705992698669434,13.703695297241211,7.0
100,67,-6.827428817749023,3.917625665664673,3.0
100,68,-15.471843719482422,6.916988372802734,41.0
100,69,-9.496330261230469,23.699249267578125,15.0
100,70,-5.382864952087402,3.8409366607666016,3.0
100,71,-9.814711570739746,1.8467354774475098,63.0
100,72,-14.060197830200195,33.61758804321289,22.0
100,73,-12.524312973022461,22.898656845092773,14.0
100,74,-15.098329544067383,153.3582000732422,383.0
100,75,-8.099275588989258,1.963914394378662,5.0
100,76,-6.695278644561768,3.815439224243164,10.0
100,77,-14.734889030456543,19.04829978942871,53.0
100,78,-7.618021011352539,3.559678077697754,2.0
100,79,-13.51973819732666,3.865046739578247,80.0
100,80,-5.83814001083374,3.2143592834472656,11.0
100,81,-9.646171569824219,3.33933424949646,43.0
100,82,-5.167309761047363,2.8107798099517822,4.0
100,83,-21.690885543823242,7.184304237365723,289.0
100,84,-8.755403518676758,18.51289939880371,84.0
100,85,-4.264473915100098,8.433711051940918,3.0
100,86,-4.36967658996582,4.291167259216309,4.0
100,87,-32.948143005371094,61.468074798583984,293.0
100,88,-13.54787826538086,5.438398838043213,97.0
100,89,-16.25459861755371,25.81407356262207,58.0
100,90,-13.260000228881836,14.182374000549316,196.0
100,91,-15.646733283996582,13.569014549255371,14.0
100,92,-4.7352495193481445,4.847273826599121,1.0
100,93,-6.590768337249756,3.736515760421753,4.0
100,94,-7.119277000427246,4.153101444244385,19.0
100,95,-16.84477996826172,5.389636993408203,255.0
100,96,-10.623764038085938,34.51019287109375,20.0
100,97,-4.489727020263672,4.466368675231934,5.0
100,98,-17.47942543029785,4.8990373611450195,21.0
100,99,-16.00193977355957,7.390848159790039,129.0
100,100,-13.047167778015137,6.448716640472412,47.0
100,101,-24.906888961791992,9.624025344848633,263.0
100,102,-19.223634719848633,122.23050689697266,80.0
100,103,-9.223079681396484,21.636028289794922,267.0
100,104,-20.250041961669922,854.070556640625,19166.0
100,105,-32.38268280029297,25.489543914794922,125.0
100,106,-29.979572296142578,72.44270324707031,548.0
100,107,-9.902300834655762,27.133441925048828,35.0
100,108,-16.87375831604004,29.217025756835938,45.0
100,109,-4.720619201660156,4.823692321777344,2.0
100,110,-24.630746841430664,472.3341369628906,5882.0
100,111,-7.7521748542785645,3.6401655673980713,11.0
100,112,-10.532820701599121,8.219949722290039,20.0
100,113,-9.955842971801758,12.048748016357422,12.0
100,114,-5.469423770904541,3.9249589443206787,6.0
100,115,-15.562664031982422,13.380218505859375,29.0
100,116,-11.138348579406738,6.400598049163818,7.0
100,117,-4.92549467086792,2.0211002826690674,4.0
100,118,-13.454992294311523,2.111713171005249,8.0
100,119,-3.7097318172454834,1.5899721384048462,3.0
100,120,-6.417949676513672,8.493631362915039,6.0
100,121,-11.853702545166016,7.211068153381348,13.0
100,122,-20.02916717529297,6.177003860473633,29.0
100,123,-5.881147384643555,4.350482940673828,2.0
100,124,-14.570297241210938,11.34052848815918,11.0
100,125,-13.947486877441406,32.68354415893555,115.0
100,126,-13.746245384216309,97.71760559082031,1254.0
100,127,-8.522928237915039,17.132478713989258,10.0
100,128,-9.765852928161621,5.091855049133301,11.0
100,129,-20.10940933227539,17.68598747253418,53.0
100,130,-14.156331062316895,1185.791259765625,1721.0
100,131,-13.220117568969727,5.220090389251709,72.0
100,132,-25.59695053100586,71.2474136352539,62.0
100,133,-15.338653564453125,12.889876365661621,33.0
100,134,-18.6047420501709,493.5284729003906,153.0
100,135,-9.211662292480469,100.06611633300781,16.0
100,136,-1.3433500528335571,1.5648396015167236,1.0
100,137,-5.7879838943481445,4.2503275871276855,2.0
100,138,-7.7939276695251465,3.6655850410461426,2.0
100,139,-15.50615119934082,9.162915229797363,12.0
100,140,-18.276445388793945,38.67870330810547,34.0
100,141,-12.692414283752441,12.660449981689453,50.0
100,142,-5.373343467712402,3.8318045139312744,1.0
100,143,-8.596275329589844,17.556514739990234,74.0
100,144,-9.141609191894531,21.056367874145508,81.0
100,145,-7.513769149780273,6.543304443359375,5.0
100,146,-5.333844184875488,14.39559268951416,4.0
100,147,-6.580836296081543,2.5602872371673584,4.0
100,148,-1.2417502403259277,1.5127310752868652,1.0
100,149,-29.165544509887695,341.4184875488281,485.0
100,150,-8.804731369018555,18.8198184967041,8.0
100,151,-13.03453540802002,13.557056427001953,15.0
100,152,-9.757098197937012,25.8514347076416,20.0
100,153,-9.200159072875977,6.296739101409912,6.0
100,154,-20.932411193847656,187.373291015625,492.0
100,155,-22.471744537353516,275.3205871582031,67.0
100,156,-12.413411140441895,62.66503143310547,41.0
100,157,-14.519070625305176,126.43018341064453,170.0
100,158,-4.280413627624512,2.9156808853149414,3.0
100,159,-11.37744140625,295.51531982421875,581.0
100,160,-8.71160888671875,18.244609832763672,17.0
100,161,-13.688018798828125,9.789756774902344,35.0
100,162,-13.50813102722168,4.485739707946777,36.0
100,163,-5.459015369415283,6.169832706451416,6.0
100,164,-8.76704216003418,18.58485984802246,8.0
100,165,-17.57510757446289,18.71236801147461,51.0
100,166,-16.422286987304688,2.1095352172851562,8.0
100,167,-15.071694374084473,8.611507415771484,13.0
100,168,-3.4447569847106934,1.9916259050369263,2.0
100,169,-9.673442840576172,11.227438926696777,12.0
100,170,-22.899860382080078,45.451393127441406,57.0
100,171,-17.94577980041504,36.2035026550293,62.0
100,172,-11.971597671508789,7.354161262512207,12.0
100,173,-12.83195686340332,13.01876163482666,482.0
100,174,-15.917357444763184,9.717303276062012,19.0
100,175,-25.47514533996582,163.20855712890625,184.0
100,176,-14.443824768066406,11.103984832763672,25.0
100,177,-12.790870666503906,2.122095823287964,8.0
100,178,-26.935876846313477,6.023841381072998,20.0
100,179,-14.64881420135498,1516.8741455078125,6041.0
100,180,-13.106731414794922,26.487762451171875,24.0
100,181,-13.892168045043945,102.5881576538086,245.0
100,182,-16.520614624023438,62.18747329711914,61.0
100,183,-13.478282928466797,29.06604766845703,15.0
100,184,-38.1236572265625,231.8838653564453,1105.0
100,185,-12.19912338256836,5.712929725646973,26.0
100,186,-4.509274959564209,2.464169979095459,7.0
100,187,-12.427999496459961,499.6959228515625,1086.0
100,188,-13.667274475097656,95.17887115478516,2159.0
100,189,-8.016559600830078,14.471578598022461,24.0
100,190,-24.260456085205078,20.75022315979004,27.0
100,191,-12.574322700500488,12.3649320602417,1556.0
100,192,-13.840255737304688,10.041327476501465,18.0
100,193,-13.425409317016602,28.684368133544922,36.0
100,194,-17.141977310180664,5276.34375,470.0
100,195,-5.020205974578857,3.508019208908081,6.0
100,196,-22.216527938842773,258.30267333984375,13331.0
100,197,-11.545419692993164,17.927841186523438,1523.0
100,198,-8.951152801513672,2.447617769241333,33.0
100,199,-10.544474601745605,8.239130973815918,40.0
100,200,-16.067760467529297,3.4417552947998047,59.0
100,201,-9.914487838745117,142.2013397216797,315.0
100,202,-6.907538890838623,31.619354248046875,44.0
100,203,-31.819122314453125,24.0927791595459,698.0
100,204,-6.6532416343688965,5.276750087738037,5.0
100,205,-15.024883270263672,20.185747146606445,441.0
100,206,-6.692872047424316,5.32928991317749,47.0
100,207,-11.223252296447754,16.540517807006836,815.0
100,208,-13.931654930114746,103.94741821289062,2874.0
100,209,-26.571462631225586,27.70001220703125,6219.0
100,210,-3.403886556625366,1.9754126071929932,2.0
100,211,-10.579404830932617,34.003665924072266,224.0
100,212,-9.363386154174805,10.39002799987793,15.0
100,213,-15.257499694824219,161.71461486816406,2060.0
100,214,-7.43720817565918,6.419255256652832,38.0
100,215,-32.90636444091797,15.521047592163086,107.0
100,216,-6.706333160400391,5.347254753112793,6.0
100,217,-19.073040008544922,576.9063110351562,883.0
100,218,-9.807825088500977,11.611039161682129,11.0
100,219,-14.880659103393555,41.27119445800781,272.0
100,220,-13.674817085266113,95.41848754882812,2351.0
100,221,-4.951545715332031,2.6920666694641113,3.0
100,222,-23.124502182006836,27.20771026611328,209.0
100,223,-3.4495902061462402,3.157761573791504,2.0
100,224,-1.2955174446105957,1.9112523794174194,1.0
100,225,-17.173389434814453,11.627131462097168,109.0
100,226,-10.450976371765137,32.57870101928711,335.0
100,227,-13.827959060668945,31.721343994140625,321.0
100,228,-13.068609237670898,6.468500137329102,121.0
100,229,-17.759794235229492,4.3928704261779785,45.0
100,230,-22.879989624023438,9.855196952819824,265.0
100,231,-6.1282501220703125,2.777010679244995,3.0
100,232,-1.007309913635254,1.3990172147750854,1.0
100,233,-11.491119384765625,46.0797233581543,158.0
100,234,-14.539085388183594,37.8931884765625,47.0
100,235,-17.329296112060547,76.12098693847656,240.0
100,236,-13.020849227905273,76.72924041748047,38.0
100,237,-23.869550704956055,118.38121795654297,744.0
100,238,-34.25037384033203,17.360504150390625,2132.0
100,239,-7.328354835510254,3.3919076919555664,6.0
100,240,-17.343719482421875,18.00446891784668,1402.0
100,241,-7.637317657470703,12.753076553344727,57.0
100,242,-37.775421142578125,220.63035583496094,1840.0
100,243,-14.368186950683594,7.788110256195068,21.0
100,244,-7.8628644943237305,13.748844146728516,10.0
100,245,-9.955556869506836,7.323668956756592,10.0
100,246,-6.803003311157227,5.478058815002441,6.0
100,247,-19.97203826904297,27.901296615600586,84.0
100,248,-10.130420684814453,4.251206874847412,3.0
100,249,-13.86196517944336,15.996869087219238,104.0
100,250,-30.00447654724121,42.54487991333008,1729.0
100,251,-21.240737915039062,69.97565460205078,367.0
100,252,-24.262470245361328,20.755449295043945,74.0
100,253,-32.54096221923828,670.6132202148438,977.0
100,254,-11.704696655273438,7.034191608428955,5.0
100,255,-17.691537857055664,12.520440101623535,54.0
100,256,-16.313199996948242,59.04500961303711,197.0
100,257,-20.278907775878906,159.130859375,541.0
100,258,-5.639164447784424,3.0889549255371094,2.0
100,259,-11.236287117004395,9.461750984191895,245.0
100,260,-8.493553161621094,16.965543746948242,15.0
100,261,-21.826601028442383,6.164971351623535,100.0
100,262,-13.769121170043945,98.46556854248047,92.0
100,263,-15.034154891967773,20.223209381103516,10.0
100,264,-8.098320960998535,14.871404647827148,29.0
100,265,-8.240923881530762,15.595379829406738,51.0
100,266,-9.660360336303711,25.031126022338867,159.0
100,267,-11.94461441040039,19.809341430664062,89.0
100,268,-21.71527099609375,37.30815124511719,75.0
100,269,-1.7756749391555786,1.4263732433319092,1.0
100,270,-3.063505172729492,1.8454091548919678,1.0
100,271,-14.836462020874023,11.854928970336914,40.0
100,272,-6.729135513305664,9.421978950500488,4.0
100,273,-8.997734069824219,9.482362747192383,14.0
100,274,-8.565184593200684,8.510461807250977,22.0
100,275,-6.749505043029785,5.405280113220215,20.0
100,276,-13.864036560058594,7.246921062469482,10.0
100,277,-18.40622329711914,99.63922119140625,553.0
100,278,-17.269742965698242,11.788283348083496,116.0
100,279,-10.023089408874512,7.423256874084473,230.0
100,280,-16.924510955810547,8.29426097869873,38.0
100,281,-13.05674934387207,77.65296173095703,58.0
100,282,-6.140595436096191,7.743588924407959,3.0
100,283,-13.370994567871094,86.2282943725586,1031.0
100,284,-10.122751235961914,7.572704315185547,119.0
100,285,-20.32099151611328,6.3430705070495605,7.0
100,286,-21.0400390625,6.7715559005737305,8.0
100,287,-2.2446775436401367,3.072030544281006,3.0
100,288,-13.211709976196289,14.046062469482422,780.0
100,289,-30.825115203857422,21.8131160736084,100.0
100,290,-17.646240234375,82.39791107177734,46.0
100,291,-5.220184803009033,3.687859535217285,5.0
100,292,-8.347099304199219,8.058881759643555,11.0
100,293,-0.9203504323959351,1.258710265159607,1.0
100,294,-18.75444793701172,108.70220184326172,45.0
100,295,-5.937145233154297,19.4641170501709,30.0
100,296,-27.887989044189453,22.16834831237793,196.0
100,297,-20.106121063232422,17.677682876586914,51.0
100,298,-17.749326705932617,34.80862808227539,6837.0
100,299,-18.173789978027344,8838.69921875,379.0
100,300,-24.97694206237793,265261.375,4976.0
100,301,-23.94980239868164,14.311869621276855,635.0
100,302,-9.177306175231934,9.917754173278809,7.0
100,303,-14.711182594299316,18.95819854736328,1853.0
