step,probe_index,log_prob,perplexity,target_rank
0,0,-19.645689010620117,135.83245849609375,549.0
0,1,-18.652610778808594,6.4576215744018555,881.0
0,2,-9.752328872680664,131.1267547607422,43.0
0,3,-16.060861587524414,211.3721923828125,174.0
0,4,-25.311981201171875,16.650535583496094,93.0
0,5,-9.697141647338867,11.294156074523926,14.0
0,6,-26.351242065429688,80.79166412353516,615.0
0,7,-16.173032760620117,57.01179885864258,440.0
0,8,-9.356820106506348,22.622390747070312,37.0
0,9,-17.751087188720703,84.58626556396484,469.0
0,10,-18.85627555847168,43.434539794921875,1301.0
0,11,-10.012575149536133,28.14937400817871,161.0
0,12,-4.95974588394165,5.223923206329346,2.0
0,13,-46.745643615722656,794.6875610351562,14371.0
0,14,-34.66496658325195,141.47711181640625,653.0
0,15,-8.358190536499023,8.081258773803711,31.0
0,16,-12.171232223510742,57.80512619018555,47.0
0,17,-10.117290496826172,12.545005798339844,33.0
0,18,-3.4480624198913574,5.607086658477783,2.0
0,19,-21.590465545654297,14.862009048461914,153.0
0,20,-47.22160720825195,73.17642974853516,383.0
0,21,-79.37663269042969,43.80902099609375,2222.0
0,22,-8.404678344726562,5.370578765869141,23.0
0,23,-17.65696144104004,9.089502334594727,19.0
0,24,-13.085173606872559,13.695053100585938,14.0
0,25,-36.69435119628906,452.92431640625,1194.0
0,26,-14.526166915893555,126.7296142578125,97.0
0,27,-31.29239273071289,22.85658836364746,60.0
0,28,-13.043635368347168,13.581750869750977,25.0
0,29,-16.960752487182617,29.729814529418945,233.0
0,30,-7.534097194671631,6.5766425132751465,4.0
0,31,-20.20612144470215,841.658203125,2274.0
0,32,-14.886423110961914,41.330711364746094,35.0
0,33,-16.904155731201172,68.44557189941406,705.0
0,34,-7.765174865722656,6.967759609222412,8.0
0,35,-18.36852264404297,13.791807174682617,40.0
0,36,-33.32378387451172,16.070449829101562,119.0
0,37,-23.901222229003906,19.839061737060547,336.0
0,38,-18.010639190673828,90.25687408447266,61.0
0,39,-41.30584716796875,174.7280731201172,190.0
0,40,-29.925369262695312,146.57859802246094,309.0
0,41,-20.60687255859375,61.643917083740234,488.0
0,42,-34.4055061340332,136.32919311523438,5156.0
0,43,-5.442139625549316,3.898277759552002,3.0
0,44,-9.339451789855957,6.474623203277588,16.0
0,45,-19.233917236328125,46.84214782714844,802.0
0,46,-24.875274658203125,34.93924331665039,52.0
0,47,-9.636512756347656,11.124258995056152,22.0
0,48,-41.640716552734375,383.2447204589844,8424.0
0,49,-48.054046630859375,958.0154418945312,18047.0
0,50,-10.566543579101562,14.03614616394043,22.0
0,51,-29.637939453125,1651.5753173828125,748.0
0,52,-18.009944915771484,90.24121856689453,20.0
0,53,-81.25048828125,331.4929504394531,1942.0
0,54,-33.46459197998047,806.6729736328125,1120.0
0,55,-5.453149795532227,233.4924774169922,45.0
0,56,-27.65622901916504,12.356751441955566,1587.0
0,57,-9.232117652893066,21.70130729675293,9.0
0,58,-24.834239959716797,496.9850769042969,941.0
0,59,-17.21090316772461,17.61029624938965,48.0
0,60,-11.16028881072998,16.282194137573242,1119.0
0,61,-19.965713500976562,54.225032806396484,96.0
0,62,-22.55855941772461,91.07762145996094,1799.0
0,63,-13.335783958435059,14.398970603942871,396.0
0,64,-2.2787928581237793,3.1248817443847656,2.0
0,65,-5.257461071014404,13.856169700622559,8.0
0,66,-49.644710540771484,91.20917510986328,3221.0
0,67,-6.698734760284424,28.484708786010742,22.0
0,68,-14.133609771728516,10.544469833374023,220.0
0,69,-21.059680938720703,1118.667724609375,466.0
0,70,-20.946435928344727,19.93242835998535,483.0
0,71,-30.29475212097168,20.68637466430664,1168.0
0,72,-13.662154197692871,926.1879272460938,366.0
0,73,-35.68069076538086,19.558124542236328,407.0
0,74,-21.3934326171875,72.14561462402344,1473.0
0,75,-19.33559799194336,47.80448913574219,525.0
0,76,-6.511081218719482,5.092507362365723,3.0
0,77,-27.498741149902344,50.82516860961914,60.0
0,78,-5.677073955535889,17.090744018554688,8.0
0,79,-39.959510803222656,84.77033996582031,1049.0
0,80,-12.469722747802734,63.8524055480957,46.0
0,81,-27.000308990478516,20.086227416992188,22.0
0,82,-63.415042877197266,131.3782196044922,1119.0
0,83,-14.690412521362305,18.879608154296875,964.0
0,84,-27.329938888549805,8.184998512268066,12.0
0,85,-38.540401458740234,19.387845993041992,52.0
0,86,-41.43138122558594,99.83182525634766,4295.0
0,87,-76.40977478027344,4.4737677574157715,24884.0
0,88,-4.295749664306641,4.186715602874756,2.0
0,89,-4.888283729553223,11.520659446716309,16.0
0,90,-15.879396438598633,198.96566772460938,408.0
0,91,-13.619195938110352,9.67810344696045,70.0
0,92,-43.944217681884766,11.48848819732666,72.0
0,93,-10.535136222839355,13.926369667053223,5.0
0,94,-17.135150909423828,30.785078048706055,57.0
0,95,-15.430036544799805,13.087697982788086,28.0
0,96,-6.140276908874512,7.742765426635742,6.0
0,97,-14.380607604980469,36.42123031616211,74.0
0,98,-8.553061485290527,5.532347679138184,29.0
0,99,-18.60138702392578,14.258326530456543,91.0
0,100,-24.941143035888672,6.811071395874023,14.0
0,101,-40.63764190673828,18.22307586669922,194.0
0,102,-32.85828399658203,38.510093688964844,133.0
0,103,-18.349220275878906,98.2293472290039,1732.0
0,104,-61.93125534057617,489.37335205078125,1048.0
0,105,-2.3391215801239014,3.2205777168273926,2.0
0,106,-110.02618408203125,9.444498062133789,9941.0
0,107,-9.276022911071777,22.021244049072266,206.0
0,108,-10.339529037475586,31.390634536743164,22.0
0,109,-22.572647094726562,91.33455657958984,274.0
0,110,-19.879409790039062,144.00564575195312,138.0
0,111,-21.237590789794922,34.45308303833008,849.0
0,112,-15.503795623779297,13.24958324432373,26.0
0,113,-7.453770160675049,6.445888996124268,23.0
0,114,-84.04837036132812,11.038420677185059,2299.0
0,115,-32.38303756713867,57.27588653564453,4301.0
0,116,-44.94460678100586,59.493858337402344,4777.0
0,117,-24.417667388916016,132.0966033935547,2393.0
0,118,-9.382293701171875,22.815296173095703,121.0
0,119,-16.37627410888672,26.449962615966797,72.0
0,120,-17.398841857910156,12.007707595825195,19.0
0,121,-16.184782028198242,25.45612335205078,19.0
0,122,-50.75343322753906,10.043987274169922,74833.0
0,123,-41.361419677734375,368.25457763671875,17245.0
0,124,-12.910346984863281,25.218725204467773,49.0
0,125,-13.861184120178223,31.98592758178711,79.0
0,126,-12.65079402923584,12.555499076843262,32.0
0,127,-41.33067321777344,62.36892318725586,1343.0
0,128,-16.552513122558594,27.39889144897461,40.0
0,129,-9.913017272949219,3.008514404296875,6.0
0,130,-49.45997619628906,243.606201171875,8833.0
0,131,-6.9442596435546875,10.122425079345703,5.0
0,132,-18.500518798828125,102.01600646972656,36.0
0,133,-42.651588439941406,26.599472045898438,177.0
0,134,-22.460895538330078,89.31584930419922,697.0
0,135,-16.78575897216797,4.050390243530273,6.0
0,136,-30.07426643371582,28.263893127441406,213.0
0,137,-25.638147354125977,24.649789810180664,107.0
0,138,-31.104965209960938,85.07781219482422,535.0
0,139,-24.06686782836914,410.2296142578125,1800.0
0,140,-101.79307556152344,7.983762264251709,19235.0
0,141,-15.473038673400879,173.76077270507812,92.0
0,142,-16.23324203491211,25.704044342041016,59.0
0,143,-7.801852226257324,13.472053527832031,13.0
0,144,-55.66442108154297,18.722131729125977,3171.0
0,145,-4.373723030090332,4.296959400177002,4.0
0,146,-6.062480926513672,20.722923278808594,6.0
0,147,-7.292292594909668,11.367566108703613,22.0
0,148,-40.28435516357422,3155.40283203125,17652.0
0,149,-10.4245023727417,32.292476654052734,8.0
0,150,-41.53804397583008,43.649234771728516,4882.0
0,151,-51.94538116455078,180.28485107421875,2964.0
0,152,-13.352208137512207,85.68999481201172,49.0
0,153,-24.00823974609375,14.405098915100098,104.0
0,154,-82.18572235107422,96.14655303955078,3887.0
0,155,-19.165189743041992,15.454254150390625,1006.0
0,156,-94.57318878173828,7.81417179107666,1651.0
0,157,-80.29086303710938,7.836091041564941,1005.0
0,158,-18.067197799682617,20.311752319335938,468.0
0,159,-41.847999572753906,104.56175994873047,5091.0
0,160,-15.62623405456543,49.72751998901367,1084.0
0,161,-12.967145919799805,13.37555980682373,312.0
0,162,-30.139423370361328,12.32486343383789,51.0
0,163,-7.478935241699219,6.486569404602051,6.0
0,164,-11.421055793762207,17.379024505615234,10.0
0,165,-16.1159725189209,215.291015625,2304.0
0,166,-8.100332260131836,14.881379127502441,52.0
0,167,-12.052696228027344,5.594666481018066,8.0
0,168,-56.883323669433594,7.109941005706787,87.0
0,169,-39.920928955078125,146.9534912109375,12421.0
0,170,-17.77398681640625,19.343008041381836,20.0
0,171,-15.22947883605957,21.02886199951172,99.0
0,172,-8.668084144592285,76.25187683105469,142.0
0,173,-3.1672539710998535,4.872596740722656,4.0
0,174,-13.238378524780273,27.374025344848633,120.0
0,175,-18.26155662536621,38.56369400024414,134.0
0,176,-26.54338836669922,761.9241943359375,4302.0
0,177,-40.22084045410156,87.26785278320312,809.0
0,178,-17.238637924194336,74.41514587402344,19.0
0,179,-12.022703170776367,55.012908935546875,825.0
0,180,-29.22344398498535,1489.00146484375,11353.0
0,181,-15.170653343200684,44.374427795410156,1120.0
0,182,-30.713687896728516,167.159423828125,2210.0
0,183,-47.55986785888672,116.27832794189453,1068.0
0,184,-6.130293369293213,21.437606811523438,15.0
0,185,-6.774301528930664,2.632035255432129,7.0
0,186,-7.988178253173828,7.367250442504883,6.0
0,187,-7.722792148590088,13.12165641784668,4.0
0,188,-27.921241760253906,104.95588684082031,113.0
0,189,-93.35995483398438,31.746295928955078,3290.0
0,190,-26.55892562866211,83.63712310791016,6468.0
0,191,-13.759906768798828,98.16361236572266,154.0
0,192,-19.570125579833984,11.54515266418457,1730.0
0,193,-41.16160583496094,357.8913269042969,2489.0
0,194,-21.247905731201172,202.7505645751953,124.0
0,195,-55.21110153198242,99.57637786865234,769.0
0,196,-14.202486991882324,113.76811981201172,66.0
0,197,-13.647412300109863,15.324953079223633,2714.0
0,198,-23.398258209228516,49.38811111450195,1248.0
0,199,-49.524959564208984,245.37147521972656,9352.0
0,200,-15.73550796508789,13.771270751953125,81.0
0,201,-24.979785919189453,22.70245933532715,448.0
0,202,-11.102270126342773,16.047733306884766,37.0
0,203,-27.82450294494629,16.1585636138916,184.0
0,204,-22.477035522460938,89.60464477539062,631.0
0,205,-22.24785614013672,40.77120590209961,595.0
0,206,-13.093910217285156,78.620849609375,96.0
0,207,-13.987363815307617,10.290563583374023,193.0
0,208,-14.629377365112305,131.1654052734375,2436.0
0,209,-18.689117431640625,42.00646209716797,101.0
0,210,-15.654733657836914,184.60984802246094,670.0
0,211,-15.07901382446289,43.36936950683594,123.0
0,212,-34.39440155029297,136.1130828857422,291.0
0,213,-22.724628448486328,293.2886047363281,740.0
0,214,-22.433761596679688,272.7185974121094,3440.0
0,215,-33.58385467529297,66.55188751220703,456.0
0,216,-22.552600860595703,1840.0238037109375,5442.0
0,217,-36.55061340332031,1495.3603515625,3355.0
0,218,-21.417503356933594,211.5319061279297,306.0
0,219,-27.67188262939453,10137.13671875,2052.0
0,220,-15.868576049804688,4.888363361358643,53.0
0,221,-10.083048820495605,28.818462371826172,271.0
0,222,-27.89356231689453,1067.8372802734375,6292.0
0,223,-15.785270690917969,2677.49072265625,2729.0
0,224,-21.659652709960938,224.7330322265625,4220.0
0,225,-10.224111557006836,30.20589828491211,19.0
0,226,-31.155412673950195,22.545629501342773,291.0
0,227,-26.61208724975586,19.238216400146484,47.0
0,228,-26.861377716064453,7737.1806640625,2832.0
0,229,-10.273992538452148,4.339300632476807,15.0
0,230,-29.117599487304688,11.318819046020508,337.0
0,231,-8.949734687805176,9.369255065917969,11.0
0,232,-10.8746976852417,15.160212516784668,62.0
0,233,-25.731107711791992,10.372848510742188,145.0
0,234,-12.212910652160645,58.613792419433594,52.0
0,235,-17.942174911499023,19.89289093017578,184.0
0,236,-31.603116989135742,193.8696746826172,709.0
0,237,-7.8461384773254395,13.672405242919922,31.0
0,238,-15.763757705688477,2648.8447265625,210.0
0,239,-9.795938491821289,11.57658576965332,4.0
0,240,-22.134166717529297,253.0384979248047,4246.0
0,241,-26.80116844177246,19.646665573120117,45.0
0,242,-9.08791732788086,20.68286895751953,120.0
0,243,-15.110523223876953,43.71235656738281,431.0
0,244,-4.696830749511719,4.785594463348389,9.0
0,245,-10.250089645385742,12.968488693237305,4.0
0,246,-26.167137145996094,187.43414306640625,590.0
0,247,-28.60015296936035,1274.1546630859375,4151.0
0,248,-40.11846923828125,55.24882125854492,7523.0
0,249,-40.09575271606445,150.20021057128906,3283.0
0,250,-19.555030822753906,132.7884979248047,75.0
0,251,-8.215882301330566,5.171570777893066,21.0
0,252,-13.826172828674316,10.01778507232666,60.0
0,253,-8.578861236572266,5.560967922210693,5.0
0,254,-6.961987018585205,10.182415962219238,16.0
0,255,-33.124000549316406,62.83423614501953,2554.0
0,256,-33.715728759765625,275.6930236816406,17213.0
0,257,-22.905872344970703,97.62897491455078,1850.0
0,258,-11.407645225524902,44.81524658203125,32.0
0,259,-36.617889404296875,58.47822952270508,454.0
0,260,-27.683441162109375,10176.2685546875,13332.0
0,261,-11.860895156860352,52.12432098388672,44.0
0,262,-9.81692886352539,26.372177124023438,190.0
0,263,-36.498287200927734,438.3632507324219,18394.0
0,264,-45.61840057373047,44.76978302001953,170.0
0,265,-30.19913101196289,153.42138671875,13389.0
0,266,-5.526940822601318,3.0203967094421387,2.0
0,267,-8.407524108886719,16.485942840576172,25.0
0,268,-29.85642433166504,144.90391540527344,1798.0
0,269,-12.671509742736816,68.29499053955078,27.0
0,270,-27.59551239013672,99.40995025634766,8400.0
0,271,-10.187552452087402,4.286045551300049,8.0
0,272,-21.241371154785156,34.47480010986328,30.0
0,273,-31.03455924987793,22.274799346923828,107.0
0,274,-6.316190719604492,8.210362434387207,13.0
0,275,-4.428870677947998,3.0259275436401367,2.0
0,276,-12.479389190673828,22.64292335510254,34.0
0,277,-23.10187530517578,17.952590942382812,75.0
0,278,-11.676513671875,18.525135040283203,17.0
0,279,-30.521947860717773,45.3878059387207,1813.0
0,280,-14.735645294189453,1584.1806640625,2100.0
0,281,-46.58860778808594,27.875762939453125,434.0
0,282,-6.3464741706848145,8.293660163879395,20.0
0,283,-10.306157112121582,31.04338264465332,12.0
0,284,-26.709697723388672,28.182809829711914,60.0
0,285,-18.601097106933594,6.424441337585449,272.0
0,286,-36.43954086303711,38.24275207519531,20119.0
0,287,-37.13288116455078,103.71119689941406,1472.0
0,288,-3.4695088863372803,32.12096405029297,4.0
0,289,-10.173513412475586,29.70071792602539,128.0
0,290,-34.80345153808594,47.801170349121094,281.0
0,291,-18.8475284576416,111.2613754272461,123.0
0,292,-28.912155151367188,1377.518310546875,622.0
0,293,-8.225696563720703,61.12055587768555,218.0
0,294,-4.308547496795654,4.204614162445068,3.0
0,295,-18.5880126953125,14.231108665466309,378.0
0,296,-12.567724227905273,65.97272491455078,65.0
0,297,-26.936965942382812,218.63265991210938,4175.0
0,298,-5.402043342590332,6.053769588470459,13.0
0,299,-10.578922271728516,33.998191833496094,16.0
0,300,-29.816951751708984,388.9264831542969,6101.0
0,301,-15.486781120300293,48.02372741699219,125.0
0,302,-13.119315147399902,26.57122230529785,159.0
0,303,-10.725435256958008,35.699798583984375,196.0
0,304,-11.057636260986328,39.880149841308594,219.0
0,305,-32.87990951538086,19.867446899414062,193.0
0,306,-20.105318069458008,152.37271118164062,1218.0
0,307,-34.02767562866211,290.40582275390625,16207.0
0,308,-39.38106918334961,277.51275634765625,14482.0
0,309,-31.132530212402344,16.949359893798828,322.0
0,310,-14.909618377685547,12.000357627868652,66.0
0,311,-15.62472152709961,13.519326210021973,39.0
0,312,-27.39144515991211,9.80233383178711,24.0
0,313,-15.417889595031738,6.870495319366455,49.0
0,314,-28.08851432800293,12.852025032043457,86.0
0,315,-18.730125427246094,42.35239791870117,91.0
2,0,-19.711631774902344,138.09031677246094,567.0
2,1,-18.599706649780273,6.423548698425293,884.0
2,2,-9.737700462341309,130.17115783691406,41.0
2,3,-15.872447967529297,198.50531005859375,166.0
2,4,-25.366039276123047,16.750844955444336,98.0
2,5,-9.617883682250977,11.07257080078125,14.0
2,6,-26.389904022216797,81.31393432617188,634.0
2,7,-16.127084732055664,56.36064910888672,443.0
2,8,-9.335843086242676,22.464757919311523,38.0
2,9,-17.80633544921875,85.7626724243164,476.0
2,10,-18.831554412841797,43.22032928466797,1285.0
2,11,-10.152128219604492,29.489748001098633,176.0
2,12,-4.989686012268066,5.276318550109863,2.0
2,13,-46.66734313964844,785.8479614257812,13514.0
2,14,-34.415771484375,136.52923583984375,666.0
2,15,-8.356132507324219,8.077102661132812,32.0
2,16,-12.039877891540527,55.32875442504883,46.0
2,17,-10.014775276184082,12.227577209472656,32.0
2,18,-3.3888635635375977,5.443552017211914,2.0
2,19,-21.57938575744629,14.841440200805664,154.0
2,20,-46.998172760009766,71.70504760742188,377.0
2,21,-79.40510559082031,43.868446350097656,2231.0
2,22,-8.511722564697266,5.4867963790893555,25.0
2,23,-17.64879608154297,9.080229759216309,20.0
2,24,-13.056619644165039,13.6170654296875,14.0
2,25,-36.294837951660156,423.7482604980469,1099.0
2,26,-14.503293991088867,125.76702117919922,101.0
2,27,-31.338117599487305,22.961336135864258,60.0
2,28,-13.000550270080566,13.46522045135498,25.0
2,29,-17.015819549560547,30.05905532836914,232.0
2,30,-7.5139241218566895,6.543557643890381,4.0
2,31,-20.23059844970703,848.5531005859375,2278.0
2,32,-14.94800853729248,41.97197723388672,35.0
2,33,-16.88601303100586,68.1358413696289,718.0
2,34,-7.8608903884887695,7.136501312255859,8.0
2,35,-18.346914291381836,13.749297142028809,39.0
2,36,-33.089237213134766,15.759392738342285,124.0
2,37,-23.905467987060547,19.849592208862305,332.0
2,38,-17.957576751708984,89.06746673583984,58.0
2,39,-40.9546012878418,167.2224884033203,184.0
2,40,-29.95134735107422,147.214599609375,337.0
2,41,-20.462705612182617,59.89189529418945,482.0
2,42,-34.17417526245117,131.89752197265625,4995.0
2,43,-5.42263126373291,3.879312038421631,3.0
2,44,-9.270537376403809,6.3859968185424805,16.0
2,45,-19.288461685180664,47.35593795776367,817.0
2,46,-24.856399536132812,34.84516143798828,53.0
2,47,-9.54913330078125,10.883886337280273,21.0
2,48,-41.70585250854492,386.82745361328125,8182.0
2,49,-47.90599822998047,937.9664916992188,17661.0
2,50,-10.511188507080078,13.843242645263672,23.0
2,51,-29.487625122070312,1590.6632080078125,723.0
2,52,-17.92630386352539,88.37383270263672,21.0
2,53,-81.18412780761719,329.92529296875,1937.0
2,54,-33.304054260253906,781.1842041015625,1133.0
2,55,-5.46100378036499,235.33352661132812,45.0
2,56,-27.644163131713867,12.343204498291016,1597.0
2,57,-9.148889541625977,21.107532501220703,9.0
2,58,-24.70319175720215,480.9666442871094,923.0
2,59,-17.275819778442383,17.801864624023438,48.0
2,60,-11.215496063232422,16.50847625732422,1170.0
2,61,-20.111923217773438,55.8340950012207,97.0
2,62,-22.534631729125977,90.6427993774414,1815.0
2,63,-13.334162712097168,14.394302368164062,397.0
2,64,-2.3028316497802734,3.1626675128936768,2.0
2,65,-5.311439037322998,14.235225677490234,8.0
2,66,-49.579017639160156,90.66610717773438,3192.0
2,67,-6.646026611328125,27.743825912475586,20.0
2,68,-14.167885780334473,10.604880332946777,219.0
2,69,-21.073076248168945,1123.6737060546875,467.0
2,70,-21.015291213989258,20.129459381103516,510.0
2,71,-30.181804656982422,20.45404052734375,1146.0
2,72,-13.645552635192871,918.5316162109375,365.0
2,73,-35.7523193359375,19.67521858215332,395.0
2,74,-21.275630950927734,70.4656982421875,1461.0
2,75,-19.322673797607422,47.68109130859375,530.0
2,76,-6.505526542663574,5.085440635681152,3.0
2,77,-27.599403381347656,51.56132507324219,61.0
2,78,-5.655289649963379,16.90559959411621,8.0
2,79,-39.830726623535156,83.56596374511719,1029.0
2,80,-12.45895767211914,63.623695373535156,48.0
2,81,-26.94945526123047,19.97304916381836,22.0
2,82,-63.24718475341797,129.69273376464844,1005.0
2,83,-14.64331340789795,18.702604293823242,951.0
2,84,-27.32322883605957,8.180774688720703,12.0
2,85,-38.29576110839844,19.026405334472656,51.0
2,86,-41.365089416503906,99.09915161132812,4246.0
2,87,-75.7568359375,4.416856288909912,23572.0
2,88,-4.346767902374268,4.258524417877197,2.0
2,89,-4.910224914550781,11.647744178771973,16.0
2,90,-15.799179077148438,193.71600341796875,404.0
2,91,-13.598151206970215,9.644218444824219,71.0
2,92,-43.88026809692383,11.447745323181152,72.0
2,93,-10.585531234741211,14.102932929992676,5.0
2,94,-17.183746337890625,31.08574104309082,58.0
2,95,-15.446495056152344,13.123649597167969,28.0
2,96,-6.136852264404297,7.733932018280029,6.0
2,97,-14.339719772338867,36.05083465576172,71.0
2,98,-8.560880661010742,5.541006088256836,28.0
2,99,-18.63445472717285,14.32584285736084,92.0
2,100,-25.049606323242188,6.868136405944824,14.0
2,101,-40.803062438964844,18.439674377441406,195.0
2,102,-32.89983367919922,38.688297271728516,135.0
2,103,-18.219703674316406,95.0997085571289,1686.0
2,104,-61.852996826171875,485.55853271484375,1033.0
2,105,-2.3247649669647217,3.197542428970337,2.0
2,106,-109.69740295410156,9.381339073181152,8827.0
2,107,-9.227402687072754,21.66722869873047,200.0
2,108,-10.29615306854248,30.940032958984375,21.0
2,109,-22.582298278808594,91.51103210449219,271.0
2,110,-19.959335327148438,146.91200256347656,145.0
2,111,-21.193239212036133,34.19934844970703,851.0
2,112,-15.442630767822266,13.115198135375977,26.0
2,113,-7.505836486816406,6.530340671539307,24.0
2,114,-83.99041748046875,11.020157814025879,2162.0
2,115,-32.384498596191406,57.286346435546875,4289.0
2,116,-44.99897766113281,59.788658142089844,4731.0
2,117,-24.178136825561523,125.9175796508789,2032.0
2,118,-9.459836959838867,23.41271209716797,124.0
2,119,-16.360557556152344,26.366952896118164,71.0
2,120,-17.355653762817383,11.933853149414062,19.0
2,121,-16.145030975341797,25.254549026489258,19.0
2,122,-50.43202590942383,9.898317337036133,73066.0
2,123,-41.21471405029297,360.61700439453125,17126.0
2,124,-12.969149589538574,25.592195510864258,51.0
2,125,-13.757871627807617,31.170368194580078,76.0
2,126,-12.585783004760742,12.393306732177734,31.0
2,127,-41.35658264160156,62.530738830566406,1364.0
2,128,-16.500099182128906,27.113174438476562,36.0
2,129,-9.951221466064453,3.0213122367858887,5.0
2,130,-49.25914001464844,238.23033142089844,8029.0
2,131,-6.907192230224609,9.998124122619629,5.0
2,132,-18.436595916748047,100.39866638183594,36.0
2,133,-42.65748596191406,26.611543655395508,178.0
2,134,-22.43889045715332,88.92365264892578,692.0
2,135,-16.78171730041504,4.0490264892578125,6.0
2,136,-29.8759822845459,27.648006439208984,202.0
2,137,-25.517826080322266,24.281827926635742,106.0
2,138,-31.106122970581055,85.0918960571289,535.0
2,139,-24.169574737548828,420.89935302734375,1829.0
2,140,-101.17207336425781,7.8832173347473145,17616.0
2,141,-15.444177627563477,172.09719848632812,92.0
2,142,-16.287200927734375,25.98293685913086,61.0
2,143,-7.8184404373168945,13.546751976013184,13.0
2,144,-55.32637023925781,18.391969680786133,2889.0
2,145,-4.3892822265625,4.319303512573242,4.0
2,146,-6.073744773864746,20.839962005615234,6.0
2,147,-7.30379581451416,11.411238670349121,21.0
2,148,-40.1455078125,3068.982666015625,17543.0
2,149,-10.455392837524414,32.62670135498047,8.0
2,150,-41.467918395996094,43.371849060058594,4930.0
2,151,-51.58119583129883,173.8372802734375,2872.0
2,152,-13.386741638183594,86.68209838867188,49.0
2,153,-23.97173309326172,14.346783638000488,107.0
2,154,-81.89459991455078,94.60400390625,3754.0
2,155,-19.155799865722656,15.433537483215332,1009.0
2,156,-94.32467651367188,7.772068977355957,1578.0
2,157,-79.91545867919922,7.761023998260498,879.0
2,158,-17.973670959472656,19.99759292602539,470.0
2,159,-41.554466247558594,101.20647430419922,4570.0
2,160,-15.605072021484375,49.46513366699219,1062.0
2,161,-12.960807800292969,13.358617782592773,305.0
2,162,-30.12760353088379,12.31273078918457,51.0
2,163,-7.581167221069336,6.654489517211914,6.0
2,164,-11.360204696655273,17.116641998291016,9.0
2,165,-16.058908462524414,211.2346649169922,2300.0
2,166,-8.111592292785645,14.937338829040527,54.0
2,167,-12.000089645385742,5.552778720855713,8.0
2,168,-56.79767608642578,7.0889739990234375,93.0
2,169,-39.98066329956055,148.05487060546875,12241.0
2,170,-17.75714874267578,19.28880500793457,20.0
2,171,-15.165094375610352,20.759809494018555,97.0
2,172,-8.632357597351074,74.90186309814453,145.0
2,173,-3.165417194366455,4.868124008178711,4.0
2,174,-13.242990493774414,27.405607223510742,120.0
2,175,-18.25572967529297,38.51877975463867,137.0
2,176,-26.53881072998047,761.052734375,4295.0
2,177,-40.00233459472656,85.17466735839844,789.0
2,178,-17.214805603027344,73.97309112548828,19.0
2,179,-11.967662811279297,54.01279067993164,816.0
2,180,-29.21000099182129,1484.005615234375,11345.0
2,181,-15.2457857131958,45.21579360961914,1147.0
2,182,-30.669038772583008,165.9201202392578,2216.0
2,183,-47.54258728027344,116.07756805419922,1083.0
2,184,-6.185813903808594,22.041057586669922,15.0
2,185,-6.788950443267822,2.6375489234924316,7.0
2,186,-8.022067070007324,7.429932594299316,6.0
2,187,-7.6454668045043945,12.787765502929688,4.0
2,188,-28.018821716308594,106.67678833007812,109.0
2,189,-93.27066040039062,31.641481399536133,3428.0
2,190,-26.551082611083984,83.52787780761719,6557.0
2,191,-13.70737361907959,96.45964050292969,153.0
2,192,-19.690250396728516,11.719819068908691,1769.0
2,193,-41.02640914916992,351.0454406738281,2465.0
2,194,-21.18830108642578,199.75173950195312,125.0
2,195,-55.034236907958984,98.1195297241211,750.0
2,196,-14.286121368408203,116.98440551757812,67.0
2,197,-13.68958854675293,15.4547700881958,2796.0
2,198,-23.28287696838379,48.447444915771484,1220.0
2,199,-49.63652801513672,248.43211364746094,9350.0
2,200,-15.788764953613281,13.894052505493164,81.0
2,201,-25.04338836669922,22.883668899536133,447.0
2,202,-11.069461822509766,15.916646003723145,36.0
2,203,-27.646059036254883,15.872784614562988,170.0
2,204,-22.348499298095703,87.33050537109375,624.0
2,205,-22.2345027923584,40.680564880371094,607.0
2,206,-13.094830513000488,78.64495849609375,97.0
2,207,-13.981321334838867,10.280204772949219,192.0
2,208,-14.57985782623291,129.01806640625,2401.0
2,209,-18.6893310546875,42.00825500488281,97.0
2,210,-15.629944801330566,183.09066772460938,665.0
2,211,-15.167016983032227,44.3341064453125,138.0
2,212,-34.38815689086914,135.99169921875,275.0
2,213,-22.784137725830078,297.6845397949219,774.0
2,214,-22.380428314208984,269.1064758300781,3244.0
2,215,-33.5908317565918,66.60994720458984,453.0
2,216,-22.535289764404297,1829.436279296875,5473.0
2,217,-36.47779846191406,1473.7418212890625,3397.0
2,218,-21.290714263916016,204.93206787109375,294.0
2,219,-27.74530601501465,10388.2958984375,2046.0
2,220,-15.806739807128906,4.858229160308838,54.0
2,221,-10.030353546142578,28.316686630249023,271.0
2,222,-27.837329864501953,1052.930419921875,6228.0
2,223,-15.834672927856445,2744.451416015625,2844.0
2,224,-21.636089324951172,223.41307067871094,4288.0
2,225,-10.18184757232666,29.783342361450195,17.0
2,226,-31.13463020324707,22.498821258544922,293.0
2,227,-26.642559051513672,19.303457260131836,48.0
2,228,-26.829193115234375,7654.62060546875,2736.0
2,229,-10.3285493850708,4.3732523918151855,15.0
2,230,-29.07345962524414,11.277260780334473,336.0
2,231,-8.946245193481445,9.361085891723633,10.0
2,232,-10.939119338989258,15.406352043151855,62.0
2,233,-25.62954330444336,10.277514457702637,148.0
2,234,-12.178908348083496,57.95322036743164,52.0
2,235,-17.94571876525879,19.904645919799805,184.0
2,236,-31.551958084106445,192.2237091064453,674.0
2,237,-7.912300109863281,13.977282524108887,32.0
2,238,-15.693998336791992,2558.046630859375,209.0
2,239,-9.774799346923828,11.515568733215332,3.0
2,240,-22.040973663330078,247.2113037109375,4179.0
2,241,-26.75879669189453,19.554386138916016,48.0
2,242,-9.056349754333496,20.46637725830078,120.0
2,243,-15.167539596557617,44.33989715576172,440.0
2,244,-4.666746139526367,4.7378435134887695,9.0
2,245,-10.182437896728516,12.750997543334961,4.0
2,246,-26.253517150878906,190.70034790039062,580.0
2,247,-28.550418853759766,1258.4105224609375,4054.0
2,248,-40.13572311401367,55.34421920776367,7647.0
2,249,-40.07452392578125,149.80215454101562,3357.0
2,250,-19.606077194213867,134.49395751953125,74.0
2,251,-8.163618087768555,5.117794513702393,21.0
2,252,-13.843374252319336,10.046547889709473,60.0
2,253,-8.513110160827637,5.488319396972656,5.0
2,254,-6.726856231689453,9.414824485778809,16.0
2,255,-33.11962890625,62.799903869628906,2428.0
2,256,-33.66014862060547,273.15106201171875,17110.0
2,257,-22.834667205810547,96.24851989746094,1811.0
2,258,-11.327163696289062,43.62896728515625,32.0
2,259,-36.349769592285156,56.761775970458984,438.0
2,260,-27.7158260345459,10286.7138671875,13200.0
2,261,-11.83870792388916,51.74024200439453,43.0
2,262,-9.772543907165527,25.984878540039062,193.0
2,263,-36.58428955078125,444.69189453125,18105.0
2,264,-45.5291748046875,44.43812942504883,170.0
2,265,-30.210906982421875,153.72280883789062,13529.0
2,266,-5.497391700744629,3.0025992393493652,2.0
2,267,-8.430513381958008,16.612760543823242,26.0
2,268,-29.751941680908203,142.4023895263672,1840.0
2,269,-12.626206398010254,67.27141571044922,28.0
2,270,-27.67561149597168,100.74592590332031,8676.0
2,271,-10.209896087646484,4.299748420715332,8.0
2,272,-21.131580352783203,33.84969711303711,29.0
2,273,-30.925518035888672,22.03322982788086,107.0
2,274,-6.317765235900879,8.21467113494873,13.0
2,275,-4.418745994567871,3.018278121948242,2.0
2,276,-12.363186836242676,21.994592666625977,34.0
2,277,-23.135238647460938,18.027616500854492,71.0
2,278,-11.628244400024414,18.302928924560547,18.0
2,279,-30.655807495117188,46.15364456176758,1834.0
2,280,-14.741275787353516,1588.6468505859375,2164.0
2,281,-46.52363204956055,27.746688842773438,429.0
2,282,-6.338132381439209,8.2706298828125,20.0
2,283,-10.34006118774414,31.396203994750977,13.0
2,284,-26.585872650146484,27.74995231628418,62.0
2,285,-18.496809005737305,6.357790470123291,240.0
2,286,-36.42788314819336,38.19820022583008,20289.0
2,287,-36.97489929199219,101.6832275390625,1465.0
2,288,-3.440747022628784,31.210264205932617,4.0
2,289,-10.177474975585938,29.739959716796875,130.0
2,290,-34.867889404296875,48.14464569091797,286.0
2,291,-18.602313995361328,104.6455078125,117.0
2,292,-28.990966796875,1404.928466796875,634.0
2,293,-8.224040031433105,61.06995391845703,222.0
2,294,-4.340938091278076,4.2502570152282715,3.0
2,295,-18.623565673828125,14.303572654724121,381.0
2,296,-12.617301940917969,67.07202911376953,66.0
2,297,-26.92596435546875,218.1521759033203,4243.0
2,298,-5.384547233581543,6.018566608428955,12.0
2,299,-10.490377426147461,33.00940704345703,16.0
2,300,-29.707332611083984,380.492431640625,5928.0
2,301,-15.457345962524414,47.671630859375,126.0
2,302,-13.039554595947266,26.0466365814209,161.0
2,303,-10.637595176696777,34.6696662902832,188.0
2,304,-11.016897201538086,39.342254638671875,216.0
2,305,-32.83561706542969,19.787614822387695,191.0
2,306,-20.17219352722168,154.94161987304688,1164.0
2,307,-34.120689392089844,294.9427795410156,16523.0
2,308,-39.12162399291992,267.4154052734375,14405.0
2,309,-31.021238327026367,16.778738021850586,297.0
2,310,-14.861310005187988,11.904126167297363,68.0
2,311,-15.652647018432617,13.58239459991455,40.0
2,312,-27.470888137817383,9.867441177368164,24.0
2,313,-15.384628295898438,6.841989517211914,48.0
2,314,-28.0065975189209,12.756670951843262,86.0
2,315,-18.654447555541992,41.71620178222656,90.0
4,0,-19.723403930664062,138.49732971191406,562.0
4,1,-18.635738372802734,6.446735382080078,896.0
4,2,-9.796050071716309,134.0248260498047,42.0
4,3,-15.776376724243164,192.2491912841797,167.0
4,4,-25.258052825927734,16.551063537597656,90.0
4,5,-9.729144096374512,11.384878158569336,14.0
4,6,-26.33936309814453,80.63187408447266,589.0
4,7,-16.00347137451172,54.64554977416992,421.0
4,8,-9.33168888092041,22.433670043945312,45.0
4,9,-17.8178768157959,86.01049041748047,476.0
4,10,-18.696903228759766,42.071922302246094,1286.0
4,11,-10.09036922454834,28.888872146606445,175.0
4,12,-4.874560832977295,5.0776753425598145,2.0
4,13,-45.60931396484375,675.6102905273438,13319.0
4,14,-32.854103088378906,109.2286376953125,652.0
4,15,-8.351871490478516,8.068502426147461,33.0
4,16,-12.098443984985352,56.41947937011719,46.0
4,17,-9.92591381072998,11.958931922912598,30.0
4,18,-3.512437105178833,5.790499687194824,2.0
4,19,-21.4552059173584,14.612841606140137,157.0
4,20,-45.9659423828125,65.28236389160156,374.0
4,21,-79.34320068359375,43.73932647705078,2135.0
4,22,-8.433995246887207,5.402161121368408,24.0
4,23,-17.568958282470703,8.99006175994873,20.0
4,24,-12.921300888061523,13.253480911254883,14.0
4,25,-34.650787353515625,322.18670654296875,552.0
4,26,-14.499224662780762,125.5965805053711,103.0
4,27,-31.16265106201172,22.561954498291016,61.0
4,28,-13.074512481689453,13.665884017944336,26.0
4,29,-16.742156982421875,28.458057403564453,228.0
4,30,-7.496809482574463,6.515620231628418,4.0
4,31,-20.012205123901367,788.9751586914062,2240.0
4,32,-14.832300186157227,40.77524185180664,35.0
4,33,-16.793834686279297,66.58362579345703,723.0
4,34,-7.726524353027344,6.900757312774658,8.0
4,35,-18.237096786499023,13.5352783203125,37.0
4,36,-31.855932235717773,14.22016429901123,119.0
4,37,-23.880828857421875,19.78855323791504,337.0
4,38,-18.045623779296875,91.04974365234375,60.0
4,39,-39.80348587036133,144.81190490722656,118.0
4,40,-30.131372451782227,151.6985626220703,368.0
4,41,-20.374706268310547,58.847015380859375,499.0
4,42,-32.73530578613281,107.39054870605469,5193.0
4,43,-5.22568941116333,3.6929378509521484,3.0
4,44,-9.14362907409668,6.225948810577393,16.0
4,45,-19.396717071533203,48.39243698120117,837.0
4,46,-25.154743194580078,36.36238098144531,50.0
4,47,-9.440391540527344,10.591988563537598,20.0
4,48,-40.18336486816406,311.21405029296875,4720.0
4,49,-46.485504150390625,765.6967163085938,17484.0
4,50,-10.354571342468262,13.31169319152832,23.0
4,51,-28.278881072998047,1175.819091796875,732.0
4,52,-16.45397186279297,61.15997314453125,20.0
4,53,-78.14104461669922,265.4704284667969,921.0
4,54,-32.222110748291016,629.1830444335938,1153.0
4,55,-5.522793769836426,250.33343505859375,48.0
4,56,-27.52497100830078,12.210180282592773,1569.0
4,57,-9.033001899719238,20.307710647583008,9.0
4,58,-23.4102783203125,348.1277770996094,949.0
4,59,-17.085346221923828,17.24561309814453,48.0
4,60,-11.030074119567871,15.7606840133667,1077.0
4,61,-19.927457809448242,53.81173324584961,99.0
4,62,-22.36686134338379,87.65182495117188,1738.0
4,63,-13.301072120666504,14.299355506896973,411.0
4,64,-2.33398175239563,3.2123117446899414,2.0
4,65,-5.230937480926514,13.673624038696289,7.0
4,66,-48.04423522949219,78.85870361328125,3152.0
4,67,-6.605055809020996,27.181262969970703,21.0
4,68,-14.060929298400879,10.417511940002441,220.0
4,69,-20.78299331665039,1020.1084594726562,443.0
4,70,-20.7854061126709,19.479129791259766,475.0
4,71,-30.20223045349121,20.495864868164062,1165.0
4,72,-13.539915084838867,871.27490234375,356.0
4,73,-35.362953186035156,19.047061920166016,404.0
4,74,-20.249561309814453,57.392433166503906,1407.0
4,75,-19.46966552734375,49.1036376953125,548.0
4,76,-6.282650470733643,4.8098344802856445,3.0
4,77,-27.506507873535156,50.88158416748047,61.0
4,78,-5.592523574829102,16.38328742980957,8.0
4,79,-38.093387603759766,68.89604949951172,514.0
4,80,-12.67888355255127,68.46306610107422,47.0
4,81,-26.585979461669922,19.182485580444336,20.0
4,82,-58.078880310058594,87.1478500366211,383.0
4,83,-14.552581787109375,18.36627960205078,955.0
4,84,-27.418331146240234,8.24084186553955,12.0
4,85,-38.32215881347656,19.065078735351562,54.0
4,86,-40.188148498535156,86.95143127441406,4245.0
4,87,-67.433349609375,3.7517507076263428,11226.0
4,88,-4.2399115562438965,4.10951042175293,2.0
4,89,-4.925179958343506,11.735166549682617,16.0
4,90,-15.667864799499512,185.41961669921875,395.0
4,91,-13.379362106323242,9.298877716064453,72.0
4,92,-43.668495178222656,11.313848495483398,67.0
4,93,-10.41805648803711,13.524652481079102,5.0
4,94,-17.272785186767578,31.64426612854004,58.0
4,95,-15.394804954528809,13.011075973510742,26.0
4,96,-6.263191223144531,8.0665864944458,5.0
4,97,-14.317831039428711,35.854095458984375,75.0
4,98,-8.548421859741211,5.52721643447876,28.0
4,99,-18.546249389648438,14.146455764770508,90.0
4,100,-24.887765884399414,6.783163070678711,13.0
4,101,-40.45123291015625,17.982046127319336,182.0
4,102,-32.89104080200195,38.6505126953125,141.0
4,103,-18.125553131103516,92.88742065429688,1673.0
4,104,-59.987003326416016,402.9047546386719,1034.0
4,105,-2.342163562774658,3.2254798412323,2.0
4,106,-107.58717346191406,8.985898971557617,4404.0
4,107,-9.131049156188965,20.982379913330078,201.0
4,108,-10.3794527053833,31.811176300048828,21.0
4,109,-22.40418243408203,88.30850219726562,272.0
4,110,-19.681032180786133,137.0379638671875,143.0
4,111,-21.125308990478516,33.8143310546875,846.0
4,112,-15.47965145111084,13.196372985839844,27.0
4,113,-7.471763610839844,6.474950313568115,25.0
4,114,-80.97358703613281,10.110062599182129,660.0
4,115,-31.068647384643555,48.597930908203125,1663.0
4,116,-43.719825744628906,53.225067138671875,1937.0
4,117,-21.964988708496094,80.88252258300781,552.0
4,118,-9.384589195251465,22.832763671875,117.0
4,119,-16.233171463012695,25.70368194580078,71.0
4,120,-17.336624145507812,11.901453018188477,21.0
4,121,-16.08074378967285,24.931921005249023,21.0
4,122,-48.78889465332031,9.185968399047852,52479.0
4,123,-39.742591857910156,292.2218017578125,17182.0
4,124,-12.839326858520508,24.77491569519043,50.0
4,125,-13.780776977539062,31.3493709564209,76.0
4,126,-12.696996688842773,12.67205810546875,35.0
4,127,-39.98687744140625,54.52655029296875,1395.0
4,128,-16.509191513061523,27.16252899169922,38.0
4,129,-9.395790100097656,2.8404901027679443,5.0
4,130,-46.881935119628906,182.9300994873047,1664.0
4,131,-6.96140193939209,10.180429458618164,5.0
4,132,-18.325408935546875,97.64634704589844,40.0
4,133,-42.532318115234375,26.356552124023438,180.0
4,134,-22.437742233276367,88.90321350097656,682.0
4,135,-17.006378173828125,4.125545501708984,6.0
4,136,-29.828975677490234,27.503976821899414,193.0
4,137,-25.597888946533203,24.526058197021484,101.0
4,138,-31.046649932861328,84.37199401855469,547.0
4,139,-23.992515563964844,402.6746520996094,1679.0
4,140,-95.2403793334961,6.984415054321289,5196.0
4,141,-15.373494148254395,168.0897216796875,89.0
4,142,-16.267065048217773,25.878511428833008,71.0
4,143,-7.89469051361084,13.895477294921875,14.0
4,144,-50.592323303222656,14.335713386535645,954.0
4,145,-4.462291240692139,4.425708770751953,4.0
4,146,-6.0212602615356445,20.300188064575195,6.0
4,147,-7.208740234375,11.055337905883789,23.0
4,148,-39.23480224609375,2557.94775390625,16556.0
4,149,-10.37824821472168,31.79840660095215,8.0
4,150,-39.773643493652344,37.18054962158203,4893.0
4,151,-49.504051208496094,141.23216247558594,1953.0
4,152,-13.341460227966309,85.38356018066406,50.0
4,153,-23.948787689208984,14.31025505065918,103.0
4,154,-78.67312622070312,79.10131072998047,2342.0
4,155,-19.038599014282227,15.177282333374023,1020.0
4,156,-88.95042419433594,6.9150824546813965,363.0
4,157,-76.24610900878906,7.064119815826416,153.0
4,158,-18.051368713378906,20.258235931396484,492.0
4,159,-39.644378662109375,81.85350036621094,1502.0
4,160,-15.429125785827637,47.33648681640625,1064.0
4,161,-12.902179718017578,13.202893257141113,307.0
4,162,-29.915485382080078,12.09699535369873,50.0
4,163,-7.4992828369140625,6.519649982452393,6.0
4,164,-11.372110366821289,17.16766357421875,9.0
4,165,-15.99171257019043,206.55581665039062,2219.0
4,166,-8.009875297546387,14.43936824798584,52.0
4,167,-11.990704536437988,5.5453386306762695,8.0
4,168,-56.72773742675781,7.071897983551025,98.0
4,169,-38.75343322753906,126.99899291992188,9180.0
4,170,-17.909143447875977,19.78367805480957,20.0
4,171,-15.126691818237305,20.600975036621094,96.0
4,172,-8.631470680236816,74.86865234375,144.0
4,173,-3.1141693592071533,4.744967937469482,4.0
4,174,-13.141914367675781,26.721769332885742,110.0
4,175,-18.26485824584961,38.58917236328125,125.0
4,176,-26.546104431152344,762.4417724609375,4287.0
4,177,-39.485389709472656,80.42021942138672,866.0
4,178,-17.198162078857422,73.66593933105469,18.0
4,179,-11.914312362670898,53.060752868652344,817.0
4,180,-29.1976318359375,1479.423828125,11423.0
4,181,-15.144850730895996,44.08910369873047,1037.0
4,182,-30.58836555480957,163.70419311523438,2210.0
4,183,-47.51152038574219,115.71752166748047,1068.0
4,184,-6.229619026184082,22.529138565063477,16.0
4,185,-6.765900611877441,2.628878116607666,7.0
4,186,-8.02459716796875,7.434633255004883,6.0
4,187,-7.6351423263549805,12.743833541870117,4.0
4,188,-26.963680267333984,89.47386169433594,76.0
4,189,-83.44318389892578,21.987810134887695,1257.0
4,190,-26.389591217041016,81.30970764160156,6404.0
4,191,-13.661225318908691,94.9871826171875,150.0
4,192,-19.468624114990234,11.39959716796875,1707.0
4,193,-39.805755615234375,294.8705139160156,2494.0
4,194,-21.02959442138672,191.98143005371094,124.0
4,195,-53.76367950439453,88.26173400878906,490.0
4,196,-14.171128273010254,112.58512115478516,66.0
4,197,-13.615823745727539,15.228440284729004,2678.0
4,198,-23.097366333007812,46.97243881225586,1192.0
4,199,-49.47053146362305,243.8920135498047,8843.0
4,200,-15.603179931640625,13.470874786376953,90.0
4,201,-24.96676254272461,22.665531158447266,456.0
4,202,-11.087162017822266,15.987234115600586,37.0
4,203,-26.12974739074707,13.63956356048584,98.0
4,204,-22.156539916992188,84.04125213623047,565.0
4,205,-20.800691604614258,32.03348922729492,640.0
4,206,-13.055137634277344,77.61127471923828,84.0
4,207,-14.134710311889648,10.546405792236328,202.0
4,208,-14.622343063354492,130.8582305908203,2503.0
4,209,-18.448453903198242,40.032470703125,98.0
4,210,-15.730308532714844,189.31956481933594,678.0
4,211,-15.295109748840332,45.77680206298828,152.0
4,212,-33.49560546875,119.71173858642578,224.0
4,213,-22.720542907714844,292.98919677734375,742.0
4,214,-21.633289337158203,223.25674438476562,2198.0
4,215,-33.4573974609375,65.5081558227539,432.0
4,216,-22.105863571166992,1585.4464111328125,5235.0
4,217,-34.756065368652344,1044.415771484375,1088.0
4,218,-21.30982208251953,205.9133758544922,311.0
4,219,-27.423316955566406,9331.076171875,2091.0
4,220,-15.900066375732422,4.903780937194824,56.0
4,221,-9.934782981872559,27.42881965637207,262.0
4,222,-27.38377571105957,940.0602416992188,5638.0
4,223,-15.60171127319336,2442.691162109375,2495.0
4,224,-21.75127601623535,229.9401397705078,4125.0
4,225,-10.210250854492188,30.06665802001953,22.0
4,226,-30.877574920654297,21.9278507232666,288.0
4,227,-26.519607543945312,19.04154396057129,48.0
4,228,-26.716276168823242,7371.85791015625,2638.0
4,229,-10.19295883178711,4.289357662200928,14.0
4,230,-29.012889862060547,11.220480918884277,335.0
4,231,-8.906359672546387,9.268206596374512,10.0
4,232,-10.844940185546875,15.04784870147705,62.0
4,233,-25.73113441467285,10.372873306274414,150.0
4,234,-12.190808296203613,58.18356704711914,53.0
4,235,-17.860214233398438,19.623001098632812,178.0
4,236,-30.27400016784668,155.34783935546875,372.0
4,237,-7.647712707519531,12.797342300415039,32.0
4,238,-15.621598243713379,2467.10107421875,216.0
4,239,-9.715778350830078,11.346900939941406,3.0
4,240,-21.83445930480957,234.77200317382812,4035.0
4,241,-26.111080169677734,18.196531295776367,47.0
4,242,-8.891823768615723,19.374181747436523,119.0
4,243,-15.131378173828125,43.94085693359375,443.0
4,244,-4.553938388824463,4.5629963874816895,8.0
4,245,-10.084901809692383,12.443836212158203,4.0
4,246,-26.360198974609375,194.81295776367188,568.0
4,247,-28.271228790283203,1173.57177734375,3895.0
4,248,-39.71110534667969,53.04340744018555,7318.0
4,249,-39.074302673339844,132.1962890625,2193.0
4,250,-19.640792846679688,135.6663055419922,75.0
4,251,-8.196050643920898,5.15109920501709,21.0
4,252,-13.705827713012695,9.818856239318848,58.0
4,253,-8.428874015808105,5.396630764007568,5.0
4,254,-6.57352352142334,8.945713996887207,16.0
4,255,-32.28044128417969,56.54603958129883,1580.0
4,256,-33.57151794433594,269.1457214355469,16776.0
4,257,-22.811161041259766,95.79705810546875,1890.0
4,258,-11.193737030029297,41.73106384277344,30.0
4,259,-36.3168830871582,56.55474853515625,465.0
4,260,-27.500041961669922,9572.79296875,12714.0
4,261,-11.688075065612793,49.20646286010742,43.0
4,262,-9.653376579284668,24.97292709350586,188.0
4,263,-36.540245056152344,441.4393615722656,18117.0
4,264,-45.109130859375,42.909542083740234,162.0
4,265,-29.101106643676758,127.76395416259766,9515.0
4,266,-5.40423059463501,2.947171926498413,2.0
4,267,-8.17647647857666,15.26392650604248,21.0
4,268,-29.72225570678711,141.69956970214844,1869.0
4,269,-12.666675567626953,68.18504333496094,31.0
4,270,-27.327136993408203,95.0614013671875,7520.0
4,271,-10.424701690673828,4.433738708496094,8.0
4,272,-20.55390167236328,30.742631912231445,30.0
4,273,-30.56496238708496,21.252958297729492,101.0
4,274,-6.128543376922607,7.712542533874512,13.0
4,275,-4.395137786865234,3.000516414642334,2.0
4,276,-12.277702331542969,21.52953338623047,31.0
4,277,-22.941448211669922,17.59616470336914,83.0
4,278,-11.654012680053711,18.421218872070312,18.0
4,279,-30.79119873046875,46.94139099121094,1799.0
4,280,-14.525716781616211,1426.32763671875,1907.0
4,281,-45.73361587524414,26.22431182861328,419.0
4,282,-6.272628307342529,8.092000961303711,20.0
4,283,-10.228302001953125,30.248123168945312,13.0
4,284,-26.830223083496094,28.610618591308594,63.0
4,285,-18.27155303955078,6.216178894042969,246.0
4,286,-35.983699798583984,36.538631439208984,20066.0
4,287,-35.564571380615234,85.24857330322266,1456.0
4,288,-3.521723747253418,33.842716217041016,5.0
4,289,-10.092509269714355,28.909488677978516,131.0
4,290,-34.54389953613281,46.442317962646484,282.0
4,291,-18.667856216430664,106.37430572509766,124.0
4,292,-28.486515045166016,1238.4659423828125,622.0
4,293,-8.172704696655273,59.522377014160156,227.0
4,294,-4.362744331359863,4.2812628746032715,3.0
4,295,-18.502607345581055,14.0585355758667,377.0
4,296,-12.497420310974121,64.44465637207031,66.0
4,297,-26.92704963684082,218.1995086669922,4193.0
4,298,-5.266455173492432,5.786253929138184,10.0
4,299,-10.30517292022705,31.033201217651367,16.0
4,300,-28.45758056640625,296.342529296875,3565.0
4,301,-15.190080642700195,44.59046936035156,121.0
4,302,-12.898289680480957,25.142820358276367,162.0
4,303,-10.529065132141113,33.43784713745117,175.0
4,304,-10.857275009155273,37.303672790527344,208.0
4,305,-32.51927185058594,19.22665023803711,190.0
4,306,-19.977304458618164,147.57347106933594,1132.0
4,307,-32.53715133666992,226.52577209472656,16201.0
4,308,-37.43735122680664,210.2281036376953,14937.0
4,309,-30.833271026611328,16.49445915222168,294.0
4,310,-14.937978744506836,12.05721378326416,68.0
4,311,-15.860705375671387,14.061647415161133,43.0
4,312,-27.392305374145508,9.8030366897583,24.0
4,313,-15.45363998413086,6.901267051696777,49.0
4,314,-27.954727172851562,12.696660041809082,88.0
4,315,-18.679954528808594,41.92955780029297,92.0
6,0,-19.617090225219727,134.86476135253906,531.0
6,1,-18.468605041503906,6.339884281158447,907.0
6,2,-9.981563568115234,147.0513458251953,41.0
6,3,-15.418789863586426,170.6468963623047,159.0
6,4,-25.41939926147461,16.85045623779297,88.0
6,5,-9.622562408447266,11.085529327392578,14.0
6,6,-26.4681396484375,82.38113403320312,516.0
6,7,-15.738182067871094,51.1389045715332,374.0
6,8,-9.17737865447998,21.308927536010742,51.0
6,9,-17.909841537475586,88.01087188720703,488.0
6,10,-18.56982421875,41.01611328125,1272.0
6,11,-10.06947135925293,28.68832778930664,182.0
6,12,-4.632016181945801,4.683311462402344,2.0
6,13,-40.966392517089844,348.0484313964844,13239.0
6,14,-26.924217224121094,46.82029724121094,602.0
6,15,-8.335740089416504,8.036028861999512,36.0
6,16,-11.932668685913086,53.386409759521484,45.0
6,17,-9.669126510620117,11.215330123901367,28.0
6,18,-3.4013044834136963,5.4775190353393555,2.0
6,19,-21.210596084594727,14.172798156738281,150.0
6,20,-41.17210388183594,42.22103500366211,370.0
6,21,-79.00767517089844,43.04603958129883,2031.0
6,22,-8.390862464904785,5.355759143829346,22.0
6,23,-17.259780883789062,8.649250030517578,22.0
6,24,-12.387910842895508,11.91242790222168,14.0
6,25,-26.631698608398438,84.65772247314453,256.0
6,26,-14.375795364379883,120.53397369384766,104.0
6,27,-30.49155616760254,21.09752655029297,55.0
6,28,-13.113286972045898,13.772272109985352,29.0
6,29,-16.423654556274414,26.701799392700195,231.0
6,30,-7.304940223693848,6.210461139678955,4.0
6,31,-19.73482894897461,719.2982788085938,2372.0
6,32,-14.538853645324707,37.890995025634766,32.0
6,33,-16.498600006103516,61.846160888671875,727.0
6,34,-7.529597759246826,6.569248676300049,7.0
6,35,-17.95897674560547,13.008049011230469,34.0
6,36,-27.50309944152832,9.893964767456055,137.0
6,37,-23.490442276000977,18.846086502075195,330.0
6,38,-18.515417098999023,102.39667510986328,78.0
6,39,-35.72045135498047,86.92593383789062,45.0
6,40,-30.293588638305664,155.85586547851562,425.0
6,41,-20.114723205566406,55.865360260009766,480.0
6,42,-26.381593704223633,43.32799530029297,5371.0
6,43,-4.926792144775391,3.4270436763763428,2.0
6,44,-8.97098159790039,6.014639377593994,15.0
6,45,-19.47982406616211,49.20350646972656,901.0
6,46,-25.900747299194336,40.45162582397461,48.0
6,47,-9.261463165283203,10.12862777709961,18.0
6,48,-34.558837890625,139.3483428955078,290.0
6,49,-41.33082962036133,366.6487121582031,16703.0
6,50,-9.707416534423828,11.32320499420166,22.0
6,51,-24.32271957397461,437.326416015625,690.0
6,52,-12.97869873046875,25.653364181518555,19.0
6,53,-64.7889404296875,102.28687286376953,528.0
6,54,-26.105886459350586,185.15200805664062,1136.0
6,55,-5.6508636474609375,284.5370788574219,53.0
6,56,-27.572954177856445,12.263558387756348,1561.0
6,57,-8.800644874572754,18.79419708251953,8.0
6,58,-18.503189086914062,102.0841293334961,950.0
6,59,-17.02187728881836,17.06414794921875,52.0
6,60,-10.986490249633789,15.589888572692871,1020.0
6,61,-19.66204071044922,51.02971267700195,105.0
6,62,-21.94622802734375,80.57960510253906,1538.0
6,63,-13.249625205993652,14.152976036071777,436.0
6,64,-2.42216157913208,3.3571109771728516,2.0
6,65,-5.097495079040527,12.7910737991333,6.0
6,66,-42.44112014770508,47.38396072387695,2981.0
6,67,-6.447708606719971,25.124771118164062,22.0
6,68,-14.065107345581055,10.424769401550293,226.0
6,69,-20.637903213500977,971.94677734375,435.0
6,70,-20.288667678833008,18.144744873046875,427.0
6,71,-30.178752899169922,20.447797775268555,1195.0
6,72,-13.39593505859375,810.7562866210938,332.0
6,73,-34.4163703918457,17.60232162475586,387.0
6,74,-16.438552856445312,26.78148078918457,1338.0
6,75,-19.42605972290039,48.6772575378418,561.0
6,76,-6.00787353515625,4.4905195236206055,3.0
6,77,-27.26658058166504,49.167152404785156,62.0
6,78,-5.410221099853516,14.95596981048584,8.0
6,79,-29.96575927734375,27.925182342529297,168.0
6,80,-13.008322715759277,76.40955352783203,46.0
6,81,-26.146480560302734,18.268247604370117,21.0
6,82,-49.380096435546875,44.6328010559082,36.0
6,83,-14.313484191894531,17.508682250976562,910.0
6,84,-27.704673767089844,8.424370765686035,12.0
6,85,-38.31676483154297,19.057172775268555,57.0
6,86,-35.47626495361328,51.51161193847656,4123.0
6,87,-43.385581970214844,2.3412797451019287,484.0
6,88,-4.0022430419921875,3.7965052127838135,2.0
6,89,-5.005846977233887,12.218161582946777,17.0
6,90,-15.535247802734375,177.4015350341797,401.0
6,91,-13.251312255859375,9.102527618408203,77.0
6,92,-43.57306671142578,11.254024505615234,68.0
6,93,-10.179342269897461,12.741132736206055,5.0
6,94,-17.477523803710938,32.96692657470703,59.0
6,95,-15.240558624267578,12.680852890014648,24.0
6,96,-6.598424911499023,9.02027702331543,5.0
6,97,-14.235403060913086,35.12281036376953,75.0
6,98,-8.627863883972168,5.615736961364746,29.0
6,99,-18.546310424804688,14.146580696105957,105.0
6,100,-24.7297306060791,6.701202869415283,13.0
6,101,-40.09526062011719,17.53058624267578,151.0
6,102,-32.384368896484375,36.53472900390625,128.0
6,103,-17.81475830078125,85.9434585571289,1578.0
6,104,-52.60472869873047,192.572509765625,1074.0
6,105,-2.34405779838562,3.2285361289978027,2.0
6,106,-101.43340301513672,7.925374507904053,1810.0
6,107,-8.857802391052246,19.15570640563965,194.0
6,108,-10.606074333190918,34.30730056762695,20.0
6,109,-22.120128631591797,83.43146514892578,264.0
6,110,-19.279470443725586,123.94868469238281,147.0
6,111,-20.784914016723633,31.949365615844727,847.0
6,112,-15.202459335327148,12.600584030151367,29.0
6,113,-7.581416606903076,6.654904842376709,32.0
6,114,-71.07483673095703,7.619490623474121,112.0
6,115,-26.533937454223633,27.570383071899414,752.0
6,116,-38.874664306640625,34.2628059387207,1049.0
6,117,-14.882312774658203,19.618297576904297,20.0
6,118,-9.28110408782959,22.058574676513672,111.0
6,119,-16.15652847290039,25.312685012817383,65.0
6,120,-16.970876693725586,11.295575141906738,22.0
6,121,-15.907669067382812,24.083663940429688,26.0
6,122,-42.1555290222168,6.794819355010986,2895.0
6,123,-32.88981246948242,109.78726196289062,16918.0
6,124,-12.569049835205078,23.15619659423828,50.0
6,125,-13.712057113647461,30.815391540527344,76.0
6,126,-12.918187141418457,13.245229721069336,40.0
6,127,-33.055477142333984,27.263469696044922,1526.0
6,128,-16.430484771728516,26.73830223083496,37.0
6,129,-9.070454597473145,2.739644765853882,5.0
6,130,-39.206459045410156,77.96602630615234,555.0
6,131,-7.15920877456665,10.874306678771973,5.0
6,132,-18.2056884765625,94.76708221435547,61.0
6,133,-42.11794662475586,25.529685974121094,182.0
6,134,-22.53617286682129,90.67072296142578,691.0
6,135,-17.795549392700195,4.405979156494141,5.0
6,136,-29.495471954345703,26.503442764282227,170.0
6,137,-25.992446899414062,25.766002655029297,86.0
6,138,-30.753162384033203,80.90770721435547,576.0
6,139,-23.58892822265625,364.0284729003906,1392.0
6,140,-80.47271728515625,5.167041778564453,53.0
6,141,-15.409788131713867,170.1356658935547,92.0
6,142,-16.026689529418945,24.663833618164062,80.0
6,143,-7.815549850463867,13.533706665039062,14.0
6,144,-35.09175109863281,6.3403520584106445,38.0
6,145,-4.643415451049805,4.701140403747559,5.0
6,146,-5.839763641357422,18.53909683227539,6.0
6,147,-7.061768531799316,10.52678394317627,22.0
6,148,-34.003173828125,898.41748046875,16102.0
6,149,-10.298824310302734,30.96759605407715,9.0
6,150,-34.68297576904297,23.406126022338867,4652.0
6,151,-40.118560791015625,55.249324798583984,330.0
6,152,-13.40489387512207,87.20816040039062,53.0
6,153,-23.684186935424805,13.89565658569336,90.0
6,154,-64.32808685302734,35.65119552612305,2158.0
6,155,-18.798667907714844,14.665884017944336,1038.0
6,156,-70.43058776855469,4.623258113861084,199.0
6,157,-66.30364990234375,5.474460124969482,87.0
6,158,-17.797788619995117,19.419897079467773,501.0
6,159,-32.278160095214844,36.106117248535156,928.0
6,160,-15.10718822479248,43.675926208496094,1080.0
6,161,-12.898796081542969,13.193960189819336,311.0
6,162,-29.38040542602539,11.569439888000488,53.0
6,163,-7.531673431396484,6.572658061981201,6.0
6,164,-11.302069664001465,16.869670867919922,9.0
6,165,-15.585114479064941,180.37506103515625,1990.0
6,166,-7.6321330070495605,12.731054306030273,45.0
6,167,-12.195781707763672,5.710202693939209,8.0
6,168,-56.745872497558594,7.076321601867676,113.0
6,169,-34.930686950683594,78.75453186035156,2625.0
6,170,-18.135452270507812,20.544132232666016,23.0
6,171,-14.783855438232422,19.235763549804688,90.0
6,172,-8.714600563049316,78.04615020751953,145.0
6,173,-3.112091302871704,4.740040302276611,4.0
6,174,-12.988422393798828,25.71579933166504,89.0
6,175,-18.141874313354492,37.65157699584961,112.0
6,176,-26.654945373535156,783.4728393554688,4397.0
6,177,-36.2183837890625,55.939170837402344,903.0
6,178,-17.089881896972656,71.69854736328125,16.0
6,179,-11.831170082092285,51.61041259765625,830.0
6,180,-29.115169525146484,1449.23681640625,10697.0
6,181,-15.052591323852539,43.08383560180664,921.0
6,182,-30.392108917236328,158.4361114501953,2046.0
6,183,-47.07384490966797,110.76210021972656,947.0
6,184,-6.438027381896973,25.00344467163086,16.0
6,185,-6.769881725311279,2.63037371635437,6.0
6,186,-8.12486457824707,7.623351573944092,6.0
6,187,-7.575190544128418,12.491687774658203,4.0
6,188,-23.292158126831055,48.52244186401367,33.0
6,189,-65.59103393554688,11.35090446472168,182.0
6,190,-26.155712127685547,78.20123291015625,6617.0
6,191,-13.642889022827148,94.40837860107422,153.0
6,192,-19.208900451660156,11.03544807434082,1515.0
6,193,-33.836669921875,125.68891143798828,2437.0
6,194,-20.844589233398438,183.3042449951172,125.0
6,195,-48.096012115478516,55.0367317199707,120.0
6,196,-14.11454963684082,110.48168182373047,74.0
6,197,-13.460813522338867,14.763570785522461,2544.0
6,198,-22.6088809967041,43.29974365234375,1133.0
6,199,-49.065093994140625,233.14889526367188,8571.0
6,200,-15.478238105773926,13.19326400756836,100.0
6,201,-24.96579933166504,22.662803649902344,469.0
6,202,-10.81411361694336,14.932326316833496,32.0
6,203,-21.017295837402344,8.180307388305664,23.0
6,204,-21.78232765197754,77.98101043701172,478.0
6,205,-16.867244720458984,16.629987716674805,700.0
6,206,-12.980517387390137,75.70460510253906,84.0
6,207,-14.394598007202148,11.01325511932373,243.0
6,208,-14.469642639160156,124.3641586303711,2462.0
6,209,-17.44576644897461,32.758201599121094,105.0
6,210,-15.605791091918945,181.62252807617188,630.0
6,211,-15.666261672973633,50.227638244628906,166.0
6,212,-29.692249298095703,69.52941131591797,223.0
6,213,-22.460613250732422,274.55548095703125,647.0
6,214,-19.536380767822266,132.1708221435547,620.0
6,215,-33.048828125,62.24657440185547,423.0
6,216,-21.58405303955078,1332.329833984375,4403.0
6,217,-28.013845443725586,271.1762390136719,944.0
6,218,-21.46851348876953,214.2467498779297,352.0
6,219,-26.87369155883789,7769.00341796875,2114.0
6,220,-16.25861358642578,5.0827956199646,64.0
6,221,-9.838757514953613,26.564769744873047,274.0
6,222,-25.41226577758789,574.2509155273438,3105.0
6,223,-15.19074821472168,1988.9737548828125,2001.0
6,224,-21.704557418823242,227.27015686035156,4284.0
6,225,-10.41807746887207,32.223388671875,26.0
6,226,-30.578279495239258,21.281282424926758,296.0
6,227,-26.252023696899414,18.48374366760254,51.0
6,228,-26.471773147583008,6794.87646484375,2173.0
6,229,-9.842978477478027,4.080174446105957,14.0
6,230,-29.027231216430664,11.233901023864746,361.0
6,231,-8.896069526672363,9.24439525604248,10.0
6,232,-11.01010799407959,15.682210922241211,65.0
6,233,-25.73926544189453,10.380542755126953,162.0
6,234,-12.229902267456055,58.94671630859375,57.0
6,235,-17.51384925842285,18.52229118347168,152.0
6,236,-25.037315368652344,64.90248107910156,25.0
6,237,-7.250177383422852,11.209098815917969,30.0
6,238,-15.209836959838867,2008.048095703125,258.0
6,239,-9.511909484863281,10.783071517944336,3.0
6,240,-21.289352416992188,204.86231994628906,3710.0
6,241,-24.23301887512207,14.769401550292969,48.0
6,242,-8.536842346191406,17.212127685546875,113.0
6,243,-15.113161087036133,43.74119186401367,473.0
6,244,-4.350063323974609,4.263204574584961,6.0
6,245,-9.766435623168945,11.491515159606934,4.0
6,246,-26.89792251586914,216.9320831298828,511.0
6,247,-27.961061477661133,1086.0096435546875,3526.0
6,248,-38.95583724975586,49.184749603271484,6834.0
6,249,-36.21125411987305,92.42585754394531,571.0
6,250,-19.793182373046875,140.93453979492188,76.0
6,251,-8.037981033325195,4.990799427032471,21.0
6,252,-13.385787010192871,9.308838844299316,61.0
6,253,-8.002225875854492,4.955237865447998,4.0
6,254,-6.197596073150635,7.892123699188232,15.0
6,255,-29.910066604614258,42.04574966430664,423.0
6,256,-33.449344635009766,263.720703125,16268.0
6,257,-22.53873062133789,90.71713256835938,1958.0
6,258,-10.876014709472656,37.537418365478516,23.0
6,259,-35.5451774597168,51.90753936767578,496.0
6,260,-27.109180450439453,8403.412109375,12253.0
6,261,-11.513082504272461,46.41831588745117,46.0
6,262,-9.409061431884766,23.019779205322266,192.0
6,263,-36.39720916748047,431.04034423828125,17943.0
6,264,-43.53657531738281,37.6392707824707,141.0
6,265,-25.3492488861084,68.36595153808594,2352.0
6,266,-5.180522441864014,2.8182170391082764,2.0
6,267,-7.814128398895264,13.52729320526123,24.0
6,268,-29.448204040527344,135.37298583984375,1848.0
6,269,-12.680816650390625,68.50719451904297,36.0
6,270,-25.89454460144043,74.87030029296875,3907.0
6,271,-10.74676513671875,4.642496585845947,7.0
6,272,-17.88390350341797,19.700632095336914,31.0
6,273,-30.031782150268555,20.149471282958984,98.0
6,274,-5.787514686584473,6.883805274963379,13.0
6,275,-4.202436923980713,2.8593926429748535,2.0
6,276,-12.10403823852539,20.61480712890625,26.0
6,277,-22.996112823486328,17.716812133789062,93.0
6,278,-11.559674263000488,17.991844177246094,20.0
6,279,-31.459945678710938,51.0340576171875,1759.0
6,280,-13.965508460998535,1077.883056640625,1359.0
6,281,-42.6272087097168,21.005840301513672,403.0
6,282,-6.1217169761657715,7.695013046264648,19.0
6,283,-9.840346336364746,26.578838348388672,12.0
6,284,-27.290210723876953,30.303895950317383,65.0
6,285,-18.048194885253906,6.078874111175537,279.0
6,286,-35.13262939453125,33.557586669921875,20133.0
6,287,-29.599750518798828,40.446044921875,1535.0
6,288,-3.4990382194519043,33.0836181640625,5.0
6,289,-9.860254287719727,26.75580596923828,139.0
6,290,-33.43671417236328,41.06640625,271.0
6,291,-18.365550994873047,98.63121032714844,140.0
6,292,-27.581010818481445,987.5753173828125,537.0
6,293,-8.016217231750488,55.04266357421875,221.0
6,294,-4.375486850738525,4.2994866371154785,3.0
6,295,-18.085390090942383,13.245094299316406,375.0
6,296,-12.208904266357422,58.535587310791016,65.0
6,297,-26.59744644165039,204.27957153320312,4185.0
6,298,-4.8977437019348145,5.117065906524658,10.0
6,299,-10.145249366760254,29.422210693359375,18.0
6,300,-23.185131072998047,103.23689270019531,219.0
6,301,-14.659090995788574,39.04726028442383,109.0
6,302,-12.329326629638672,21.80919647216797,166.0
6,303,-10.12282943725586,29.203144073486328,151.0
6,304,-10.426703453063965,32.3161735534668,190.0
6,305,-32.235050201416016,18.736228942871094,189.0
6,306,-19.747133255004883,139.32138061523438,1116.0
6,307,-26.69634246826172,85.57476043701172,16268.0
6,308,-28.88124656677246,61.923030853271484,15919.0
6,309,-30.64852523803711,16.219749450683594,260.0
6,310,-14.945527076721191,12.072393417358398,71.0
6,311,-16.367183685302734,15.3001708984375,48.0
6,312,-27.67451286315918,10.036308288574219,27.0
6,313,-15.849491119384766,7.251340866088867,56.0
6,314,-28.207622528076172,12.991943359375,93.0
6,315,-18.36565399169922,39.37498474121094,92.0
8,0,-19.519519805908203,131.6148681640625,510.0
8,1,-18.34050941467285,6.259190559387207,965.0
8,2,-10.009695053100586,149.13433837890625,36.0
8,3,-15.144998550415039,155.76254272460938,140.0
8,4,-25.21672821044922,16.47524070739746,84.0
8,5,-9.64166259765625,11.138589859008789,16.0
8,6,-26.750375747680664,86.34889221191406,488.0
8,7,-15.46493911743164,47.762210845947266,335.0
8,8,-9.280051231384277,22.05083465576172,67.0
8,9,-17.8006534576416,85.64093780517578,495.0
8,10,-18.647369384765625,41.65718078613281,1266.0
8,11,-9.774880409240723,26.00511932373047,144.0
8,12,-4.483299255371094,4.456809043884277,2.0
8,13,-35.16899871826172,152.0398712158203,12812.0
8,14,-25.265949249267578,36.94466781616211,595.0
8,15,-8.290304183959961,7.945263862609863,35.0
8,16,-11.878416061401367,52.429630279541016,46.0
8,17,-9.476000785827637,10.686701774597168,30.0
8,18,-3.296182155609131,5.197049617767334,2.0
8,19,-21.431617736816406,14.569819450378418,152.0
8,20,-37.09708786010742,29.15022087097168,353.0
8,21,-79.1045913696289,43.24515914916992,2046.0
8,22,-8.06100845336914,5.013838291168213,16.0
8,23,-17.28350067138672,8.674933433532715,21.0
8,24,-12.199808120727539,11.472601890563965,14.0
8,25,-20.41185760498047,30.023378372192383,227.0
8,26,-14.42626667022705,122.57896423339844,96.0
8,27,-29.981985092163086,20.04938507080078,56.0
8,28,-13.027568817138672,13.538179397583008,28.0
8,29,-15.994853973388672,24.507293701171875,202.0
8,30,-7.283562660217285,6.177358150482178,4.0
8,31,-19.447406768798828,653.5827026367188,2468.0
8,32,-14.632959365844727,38.792999267578125,33.0
8,33,-16.04911231994629,55.27264404296875,665.0
8,34,-7.563948631286621,6.625906467437744,7.0
8,35,-17.62869644165039,12.408543586730957,37.0
8,36,-24.785627365112305,7.888997554779053,134.0
8,37,-23.288612365722656,18.376571655273438,328.0
8,38,-18.77912712097168,109.37493896484375,72.0
8,39,-34.17953109741211,71.69645690917969,46.0
8,40,-30.38091278076172,158.14077758789062,468.0
8,41,-20.202877044677734,56.85905456542969,471.0
8,42,-19.68277359008789,16.640254974365234,5338.0
8,43,-4.707505226135254,3.2442245483398438,2.0
8,44,-9.032974243164062,6.0896759033203125,15.0
8,45,-19.562986373901367,50.028717041015625,928.0
8,46,-26.871540069580078,46.469276428222656,49.0
8,47,-9.236715316772461,10.066155433654785,17.0
8,48,-31.532142639160156,90.43143463134766,74.0
8,49,-35.4071044921875,157.3004913330078,15469.0
8,50,-8.993921279907227,9.473328590393066,23.0
8,51,-21.689455032348633,226.41368103027344,667.0
8,52,-12.025510787963867,20.21404457092285,19.0
8,53,-54.68284225463867,49.69565200805664,532.0
8,54,-21.0748291015625,67.69184875488281,1115.0
8,55,-5.653203964233398,285.2037658691406,51.0
8,56,-27.87015151977539,12.59941291809082,1495.0
8,57,-8.774381637573242,18.630386352539062,8.0
8,58,-17.592342376708984,81.29508972167969,958.0
8,59,-17.080768585205078,17.232460021972656,54.0
8,60,-10.943303108215332,15.422473907470703,956.0
8,61,-19.461841583251953,49.02686309814453,110.0
8,62,-21.935009002685547,80.3990249633789,1415.0
8,63,-13.309969902038574,14.324824333190918,465.0
8,64,-2.399860382080078,3.31988525390625,2.0
8,65,-4.982434272766113,12.075965881347656,6.0
8,66,-35.525726318359375,25.26983642578125,2776.0
8,67,-6.226939678192139,22.498977661132812,19.0
8,68,-13.95702838897705,10.238667488098145,220.0
8,69,-20.589778900146484,956.4799194335938,435.0
8,70,-20.257205963134766,18.063377380371094,403.0
8,71,-30.147504806518555,20.384002685546875,1208.0
8,72,-13.446815490722656,831.646728515625,327.0
8,73,-36.06386184692383,20.192712783813477,396.0
8,74,-13.628232955932617,15.266280174255371,1296.0
8,75,-19.48127555847168,49.21778106689453,536.0
8,76,-5.727270603179932,4.1863017082214355,3.0
8,77,-27.27236557006836,49.20779800415039,57.0
8,78,-5.359399795532227,14.580717086791992,8.0
8,79,-23.676124572753906,13.883214950561523,150.0
8,80,-12.958377838134766,75.14799499511719,46.0
8,81,-25.63936996459961,17.26737403869629,21.0
8,82,-47.284786224365234,37.98879623413086,32.0
8,83,-14.108121871948242,16.804122924804688,864.0
8,84,-27.821758270263672,8.500588417053223,12.0
8,85,-38.60274124145508,19.48103904724121,62.0
8,86,-30.888269424438477,30.93938636779785,3883.0
8,87,-34.93199157714844,1.9836547374725342,15.0
8,88,-3.887378692626953,3.6538922786712646,2.0
8,89,-5.09342622756958,12.765077590942383,15.0
8,90,-15.326281547546387,165.46510314941406,389.0
8,91,-13.127469062805176,8.916570663452148,79.0
8,92,-43.60247802734375,11.272430419921875,58.0
8,93,-9.94558334350586,12.01788330078125,5.0
8,94,-17.542543411254883,33.39842224121094,63.0
8,95,-15.118558883666992,12.425613403320312,24.0
8,96,-6.747625827789307,9.480231285095215,5.0
8,97,-14.33605670928955,36.0178337097168,71.0
8,98,-8.659486770629883,5.651366233825684,29.0
8,99,-18.44493293762207,13.943180084228516,105.0
8,100,-24.58768653869629,6.62838077545166,13.0
8,101,-40.007713317871094,17.421306610107422,150.0
8,102,-31.9935302734375,34.98210906982422,134.0
8,103,-17.715869903564453,83.84480285644531,1518.0
8,104,-49.992149353027344,148.29672241210938,1091.0
8,105,-2.2271201610565186,3.045180320739746,2.0
8,106,-95.22532653808594,6.982269763946533,1899.0
8,107,-8.70970630645752,18.233041763305664,189.0
8,108,-10.640087127685547,34.6984748840332,21.0
8,109,-21.953407287597656,80.69537353515625,255.0
8,110,-19.02627182006836,116.34593963623047,150.0
8,111,-20.73239517211914,31.67093276977539,829.0
8,112,-15.229909896850586,12.658367156982422,29.0
8,113,-7.677216053009033,6.8162126541137695,34.0
8,114,-68.73744201660156,7.127260208129883,112.0
8,115,-22.308834075927734,16.258312225341797,816.0
8,116,-34.61810302734375,23.26849365234375,1121.0
8,117,-13.17474365234375,13.942598342895508,10.0
8,118,-9.203872680664062,21.49795150756836,104.0
8,119,-16.292884826660156,26.01249122619629,76.0
8,120,-16.780651092529297,10.992748260498047,23.0
8,121,-15.833840370178223,23.730663299560547,26.0
8,122,-35.30138397216797,4.975910663604736,445.0
8,123,-24.853317260742188,34.82981872558594,16676.0
8,124,-12.281158447265625,21.54814338684082,51.0
8,125,-13.517326354980469,29.351146697998047,72.0
8,126,-13.05449390411377,13.611278533935547,46.0
8,127,-27.779829025268555,16.0865421295166,1486.0
8,128,-16.337034225463867,26.243200302124023,32.0
8,129,-8.889474868774414,2.6851038932800293,5.0
8,130,-37.714298248291016,66.05431365966797,528.0
8,131,-7.134171485900879,10.78393268585205,5.0
8,132,-18.010154724121094,90.2459487915039,61.0
8,133,-42.193199157714844,25.677900314331055,208.0
8,134,-22.579952239990234,91.46809387207031,688.0
8,135,-18.038654327392578,4.496148586273193,5.0
8,136,-29.214597702026367,25.689088821411133,143.0
8,137,-25.89044952392578,25.439579010009766,70.0
8,138,-30.43997573852539,77.36759185791016,588.0
8,139,-23.422555923461914,349.1979675292969,1194.0
8,140,-72.62157440185547,4.402061462402344,22.0
8,141,-15.318943977355957,165.06092834472656,83.0
8,142,-15.950235366821289,24.289569854736328,94.0
8,143,-7.805212497711182,13.487152099609375,15.0
8,144,-30.182125091552734,4.896560192108154,38.0
8,145,-4.786789894104004,4.931270599365234,5.0
8,146,-5.7641096115112305,17.850914001464844,6.0
8,147,-6.928073883056641,10.067957878112793,20.0
8,148,-26.53830337524414,201.87741088867188,16073.0
8,149,-10.186450958251953,29.82908058166504,8.0
8,150,-30.57390594482422,16.110092163085938,4473.0
8,151,-33.22308349609375,27.724273681640625,308.0
8,152,-13.539193153381348,91.20086669921875,54.0
8,153,-23.733028411865234,13.971271514892578,95.0
8,154,-54.30109405517578,20.42434310913086,2118.0
8,155,-18.81587028503418,14.701967239379883,1116.0
8,156,-66.66046142578125,4.259451389312744,191.0
8,157,-64.35801696777344,5.20805025100708,90.0
8,158,-17.629806518554688,18.883737564086914,510.0
8,159,-29.596412658691406,26.8023681640625,926.0
8,160,-15.040216445922852,42.950748443603516,1081.0
8,161,-12.98300838470459,13.418062210083008,316.0
8,162,-29.37783432006836,11.566960334777832,52.0
8,163,-7.659729957580566,6.786480903625488,5.0
8,164,-11.177440643310547,16.352163314819336,8.0
8,165,-15.415793418884277,170.47657775878906,1846.0
8,166,-7.417130470275879,11.850579261779785,41.0
8,167,-12.274920463562012,5.775125980377197,9.0
8,168,-56.32714080810547,6.974880695343018,105.0
8,169,-30.71784019470215,46.51291275024414,282.0
8,170,-18.331298828125,21.225780487060547,22.0
8,171,-14.858333587646484,19.524436950683594,94.0
8,172,-8.740545272827148,79.065185546875,143.0
8,173,-3.056032657623291,4.609025001525879,4.0
8,174,-13.087249755859375,26.359071731567383,86.0
8,175,-18.191709518432617,38.02872848510742,100.0
8,176,-26.753192901611328,802.9546508789062,4351.0
8,177,-33.66432189941406,42.11820983886719,926.0
8,178,-17.127525329589844,72.37647247314453,15.0
8,179,-11.85291576385498,51.98586654663086,847.0
8,180,-28.93878173828125,1386.718505859375,10431.0
8,181,-14.886725425720215,41.333831787109375,821.0
8,182,-30.003145217895508,148.49095153808594,1835.0
8,183,-46.82875061035156,108.08038330078125,857.0
8,184,-6.402708053588867,24.565771102905273,15.0
8,185,-6.789797782897949,2.6378684043884277,7.0
8,186,-7.988500595092773,7.367844104766846,6.0
8,187,-7.581560134887695,12.518238067626953,4.0
8,188,-19.065826416015625,23.99001693725586,30.0
8,189,-59.0928955078125,8.922943115234375,193.0
8,190,-25.88818359375,74.79097747802734,6542.0
8,191,-13.910293579101562,103.20986938476562,151.0
8,192,-19.20103645324707,11.024604797363281,1333.0
8,193,-29.291820526123047,65.66368103027344,2243.0
8,194,-20.722248077392578,177.78269958496094,129.0
8,195,-43.84919738769531,38.63272476196289,116.0
8,196,-14.05478286743164,108.30242156982422,72.0
8,197,-13.36323356628418,14.478239059448242,2407.0
8,198,-22.56955909729004,43.01689910888672,1136.0
8,199,-48.780277252197266,225.8860321044922,8527.0
8,200,-15.330534934997559,12.872448921203613,110.0
8,201,-25.057891845703125,22.925195693969727,487.0
8,202,-10.864457130432129,15.121451377868652,30.0
8,203,-17.923715591430664,6.003673553466797,22.0
8,204,-21.70441436767578,76.77528381347656,445.0
8,205,-15.102163314819336,12.391703605651855,700.0
8,206,-13.23045825958252,82.28204345703125,102.0
8,207,-14.375879287719727,10.978950500488281,255.0
8,208,-14.537580490112305,127.21263885498047,2486.0
8,209,-16.41043472290039,26.631290435791016,109.0
8,210,-15.670741081237793,185.59750366210938,651.0
8,211,-15.567155838012695,48.99846267700195,164.0
8,212,-24.832252502441406,34.72516632080078,222.0
8,213,-22.1287899017334,252.6986083984375,617.0
8,214,-17.124662399291992,72.32469177246094,173.0
8,215,-32.499752044677734,58.11762619018555,363.0
8,216,-21.856216430664062,1458.852783203125,4222.0
8,217,-25.868303298950195,176.55999755859375,898.0
8,218,-21.158016204833984,198.24508666992188,297.0
8,219,-26.734092712402344,7415.7734375,2178.0
8,220,-16.538419723510742,5.227023124694824,76.0
8,221,-9.752396583557129,25.81095314025879,278.0
8,222,-23.056987762451172,318.6989440917969,1477.0
8,223,-15.045587539672852,1849.727783203125,1818.0
8,224,-21.68346405029297,226.0748291015625,4512.0
8,225,-10.641468048095703,34.714454650878906,26.0
8,226,-30.275964736938477,20.647546768188477,292.0
8,227,-25.905441284179688,17.78548240661621,50.0
8,228,-26.980863571166992,8051.55810546875,2345.0
8,229,-9.697511672973633,3.9962594509124756,14.0
8,230,-28.668228149414062,10.902792930603027,362.0
8,231,-8.912005424499512,9.28129768371582,11.0
8,232,-11.128493309020996,16.153284072875977,66.0
8,233,-25.75822639465332,10.398451805114746,164.0
8,234,-12.312217712402344,60.58652877807617,61.0
8,235,-17.220672607421875,17.638996124267578,127.0
8,236,-22.759775161743164,44.402503967285156,23.0
8,237,-7.072089195251465,10.563060760498047,31.0
8,238,-14.913000106811523,1731.0787353515625,249.0
8,239,-9.570055961608887,10.940964698791504,3.0
8,240,-21.010059356689453,191.04612731933594,3565.0
8,241,-23.166484832763672,13.118897438049316,51.0
8,242,-8.438940048217773,16.659488677978516,116.0
8,243,-15.14687442779541,44.11141586303711,492.0
8,244,-4.218197822570801,4.079873085021973,6.0
8,245,-9.576777458190918,10.959364891052246,4.0
8,246,-27.26171112060547,233.30393981933594,481.0
8,247,-27.936769485473633,1079.434326171875,3520.0
8,248,-38.71377944946289,48.00849151611328,6587.0
8,249,-32.99757766723633,61.84907913208008,190.0
8,250,-19.738534927368164,139.022216796875,77.0
8,251,-7.972118377685547,4.92548942565918,21.0
8,252,-13.288627624511719,9.159313201904297,61.0
8,253,-7.750219345092773,4.711676597595215,4.0
8,254,-5.923894882202148,7.20396614074707,14.0
8,255,-27.694530487060547,31.874818801879883,132.0
8,256,-33.093849182128906,248.54940795898438,16187.0
8,257,-22.511634826660156,90.22684478759766,2072.0
8,258,-10.725902557373047,35.70536422729492,23.0
8,259,-35.786598205566406,53.31878662109375,525.0
8,260,-27.23452377319336,8761.95703125,11728.0
8,261,-11.348382949829102,43.93864440917969,43.0
8,262,-9.427931785583496,23.1650333404541,197.0
8,263,-36.20256423950195,417.2812805175781,17752.0
8,264,-43.4268798828125,37.29677200317383,124.0
8,265,-20.125343322753906,28.623384475708008,81.0
8,266,-5.043799877166748,2.7421984672546387,2.0
8,267,-7.703665256500244,13.038265228271484,23.0
8,268,-29.379674911499023,133.83566284179688,1835.0
8,269,-12.765174865722656,70.46092224121094,37.0
8,270,-24.095685958862305,55.475852966308594,1904.0
8,271,-10.963286399841309,4.788340091705322,7.0
8,272,-16.012094497680664,14.420955657958984,30.0
8,273,-30.273679733276367,20.642831802368164,102.0
8,274,-5.660218238830566,6.59782075881958,13.0
8,275,-4.1204681396484375,2.801393508911133,2.0
8,276,-11.981610298156738,19.993406295776367,24.0
8,277,-22.761934280395508,17.205718994140625,89.0
8,278,-11.533851623535156,17.876068115234375,21.0
8,279,-32.208717346191406,56.041343688964844,1691.0
8,280,-13.809762954711914,997.1303100585938,1175.0
8,281,-40.972564697265625,18.664281845092773,395.0
8,282,-6.073409557342529,7.5720953941345215,19.0
8,283,-9.628711700439453,24.768449783325195,11.0
8,284,-27.29421043395996,30.319053649902344,64.0
8,285,-18.100502014160156,6.11075496673584,293.0
8,286,-34.81517791748047,32.50902557373047,19880.0
8,287,-28.054885864257812,33.34342956542969,1520.0
8,288,-3.429507255554199,30.861433029174805,5.0
8,289,-9.582889556884766,24.393009185791016,134.0
8,290,-33.24398422241211,40.19635009765625,249.0
8,291,-18.360206604003906,98.49951934814453,149.0
8,292,-27.22987174987793,904.5774536132812,514.0
8,293,-8.00482177734375,54.72993469238281,227.0
8,294,-4.288368225097656,4.176427364349365,3.0
8,295,-18.02699089050293,13.135053634643555,341.0
8,296,-11.797410011291504,51.032875061035156,63.0
8,297,-26.384729385375977,195.77108764648438,3882.0
8,298,-4.616088390350342,4.658512592315674,7.0
8,299,-10.048164367675781,28.48529815673828,19.0
8,300,-16.498096466064453,27.102317810058594,63.0
8,301,-14.323911666870117,35.90864181518555,106.0
8,302,-11.797626495361328,19.094619750976562,179.0
8,303,-9.909321784973145,27.1970157623291,122.0
8,304,-10.109903335571289,29.077587127685547,171.0
8,305,-31.86294937133789,18.1130313873291,182.0
8,306,-19.571033477783203,133.32081604003906,1070.0
8,307,-21.32395362854004,34.952579498291016,16247.0
8,308,-24.3337459564209,32.33821105957031,16922.0
8,309,-30.130525588989258,15.473650932312012,233.0
8,310,-14.976790428161621,12.135458946228027,79.0
8,311,-16.767253875732422,16.355140686035156,54.0
8,312,-27.632572174072266,10.00129222869873,28.0
8,313,-15.921439170837402,7.316849708557129,58.0
8,314,-27.89969253540039,12.633294105529785,98.0
8,315,-17.937776565551758,36.145606994628906,94.0
10,0,-19.39481544494629,127.5749282836914,482.0
10,1,-18.26355743408203,6.211210250854492,993.0
10,2,-9.944765090942383,144.3704376220703,33.0
10,3,-15.12411880493164,154.6822052001953,138.0
10,4,-24.914398193359375,15.93099308013916,85.0
10,5,-9.65174674987793,11.166706085205078,15.0
10,6,-26.730600357055664,86.06476593017578,461.0
10,7,-15.204394340515137,44.75032043457031,266.0
10,8,-9.527214050292969,23.944486618041992,78.0
10,9,-17.694984436035156,83.40815734863281,480.0
10,10,-18.821929931640625,43.137210845947266,1280.0
10,11,-9.641013145446777,24.87021827697754,130.0
10,12,-4.489936828613281,4.466680526733398,2.0
10,13,-33.568912506103516,120.97197723388672,11947.0
10,14,-24.66626739501953,33.911441802978516,551.0
10,15,-8.300545692443848,7.965632915496826,35.0
10,16,-12.072723388671875,55.93783187866211,50.0
10,17,-9.335189819335938,10.317046165466309,27.0
10,18,-3.336123466491699,5.301881313323975,2.0
10,19,-21.601898193359375,14.883262634277344,164.0
10,20,-36.129947662353516,26.696718215942383,337.0
10,21,-79.21621704101562,43.47563934326172,2032.0
10,22,-7.734100341796875,4.696511745452881,15.0
10,23,-17.431245803833008,8.836630821228027,20.0
10,24,-12.11501407623291,11.279678344726562,14.0
10,25,-18.77106475830078,22.83993911743164,196.0
10,26,-14.616582870483398,130.60719299316406,94.0
10,27,-29.619152069091797,19.33496856689453,54.0
10,28,-12.935504913330078,13.29118537902832,25.0
10,29,-16.002246856689453,24.54355812072754,186.0
10,30,-7.248981475830078,6.124183654785156,4.0
10,31,-19.507673263549805,666.8450927734375,2504.0
10,32,-14.722862243652344,39.674774169921875,33.0
10,33,-15.828655242919922,52.30875778198242,648.0
10,34,-7.6870269775390625,6.832951545715332,7.0
10,35,-17.421493530273438,12.04662799835205,38.0
10,36,-23.638565063476562,7.169819355010986,113.0
10,37,-23.0223388671875,17.774988174438477,343.0
10,38,-18.975643157958984,114.88260650634766,58.0
10,39,-33.937095642089844,69.55633544921875,48.0
10,40,-30.682453155517578,166.29150390625,473.0
10,41,-20.34485626220703,58.49674606323242,508.0
10,42,-18.87197494506836,14.820280075073242,5288.0
10,43,-4.721667289733887,3.2557311058044434,2.0
10,44,-9.113760948181152,6.188868522644043,15.0
10,45,-19.756744384765625,52.005462646484375,981.0
10,46,-27.559240341186523,51.26633834838867,49.0
10,47,-9.287288665771484,10.194232940673828,19.0
10,48,-31.280288696289062,87.23561096191406,76.0
10,49,-33.75053405761719,124.15180969238281,13719.0
10,50,-8.332303047180176,8.02912712097168,22.0
10,51,-21.043548583984375,192.65232849121094,647.0
10,52,-11.487308502197266,17.669273376464844,20.0
10,53,-52.28764343261719,41.8809700012207,512.0
10,54,-20.182018280029297,56.622344970703125,1099.0
10,55,-5.54438591003418,255.79747009277344,48.0
10,56,-28.42293357849121,13.248748779296875,1507.0
10,57,-8.743982315063477,18.44255256652832,6.0
10,58,-17.157991409301758,72.92984008789062,950.0
10,59,-17.123334884643555,17.35515022277832,51.0
10,60,-11.056163787841797,15.863818168640137,929.0
10,61,-19.542984008789062,49.828983306884766,112.0
10,62,-21.921398162841797,80.18045806884766,1340.0
10,63,-13.346208572387695,14.429023742675781,462.0
10,64,-2.2161333560943604,3.0284976959228516,2.0
10,65,-4.874818325042725,11.443354606628418,6.0
10,66,-33.8089485168457,21.618310928344727,2580.0
10,67,-6.0871734619140625,20.98036003112793,17.0
10,68,-13.957616806030273,10.239669799804688,219.0
10,69,-20.864421844482422,1048.176513671875,461.0
10,70,-20.489990234375,18.67417335510254,460.0
10,71,-30.167430877685547,20.424665451049805,1195.0
10,72,-13.543564796447754,872.8662719726562,342.0
10,73,-36.447601318359375,20.848878860473633,417.0
10,74,-13.295147895812988,14.282422065734863,1323.0
10,75,-19.614856719970703,50.55042266845703,481.0
10,76,-5.568136215209961,4.023024559020996,3.0
10,77,-27.13653564453125,48.262168884277344,51.0
10,78,-5.374269008636475,14.689523696899414,7.0
10,79,-21.939998626708984,11.44757080078125,139.0
10,80,-12.747671127319336,70.05101013183594,47.0
10,81,-25.48798179626465,16.97934913635254,22.0
10,82,-46.32590103149414,35.287574768066406,30.0
10,83,-14.190646171569824,17.083776473999023,883.0
10,84,-27.91016387939453,8.558591842651367,12.0
10,85,-39.349971771240234,20.63360023498535,68.0
10,86,-29.49633026123047,26.505970001220703,3999.0
10,87,-30.792573928833008,1.8290120363235474,14.0
10,88,-3.7981748580932617,3.546844482421875,2.0
10,89,-5.122085094451904,12.949311256408691,16.0
10,90,-15.335161209106445,165.9556427001953,387.0
10,91,-13.099678039550781,8.875368118286133,87.0
10,92,-43.444740295410156,11.174077987670898,51.0
10,93,-9.909614562988281,11.910301208496094,5.0
10,94,-17.440582275390625,32.7242546081543,69.0
10,95,-15.169539451599121,12.53164005279541,27.0
10,96,-6.894887924194336,9.957200050354004,5.0
10,97,-14.566906929016113,38.15766525268555,68.0
10,98,-8.639997482299805,5.629380702972412,28.0
10,99,-18.26506233215332,13.589463233947754,104.0
10,100,-24.180034637451172,6.4237542152404785,13.0
10,101,-40.075130462646484,17.50539779663086,153.0
10,102,-31.847400665283203,34.418697357177734,131.0
10,103,-17.59600067138672,81.36946868896484,1428.0
10,104,-48.81022644042969,131.76531982421875,1133.0
10,105,-2.0701370239257812,2.8152990341186523,2.0
10,106,-92.92364501953125,6.661874771118164,1881.0
10,107,-8.632403373718262,17.769222259521484,183.0
10,108,-10.617152214050293,34.43421936035156,26.0
10,109,-21.83407974243164,78.79236602783203,241.0
10,110,-19.102725982666016,118.59111022949219,145.0
10,111,-20.79566192626953,32.00664520263672,776.0
10,112,-15.399105072021484,13.020402908325195,32.0
10,113,-7.713131904602051,6.87769079208374,33.0
10,114,-68.02874755859375,6.984395980834961,108.0
10,115,-21.429895401000977,14.566682815551758,778.0
10,116,-33.9970703125,21.9912052154541,1081.0
10,117,-12.66688346862793,12.595967292785645,10.0
10,118,-9.242865562438965,21.779197692871094,107.0
10,119,-16.49370765686035,27.078540802001953,88.0
10,120,-16.740516662597656,10.929902076721191,24.0
10,121,-15.881814956665039,23.959453582763672,27.0
10,122,-34.1185188293457,4.715437889099121,436.0
10,123,-23.797109603881836,29.951730728149414,16393.0
10,124,-12.208078384399414,21.15803337097168,51.0
10,125,-13.363353729248047,28.242795944213867,70.0
10,126,-12.98668098449707,13.427922248840332,48.0
10,127,-27.178163528442383,15.147209167480469,1476.0
10,128,-16.12841796875,25.1707763671875,36.0
10,129,-8.97347640991211,2.710282564163208,5.0
10,130,-37.49619674682617,64.47283935546875,534.0
10,131,-7.014009952545166,10.360530853271484,4.0
10,132,-18.00890350341797,90.21772766113281,57.0
10,133,-42.09524154663086,25.485139846801758,218.0
10,134,-22.429384231567383,88.7547607421875,654.0
10,135,-17.822956085205078,4.41605281829834,6.0
10,136,-29.103897094726562,25.375049591064453,123.0
10,137,-25.671165466308594,24.751737594604492,67.0
10,138,-30.211788177490234,74.88622283935547,580.0
10,139,-23.487476348876953,354.9117126464844,1204.0
10,140,-71.45414733886719,4.298421859741211,19.0
10,141,-15.049246788024902,150.8695526123047,76.0
10,142,-15.993912696838379,24.5026798248291,92.0
10,143,-7.779058456420898,13.370080947875977,15.0
10,144,-29.447582244873047,4.710870742797852,39.0
10,145,-4.777682304382324,4.916322708129883,5.0
10,146,-5.748631477355957,17.713300704956055,6.0
10,147,-6.782278060913086,9.59036922454834,19.0
10,148,-25.552316665649414,165.74710083007812,15283.0
10,149,-10.151580810546875,29.484371185302734,7.0
10,150,-29.30426025390625,14.353927612304688,4221.0
10,151,-32.39913558959961,25.531513214111328,310.0
10,152,-13.54920482635498,91.50574493408203,52.0
10,153,-24.01277732849121,14.412362098693848,99.0
10,154,-52.1939697265625,18.16805648803711,1889.0
10,155,-18.916425704956055,14.914689064025879,1133.0
10,156,-65.7639389038086,4.17724084854126,196.0
10,157,-63.42145538330078,5.084471702575684,90.0
10,158,-17.621517181396484,18.857664108276367,506.0
10,159,-29.18708038330078,25.610666275024414,915.0
10,160,-15.073781967163086,43.312679290771484,1051.0
10,161,-12.857534408569336,13.085529327392578,321.0
10,162,-29.521764755249023,11.706533432006836,60.0
10,163,-7.695246696472168,6.847007751464844,6.0
10,164,-11.118205070495605,16.11178970336914,7.0
10,165,-15.474564552307129,173.84921264648438,1782.0
10,166,-7.119596481323242,10.73166561126709,38.0
10,167,-12.098528861999512,5.631418228149414,9.0
10,168,-55.7711181640625,6.842423439025879,116.0
10,169,-29.94626235961914,42.23641586303711,223.0
10,170,-18.41720962524414,21.531888961791992,22.0
10,171,-14.925089836120605,19.7868595123291,89.0
10,172,-8.86587142944336,84.17817687988281,155.0
10,173,-2.957613468170166,4.387706756591797,4.0
10,174,-13.234782218933105,27.349428176879883,80.0
10,175,-18.30426025390625,38.894466400146484,96.0
10,176,-26.94556427001953,842.5146484375,4424.0
10,177,-32.72813415527344,37.95720291137695,918.0
10,178,-17.000329971313477,70.11119079589844,14.0
10,179,-11.923434257507324,53.222328186035156,824.0
10,180,-28.845449447631836,1354.7366943359375,10015.0
10,181,-14.762894630432129,40.07383728027344,770.0
10,182,-29.816593170166016,143.9451446533203,1891.0
10,183,-46.744571685791016,107.17436218261719,800.0
10,184,-6.296627044677734,23.296743392944336,13.0
10,185,-6.800090789794922,2.6417500972747803,7.0
10,186,-7.7802324295043945,6.9940385818481445,6.0
10,187,-7.475322246551514,12.082693099975586,4.0
10,188,-17.712303161621094,19.145170211791992,28.0
10,189,-56.54486083984375,8.11938190460205,203.0
10,190,-25.722854614257812,72.75824737548828,6398.0
10,191,-14.126184463500977,110.9110336303711,160.0
10,192,-18.873905181884766,10.5828857421875,1246.0
10,193,-28.783233642578125,61.06203842163086,2261.0
10,194,-20.96563720703125,188.93618774414062,133.0
10,195,-43.498390197753906,37.51968765258789,110.0
10,196,-13.905011177062988,103.02828216552734,63.0
10,197,-13.309194564819336,14.322604179382324,2362.0
10,198,-22.62643814086914,43.426639556884766,1172.0
10,199,-48.530845642089844,219.71173095703125,8884.0
10,200,-15.140268325805664,12.470653533935547,109.0
10,201,-25.14884376525879,23.187318801879883,507.0
10,202,-10.886870384216309,15.20641803741455,30.0
10,203,-17.15353012084961,5.5586371421813965,19.0
10,204,-21.705459594726562,76.7913589477539,433.0
10,205,-14.403594017028809,11.02978229522705,669.0
10,206,-13.261659622192383,83.14227294921875,111.0
10,207,-14.060150146484375,10.416158676147461,244.0
10,208,-14.434041976928711,122.8971176147461,2321.0
10,209,-15.66433334350586,22.939645767211914,107.0
10,210,-15.612829208374023,182.04913330078125,652.0
10,211,-15.186725616455078,44.55308151245117,140.0
10,212,-23.63960075378418,29.285308837890625,227.0
10,213,-21.79884910583496,232.6912078857422,555.0
10,214,-16.156246185302734,56.77303695678711,116.0
10,215,-32.163421630859375,55.72493362426758,328.0
10,216,-22.193408966064453,1632.393798828125,4396.0
10,217,-25.45438575744629,162.5323486328125,811.0
10,218,-21.001773834228516,190.65078735351562,242.0
10,219,-26.6986141204834,7328.58740234375,2139.0
10,220,-16.499103546142578,5.206512928009033,75.0
10,221,-9.714604377746582,25.487836837768555,275.0
10,222,-22.80645179748535,299.349853515625,1522.0
10,223,-15.12783432006836,1927.380615234375,1805.0
10,224,-21.849517822265625,235.65750122070312,4453.0
10,225,-10.822553634643555,36.87441635131836,25.0
10,226,-30.2890625,20.674610137939453,294.0
10,227,-25.67013931274414,17.32651138305664,46.0
10,228,-26.89746856689453,7830.8251953125,2575.0
10,229,-9.522735595703125,3.8977160453796387,16.0
10,230,-28.46118927001953,10.716299057006836,369.0
10,231,-8.862944602966309,9.168156623840332,11.0
10,232,-11.149696350097656,16.239133834838867,60.0
10,233,-25.733341217041016,10.374953269958496,173.0
10,234,-12.17979621887207,57.97037887573242,64.0
10,235,-16.987722396850586,16.967287063598633,107.0
10,236,-22.342857360839844,41.42189025878906,23.0
10,237,-7.174025535583496,10.928149223327637,32.0
10,238,-14.667810440063477,1531.3504638671875,224.0
10,239,-9.73586368560791,11.404020309448242,3.0
10,240,-21.046525955200195,192.7957763671875,3572.0
10,241,-22.812763214111328,12.61329460144043,54.0
10,242,-8.452860832214355,16.736974716186523,118.0
10,243,-15.106637954711914,43.669918060302734,503.0
10,244,-4.17751932144165,4.02492618560791,6.0
10,245,-9.434370040893555,10.576055526733398,4.0
10,246,-26.971515655517578,220.1487274169922,431.0
10,247,-28.066043853759766,1114.8900146484375,3608.0
10,248,-38.73011779785156,48.086997985839844,6378.0
10,249,-31.685733795166016,52.494937896728516,207.0
10,250,-19.444202423095703,129.1598358154297,76.0
10,251,-8.048749923706055,5.001561164855957,22.0
10,252,-13.347304344177246,9.249326705932617,63.0
10,253,-7.917745590209961,4.872217178344727,5.0
10,254,-5.921743392944336,7.198801040649414,12.0
10,255,-26.760372161865234,28.361894607543945,102.0
10,256,-32.81203842163086,237.1453399658203,16261.0
10,257,-22.621929168701172,92.23926544189453,1986.0
10,258,-10.815408706665039,36.78669357299805,25.0
10,259,-35.38097381591797,50.96908950805664,508.0
10,260,-27.223976135253906,8731.203125,12164.0
10,261,-11.46500015258789,45.68028259277344,41.0
10,262,-9.57052993774414,24.292720794677734,203.0
10,263,-35.831478118896484,392.2552795410156,18048.0
10,264,-43.1688232421875,36.503273010253906,109.0
10,265,-18.701797485351562,22.57777976989746,49.0
10,266,-4.98823356628418,2.7118923664093018,2.0
10,267,-7.824714660644531,13.575114250183105,26.0
10,268,-29.50550651550293,136.6720733642578,1854.0
10,269,-12.81322956085205,71.59867858886719,39.0
10,270,-23.169292449951172,47.538917541503906,1418.0
10,271,-11.053112030029297,4.8501811027526855,7.0
10,272,-14.932395935058594,12.045999526977539,28.0
10,273,-30.76592445373535,21.684385299682617,99.0
10,274,-5.709383964538574,6.706840991973877,15.0
10,275,-4.0560479164123535,2.756638526916504,2.0
10,276,-12.014809608459473,20.160037994384766,22.0
10,277,-22.621601104736328,16.90653419494629,90.0
10,278,-11.697145462036133,18.620933532714844,18.0
10,279,-31.89916229248047,53.91427230834961,1670.0
10,280,-13.912803649902344,1049.8492431640625,1228.0
10,281,-40.79698181152344,18.431665420532227,391.0
10,282,-6.016623497009277,7.430113315582275,18.0
10,283,-9.516824722290039,23.861703872680664,12.0
10,284,-27.122587203979492,29.675546646118164,63.0
10,285,-18.623016357421875,6.438538551330566,411.0
10,286,-35.09897232055664,33.44483184814453,20435.0
10,287,-27.754932403564453,32.116390228271484,1494.0
10,288,-3.304166793823242,27.225849151611328,3.0
10,289,-9.41392707824707,23.057146072387695,123.0
10,290,-33.427059173583984,41.02238082885742,240.0
10,291,-18.288022994995117,96.73794555664062,144.0
10,292,-27.41109848022461,946.50341796875,504.0
10,293,-8.057326316833496,56.18574905395508,236.0
10,294,-4.161860466003418,4.003971576690674,3.0
10,295,-17.961463928222656,13.012670516967773,336.0
10,296,-11.798811912536621,51.056732177734375,59.0
10,297,-26.35137176513672,194.4692840576172,3715.0
10,298,-4.463672161102295,4.427746295928955,7.0
10,299,-10.089820861816406,28.883588790893555,18.0
10,300,-15.382356643676758,21.681758880615234,56.0
10,301,-14.453768730163574,37.0935173034668,113.0
10,302,-11.371826171875,17.16644287109375,182.0
10,303,-9.673582077026367,25.14168930053711,83.0
10,304,-10.0493745803833,28.49679183959961,155.0
10,305,-31.727970123291016,17.892131805419922,171.0
10,306,-19.679044723510742,136.9698944091797,1072.0
10,307,-20.68734359741211,31.434011459350586,15885.0
10,308,-23.49560546875,28.68903923034668,16799.0
10,309,-29.777864456176758,14.985434532165527,206.0
10,310,-14.814759254455566,11.812124252319336,77.0
10,311,-16.87893295288086,16.662412643432617,58.0
10,312,-27.456851959228516,9.85590648651123,28.0
10,313,-15.777400016784668,7.1862897872924805,57.0
10,314,-27.60964012145996,12.30452823638916,107.0
10,315,-17.50493049621582,33.14812469482422,96.0
12,0,-19.186771392822266,121.10922241210938,456.0
12,1,-18.375656127929688,6.281229019165039,1072.0
12,2,-9.90229606628418,141.33712768554688,33.0
12,3,-15.168753623962402,157.00082397460938,136.0
12,4,-24.302467346191406,14.88381290435791,63.0
12,5,-9.542919158935547,10.866990089416504,14.0
12,6,-26.86772918701172,88.05440521240234,445.0
12,7,-15.131929397583008,43.94690704345703,258.0
12,8,-9.613347053527832,24.641918182373047,79.0
12,9,-17.64459228515625,82.36396789550781,488.0
12,10,-18.664371490478516,41.7990837097168,1231.0
12,11,-9.358466148376465,22.634803771972656,104.0
12,12,-4.6068525314331055,4.644192218780518,3.0
12,13,-33.06140899658203,112.5118179321289,11541.0
12,14,-24.324520111083984,32.295616149902344,503.0
12,15,-8.388849258422852,8.143436431884766,39.0
12,16,-12.018367767333984,54.93345642089844,47.0
12,17,-9.26116943359375,10.127883911132812,24.0
12,18,-3.430860996246338,5.559068202972412,2.0
12,19,-21.873504638671875,15.397236824035645,167.0
12,20,-35.56208801269531,25.35350799560547,336.0
12,21,-79.17896270751953,43.39857864379883,2054.0
12,22,-7.587645530700684,4.560941696166992,15.0
12,23,-17.462116241455078,8.870795249938965,20.0
12,24,-12.062641143798828,11.16214656829834,15.0
12,25,-18.116125106811523,20.478059768676758,197.0
12,26,-14.811936378479004,139.3950653076172,90.0
12,27,-29.326927185058594,18.778127670288086,55.0
12,28,-12.867361068725586,13.111271858215332,19.0
12,29,-15.910161018371582,24.09566879272461,174.0
12,30,-7.202463626861572,6.053374290466309,4.0
12,31,-19.53388023376465,672.6959228515625,2484.0
12,32,-14.872441291809082,41.186492919921875,35.0
12,33,-15.65420913696289,50.07651901245117,623.0
12,34,-7.758906364440918,6.956848621368408,6.0
12,35,-17.048555374145508,11.42162036895752,40.0
12,36,-23.091175079345703,6.850108623504639,102.0
12,37,-23.192052841186523,18.156099319458008,359.0
12,38,-19.257169723510742,123.25957489013672,60.0
12,39,-34.18785095214844,71.77106475830078,53.0
12,40,-30.79476547241211,169.43359375,490.0
12,41,-20.54287338256836,60.859920501708984,526.0
12,42,-18.105220794677734,13.282670021057129,5077.0
12,43,-4.678922176361084,3.2211244106292725,2.0
12,44,-9.309343338012695,6.435751438140869,15.0
12,45,-19.794204711914062,52.39655685424805,1010.0
12,46,-27.746498107910156,52.65627670288086,50.0
12,47,-9.378274917602539,10.428773880004883,20.0
12,48,-30.921092987060547,82.87213134765625,72.0
12,49,-32.952484130859375,110.77461242675781,12555.0
12,50,-7.671756744384766,6.8069167137146,21.0
12,51,-20.608436584472656,172.79556274414062,646.0
12,52,-11.291938781738281,16.82699966430664,19.0
12,53,-50.71915817260742,37.44214630126953,506.0
12,54,-19.752182006835938,51.95803451538086,1038.0
12,55,-5.419686794281006,225.8083953857422,42.0
12,56,-28.65821075439453,13.535175323486328,1491.0
12,57,-8.861635208129883,19.180198669433594,6.0
12,58,-17.047283172607422,70.93903350830078,927.0
12,59,-17.089744567871094,17.258256912231445,53.0
12,60,-11.101604461669922,16.045063018798828,919.0
12,61,-19.626129150390625,50.664512634277344,111.0
12,62,-22.26541519165039,85.89134216308594,1345.0
12,63,-13.488836288452148,14.846546173095703,473.0
12,64,-2.116184711456299,2.8808701038360596,2.0
12,65,-4.807875633239746,11.066669464111328,5.0
12,66,-32.720985412597656,19.582477569580078,2592.0
12,67,-5.998568534851074,20.0711669921875,15.0
12,68,-13.897538185119629,10.137651443481445,214.0
12,69,-21.00445556640625,1098.2633056640625,470.0
12,70,-20.735937118530273,19.341957092285156,477.0
12,71,-30.016864776611328,20.11944007873535,1155.0
12,72,-13.831220626831055,1007.885986328125,365.0
12,73,-36.68363952636719,21.263029098510742,448.0
12,74,-13.298972129821777,14.293349266052246,1373.0
12,75,-19.615917205810547,50.56114959716797,469.0
12,76,-5.370556354522705,3.8291356563568115,3.0
12,77,-27.021940231323242,47.47850799560547,47.0
12,78,-5.33219575881958,14.383732795715332,7.0
12,79,-21.274192810058594,10.631264686584473,146.0
12,80,-12.675928115844727,68.39566040039062,46.0
12,81,-25.40113067626953,16.816286087036133,22.0
12,82,-45.478355407714844,33.06036376953125,29.0
12,83,-14.330826759338379,17.569517135620117,889.0
12,84,-27.88416290283203,8.54149055480957,13.0
12,85,-39.48507308959961,20.849149703979492,67.0
12,86,-28.339353561401367,23.3084774017334,3965.0
12,87,-29.68374252319336,1.789675235748291,14.0
12,88,-3.8625028133392334,3.6237194538116455,2.0
12,89,-5.128300189971924,12.989614486694336,15.0
12,90,-15.502214431762695,175.4588623046875,414.0
12,91,-13.135010719299316,8.927785873413086,92.0
12,92,-42.82461166381836,10.795671463012695,46.0
12,93,-10.051441192626953,12.340176582336426,5.0
12,94,-17.44519805908203,32.75447463989258,79.0
12,95,-15.182958602905273,12.559696197509766,28.0
12,96,-6.697324752807617,9.322601318359375,5.0
12,97,-14.614126205444336,38.610782623291016,60.0
12,98,-8.752849578857422,5.757883548736572,29.0
12,99,-18.192962646484375,13.450209617614746,102.0
12,100,-23.920501708984375,6.296781063079834,12.0
12,101,-39.949764251708984,17.349340438842773,153.0
12,102,-31.722492218017578,33.94431686401367,135.0
12,103,-17.562231063842773,80.68540954589844,1392.0
12,104,-48.24341583251953,124.50448608398438,1200.0
12,105,-1.9523519277572632,2.6542868614196777,2.0
12,106,-91.07240295410156,6.414881706237793,1875.0
12,107,-8.561461448669434,17.353958129882812,178.0
12,108,-10.639505386352539,34.691749572753906,27.0
12,109,-21.661312103271484,76.1163101196289,231.0
12,110,-19.14259910583496,119.77916717529297,145.0
12,111,-20.8109073638916,32.08808135986328,767.0
12,112,-15.549060821533203,13.349915504455566,33.0
12,113,-7.6735334396362305,6.809940338134766,33.0
12,114,-66.9789047241211,6.778006076812744,106.0
12,115,-20.98173713684082,13.773097038269043,754.0
12,116,-33.731685638427734,21.46700096130371,1073.0
12,117,-12.186649322509766,11.4424467086792,10.0
12,118,-9.24201774597168,21.773038864135742,110.0
12,119,-16.48113250732422,27.010522842407227,90.0
12,120,-16.71160888671875,10.884859085083008,23.0
12,121,-15.960821151733398,24.341049194335938,37.0
12,122,-33.79500961303711,4.646604537963867,440.0
12,123,-23.19829559326172,27.496047973632812,15882.0
12,124,-12.042606353759766,20.30062484741211,48.0
12,125,-13.225086212158203,27.28321075439453,67.0
12,126,-12.797492980957031,12.92933177947998,47.0
12,127,-26.757741928100586,14.523589134216309,1445.0
12,128,-16.1400146484375,25.229225158691406,37.0
12,129,-8.94373607635498,2.701341390609741,5.0
12,130,-37.249080657958984,62.7266731262207,525.0
12,131,-6.9964189529418945,10.299957275390625,4.0
12,132,-17.856891632080078,86.85350799560547,44.0
12,133,-42.257659912109375,25.805538177490234,234.0
12,134,-22.49786949157715,89.97876739501953,690.0
12,135,-17.48966407775879,4.2950873374938965,6.0
12,136,-28.98328971862793,25.037269592285156,102.0
12,137,-25.13718032836914,23.15353775024414,51.0
12,138,-30.149749755859375,74.2254409790039,547.0
12,139,-23.513769149780273,357.2523193359375,1255.0
12,140,-70.52615356445312,4.217781066894531,17.0
12,141,-15.008760452270508,148.84718322753906,73.0
12,142,-16.065185546875,24.854454040527344,89.0
12,143,-7.671880722045898,12.900856018066406,15.0
12,144,-28.82341957092285,4.558629989624023,41.0
12,145,-4.776159763336182,4.913827896118164,6.0
12,146,-5.80812931060791,18.248167037963867,6.0
12,147,-6.746493339538574,9.476652145385742,18.0
12,148,-25.05727767944336,150.1230926513672,14488.0
12,149,-10.158281326293945,29.550296783447266,7.0
12,150,-28.278539657592773,13.075970649719238,4028.0
12,151,-32.382347106933594,25.488689422607422,305.0
12,152,-13.51879596710205,90.58287048339844,58.0
12,153,-24.111984252929688,14.572108268737793,113.0
12,154,-51.10989761352539,17.106159210205078,1799.0
12,155,-18.793987274169922,14.656079292297363,1116.0
12,156,-65.07292175292969,4.1149582862854,214.0
12,157,-62.75410461425781,4.998208999633789,91.0
12,158,-17.666208267211914,18.998655319213867,507.0
12,159,-28.795211791992188,24.519479751586914,896.0
12,160,-15.073087692260742,43.3051643371582,1044.0
12,161,-12.657754898071289,12.572990417480469,318.0
12,162,-29.670780181884766,11.85280990600586,61.0
12,163,-7.776541233062744,6.9875874519348145,6.0
12,164,-11.08620834350586,15.98342227935791,7.0
12,165,-15.482165336608887,174.2902069091797,1744.0
12,166,-7.02370548248291,10.39406681060791,37.0
12,167,-11.935418128967285,5.50171422958374,8.0
12,168,-54.634559631347656,6.579444885253906,103.0
12,169,-29.56426239013672,40.26702117919922,198.0
12,170,-18.220478057861328,20.83733367919922,22.0
12,171,-15.071735382080078,20.375782012939453,95.0
12,172,-8.959515571594238,88.21330261230469,163.0
12,173,-2.9141252040863037,4.29332971572876,4.0
12,174,-13.245378494262695,27.421972274780273,85.0
12,175,-18.331092834472656,39.103755950927734,95.0
12,176,-26.88184928894043,829.2008056640625,4275.0
12,177,-32.23925018310547,35.95035934448242,952.0
12,178,-16.971420288085938,69.6063003540039,16.0
12,179,-11.814281463623047,51.32068634033203,800.0
12,180,-28.61311149597168,1278.2891845703125,9460.0
12,181,-14.428956985473633,36.864139556884766,690.0
12,182,-29.7434024810791,142.1999053955078,1848.0
12,183,-46.72550964355469,106.97029113769531,807.0
12,184,-6.242768287658691,22.67774772644043,12.0
12,185,-6.628492832183838,2.57777738571167,7.0
12,186,-7.610269546508789,6.703082084655762,6.0
12,187,-7.467534065246582,12.05136489868164,4.0
12,188,-17.301301956176758,17.87763214111328,28.0
12,189,-55.30441665649414,7.754797458648682,193.0
12,190,-25.597553253173828,71.25455474853516,6310.0
12,191,-14.241317749023438,115.25027465820312,165.0
12,192,-18.75117301940918,10.421767234802246,1130.0
12,193,-28.51067352294922,58.73014831542969,2095.0
12,194,-21.147951126098633,197.7468719482422,143.0
12,195,-43.5433349609375,37.660484313964844,112.0
12,196,-13.903770446777344,102.98570251464844,63.0
12,197,-13.376714706420898,14.517329216003418,2404.0
12,198,-22.759546279907227,44.40081024169922,1187.0
12,199,-48.102149963378906,209.4915008544922,9007.0
12,200,-15.024361610412598,12.232059478759766,114.0
12,201,-25.04549789428711,22.889705657958984,494.0
12,202,-10.802274703979492,14.888195991516113,29.0
12,203,-17.086132049560547,5.521298885345459,16.0
12,204,-21.783082962036133,77.9927978515625,452.0
12,205,-13.944558143615723,10.21741008758545,632.0
12,206,-13.234521865844727,82.39354705810547,120.0
12,207,-14.020491600036621,10.347537994384766,251.0
12,208,-14.628110885620117,131.1100616455078,2264.0
12,209,-15.11540412902832,20.554519653320312,105.0
12,210,-15.514392852783203,176.17263793945312,649.0
12,211,-14.923558235168457,41.71620178222656,118.0
12,212,-23.372817993164062,28.190187454223633,226.0
12,213,-21.662940979003906,224.91786193847656,568.0
12,214,-15.458398818969727,47.68417739868164,105.0
12,215,-31.48105812072754,51.16891860961914,305.0
12,216,-22.441923141479492,1773.376953125,4575.0
12,217,-25.244741439819336,155.85845947265625,774.0
12,218,-20.9727840423584,189.27406311035156,241.0
12,219,-26.89608383178711,7827.21142578125,2172.0
12,220,-16.544048309326172,5.229966640472412,76.0
12,221,-9.77937126159668,26.044078826904297,283.0
12,222,-22.615633010864258,285.40472412109375,1598.0
12,223,-15.25523567199707,2054.15087890625,1962.0
12,224,-21.80514144897461,233.0575408935547,4711.0
12,225,-10.704259872436523,35.448699951171875,23.0
12,226,-30.215373992919922,20.522817611694336,298.0
12,227,-25.53667449951172,17.07146453857422,46.0
12,228,-26.656192779541016,7225.689453125,2525.0
12,229,-9.500600814819336,3.8854103088378906,17.0
12,230,-28.404338836669922,10.6656494140625,345.0
12,231,-8.778079986572266,8.975691795349121,11.0
12,232,-11.050153732299805,15.840001106262207,53.0
12,233,-25.890541076660156,10.524287223815918,172.0
12,234,-12.28488540649414,60.03703308105469,70.0
12,235,-16.79513168334961,16.43130874633789,98.0
12,236,-22.174219131469727,40.27388381958008,22.0
12,237,-7.240362167358398,11.172484397888184,30.0
12,238,-14.53757095336914,1434.8067626953125,202.0
12,239,-9.879222869873047,11.820149421691895,3.0
12,240,-21.169151306152344,198.79771423339844,3565.0
12,241,-22.55884552001953,12.262409210205078,56.0
12,242,-8.531898498535156,17.183786392211914,126.0
12,243,-15.061580657958984,43.18076705932617,484.0
12,244,-4.201544761657715,4.057288646697998,8.0
12,245,-9.40574836730957,10.500649452209473,4.0
12,246,-26.668228149414062,207.19198608398438,386.0
12,247,-28.183208465576172,1148.029296875,3892.0
12,248,-38.601783752441406,47.47382354736328,6229.0
12,249,-31.24557876586914,49.684715270996094,241.0
12,250,-19.254840850830078,123.18782806396484,76.0
12,251,-8.165495872497559,5.119717121124268,24.0
12,252,-13.491203308105469,9.473835945129395,61.0
12,253,-7.9865546226501465,4.939731121063232,5.0
12,254,-6.031763553619385,7.46770715713501,13.0
12,255,-26.119647979736328,26.1789608001709,94.0
12,256,-32.398380279541016,221.34669494628906,15497.0
12,257,-22.723188400268555,94.1263198852539,1934.0
12,258,-10.930254936218262,38.222267150878906,26.0
12,259,-35.32218933105469,50.63726043701172,497.0
12,260,-27.250118255615234,8807.625,12647.0
12,261,-11.505975723266602,46.30848693847656,39.0
12,262,-9.592697143554688,24.47288703918457,204.0
12,263,-35.5024299621582,371.32281494140625,18426.0
12,264,-42.794593811035156,35.38246154785156,100.0
12,265,-18.426668167114258,21.565858840942383,46.0
12,266,-5.009353160858154,2.7233715057373047,2.0
12,267,-7.934894561767578,14.082951545715332,25.0
12,268,-29.522682189941406,137.0638427734375,1858.0
12,269,-12.818702697753906,71.72942352294922,38.0
12,270,-22.78864860534668,44.61669158935547,1227.0
12,271,-10.987618446350098,4.805013656616211,7.0
12,272,-13.97704029083252,10.272871971130371,23.0
12,273,-31.151493072509766,22.536794662475586,111.0
12,274,-5.718138694763184,6.726441383361816,15.0
12,275,-4.026872634887695,2.736605167388916,2.0
12,276,-11.923402786254883,19.704570770263672,21.0
12,277,-22.394817352294922,16.433996200561523,98.0
12,278,-11.756916046142578,18.901268005371094,17.0
12,279,-31.57961082458496,51.80317306518555,1554.0
12,280,-14.153026580810547,1183.8336181640625,1356.0
12,281,-40.95627975463867,18.642589569091797,394.0
12,282,-6.064154624938965,7.54877233505249,19.0
12,283,-9.524389266967773,23.921947479248047,12.0
12,284,-26.975805282592773,29.136032104492188,61.0
12,285,-18.78400993347168,6.543034553527832,455.0
12,286,-35.628273010253906,35.26275634765625,20848.0
12,287,-27.708972930908203,31.932415008544922,1553.0
12,288,-3.1579670906066895,23.522727966308594,3.0
12,289,-9.356710433959961,22.621559143066406,120.0
12,290,-33.29401397705078,40.42041015625,219.0
12,291,-18.292009353637695,96.83440399169922,133.0
12,292,-27.732084274291992,1025.587646484375,516.0
12,293,-8.06446647644043,56.38669204711914,235.0
12,294,-3.9980545043945312,3.7912087440490723,3.0
12,295,-17.805742263793945,12.726387977600098,307.0
12,296,-11.609676361083984,47.93721389770508,57.0
12,297,-26.472637176513672,199.2434844970703,3524.0
12,298,-4.353851795196533,4.26859188079834,7.0
12,299,-10.210081100463867,30.064958572387695,18.0
12,300,-14.9268217086792,19.79371452331543,49.0
12,301,-14.357133865356445,36.20812225341797,107.0
12,302,-11.008417129516602,15.675582885742188,190.0
12,303,-9.454195976257324,23.36872673034668,60.0
12,304,-10.098752975463867,28.969715118408203,141.0
12,305,-31.569686889648438,17.636516571044922,173.0
12,306,-19.72381591796875,138.51158142089844,1051.0
12,307,-20.303632736206055,29.486682891845703,15569.0
12,308,-23.196569442749023,27.48926544189453,16763.0
12,309,-29.340147018432617,14.400835037231445,187.0
12,310,-14.708757400512695,11.605274200439453,72.0
12,311,-16.84808921813965,16.57697868347168,54.0
12,312,-26.990280151367188,9.48005485534668,25.0
12,313,-15.66840934753418,7.089048862457275,56.0
12,314,-27.27168846130371,11.932246208190918,109.0
12,315,-17.240806579589844,31.442527770996094,97.0
14,0,-19.160316467285156,120.31089782714844,453.0
14,1,-18.42616844177246,6.313036918640137,1077.0
14,2,-9.883415222167969,140.00912475585938,33.0
14,3,-15.177093505859375,157.43789672851562,131.0
14,4,-23.560997009277344,13.706750869750977,49.0
14,5,-9.433723449707031,10.574345588684082,14.0
14,6,-26.7098388671875,85.7674560546875,418.0
14,7,-14.985189437866211,42.363929748535156,259.0
14,8,-9.658673286437988,25.017053604125977,90.0
14,9,-17.547494888305664,80.38871002197266,492.0
14,10,-18.638275146484375,41.58148193359375,1242.0
14,11,-9.249759674072266,21.829301834106445,83.0
14,12,-4.6105122566223145,4.649861812591553,3.0
14,13,-32.51631546020508,104.08291625976562,10889.0
14,14,-24.021129608154297,30.925771713256836,472.0
14,15,-8.383894920349121,8.133356094360352,39.0
14,16,-11.906779289245605,52.92768096923828,44.0
14,17,-9.169798851013184,9.899158477783203,28.0
14,18,-3.492779493331909,5.733864784240723,2.0
14,19,-21.844770431518555,15.342033386230469,163.0
14,20,-35.02458953857422,24.144428253173828,342.0
14,21,-79.01776885986328,43.066734313964844,2026.0
14,22,-7.545827865600586,4.52295446395874,15.0
14,23,-17.40825080871582,8.811267852783203,20.0
14,24,-11.932844161987305,10.876111030578613,15.0
14,25,-17.813194274902344,19.46982192993164,204.0
14,26,-14.78209114074707,138.01519775390625,88.0
14,27,-29.254663467407227,18.64291763305664,57.0
14,28,-12.66845989227295,12.59993839263916,19.0
14,29,-15.732568740844727,23.254850387573242,176.0
14,30,-7.21228551864624,6.068256855010986,4.0
14,31,-19.718280792236328,715.341552734375,2468.0
14,32,-14.778843879699707,40.23394012451172,37.0
14,33,-15.543573379516602,48.7104377746582,608.0
14,34,-7.822348594665527,7.068068027496338,8.0
14,35,-16.74160385131836,10.931599617004395,40.0
14,36,-22.718067169189453,6.640400409698486,97.0
14,37,-23.073932647705078,17.88999366760254,371.0
14,38,-19.089021682739258,118.18550872802734,55.0
14,39,-34.18745422363281,71.76750183105469,55.0
14,40,-30.74319076538086,167.98338317871094,486.0
14,41,-20.69377899169922,62.724727630615234,560.0
14,42,-17.719392776489258,12.570361137390137,5092.0
14,43,-4.568184852600098,3.1331727504730225,2.0
14,44,-9.53662109375,6.735043048858643,16.0
14,45,-19.807945251464844,52.54075241088867,1030.0
14,46,-27.666837692260742,52.06044387817383,49.0
14,47,-9.283659934997559,10.184988975524902,19.0
14,48,-30.769254684448242,81.09391784667969,77.0
14,49,-32.36917495727539,101.91793060302734,11680.0
14,50,-7.194162845611572,6.040825843811035,19.0
14,51,-20.507244110107422,168.47898864746094,653.0
14,52,-11.131099700927734,16.1638126373291,18.0
14,53,-49.879905700683594,35.263572692871094,500.0
14,54,-19.509315490722656,49.49457931518555,1018.0
14,55,-5.406616687774658,222.87625122070312,41.0
14,56,-28.778507232666016,13.684008598327637,1458.0
14,57,-8.756378173828125,18.518917083740234,6.0
14,58,-16.9137020111084,68.60912322998047,922.0
14,59,-17.08124542236328,17.233829498291016,53.0
14,60,-11.247117042541504,16.639497756958008,988.0
14,61,-19.463768005371094,49.045753479003906,104.0
14,62,-22.390268325805664,88.06310272216797,1404.0
14,63,-13.519184112548828,14.936934471130371,482.0
14,64,-2.082728385925293,2.8330793380737305,2.0
14,65,-4.7041425704956055,10.50731086730957,5.0
14,66,-31.923194885253906,18.212509155273438,2656.0
14,67,-6.028343677520752,20.37221336364746,16.0
14,68,-13.898072242736816,10.138554573059082,213.0
14,69,-21.163036346435547,1157.8795166015625,486.0
14,70,-20.944198608398438,19.92605972290039,496.0
14,71,-29.7603816986084,19.60997200012207,1122.0
14,72,-13.844754219055176,1014.729248046875,408.0
14,73,-36.59375,21.104351043701172,464.0
14,74,-13.31820297241211,14.348429679870605,1392.0
14,75,-19.585166931152344,50.25114822387695,435.0
14,76,-5.154303073883057,3.6276161670684814,2.0
14,77,-26.990734100341797,47.2673225402832,51.0
14,78,-5.329901695251465,14.367242813110352,7.0
14,79,-21.04022979736328,10.358457565307617,151.0
14,80,-12.78693962097168,70.97398376464844,45.0
14,81,-24.990726470947266,16.066679000854492,21.0
14,82,-44.68070602416992,31.092832565307617,27.0
14,83,-14.327828407287598,17.558984756469727,933.0
14,84,-27.700101852416992,8.421408653259277,13.0
14,85,-39.40045166015625,20.713878631591797,69.0
14,86,-27.614221572875977,21.504169464111328,3869.0
14,87,-28.73255157470703,1.756605625152588,14.0
14,88,-3.8086328506469727,3.559230089187622,2.0
14,89,-5.0935492515563965,12.765863418579102,14.0
14,90,-15.578954696655273,180.0050811767578,428.0
14,91,-13.216742515563965,9.050232887268066,90.0
14,92,-42.76337432861328,10.759003639221191,42.0
14,93,-10.09835433959961,12.485757827758789,5.0
14,94,-17.160518646240234,30.94166374206543,83.0
14,95,-15.332789421081543,12.877285957336426,32.0
14,96,-6.467512607574463,8.635119438171387,5.0
14,97,-14.663751602172852,39.0927848815918,52.0
14,98,-8.843517303466797,5.863246917724609,27.0
14,99,-17.86235237121582,12.82972526550293,96.0
14,100,-23.718624114990234,6.199753761291504,12.0
14,101,-39.764060974121094,17.120731353759766,145.0
14,102,-31.44033432006836,32.89664077758789,145.0
14,103,-17.501270294189453,79.46507263183594,1357.0
14,104,-47.872962951660156,119.97654724121094,1269.0
14,105,-1.876224160194397,2.5551531314849854,2.0
14,106,-89.59938049316406,6.22490930557251,1776.0
14,107,-8.517279624938965,17.100252151489258,170.0
14,108,-10.598288536071777,34.2183723449707,27.0
14,109,-21.73007583618164,77.17032623291016,249.0
14,110,-19.184097290039062,121.0282974243164,141.0
14,111,-20.70209503173828,31.511388778686523,707.0
14,112,-15.552252769470215,13.35702133178711,33.0
14,113,-7.5001983642578125,6.521142482757568,27.0
14,114,-66.14710998535156,6.61882209777832,110.0
14,115,-20.647769927978516,13.209961891174316,726.0
14,116,-33.68383026123047,21.373811721801758,1058.0
14,117,-11.598722457885742,10.173075675964355,9.0
14,118,-9.274353981018066,22.00899887084961,108.0
14,119,-16.4449405670166,26.815715789794922,85.0
14,120,-16.543243408203125,10.626178741455078,22.0
14,121,-15.917644500732422,24.13176155090332,33.0
14,122,-33.42131042480469,4.568342685699463,459.0
14,123,-22.71573829650879,25.664419174194336,15530.0
14,124,-11.981080055236816,19.99075698852539,47.0
14,125,-13.14577579498291,26.747577667236328,66.0
14,126,-12.593600273132324,12.412700653076172,46.0
14,127,-26.493919372558594,14.145434379577637,1471.0
14,128,-16.035152435302734,24.70561408996582,34.0
14,129,-8.923922538757324,2.6954009532928467,5.0
14,130,-36.79528045654297,59.64227294921875,520.0
14,131,-6.968574047088623,10.204798698425293,4.0
14,132,-17.812284469604492,85.89031982421875,35.0
14,133,-42.19419479370117,25.679868698120117,250.0
14,134,-22.493209838867188,89.89497375488281,701.0
14,135,-16.90074920654297,4.089389801025391,5.0
14,136,-28.765888214111328,24.43972396850586,87.0
14,137,-24.871265411376953,22.396577835083008,38.0
14,138,-29.950439453125,72.14183044433594,514.0
14,139,-23.43503189086914,350.288818359375,1287.0
14,140,-69.27377319335938,4.111346244812012,17.0
14,141,-14.915947914123535,144.31271362304688,75.0
14,142,-16.053138732910156,24.794649124145508,86.0
14,143,-7.580961227416992,12.515740394592285,15.0
14,144,-28.21329116821289,4.414567947387695,41.0
14,145,-4.821284770965576,4.988298416137695,6.0
14,146,-5.852633476257324,18.658777236938477,6.0
14,147,-6.713177680969238,9.371994972229004,18.0
14,148,-24.566484451293945,136.08731079101562,14014.0
14,149,-10.05409049987793,28.541622161865234,7.0
14,150,-27.462417602539062,12.140942573547363,3827.0
14,151,-32.227664947509766,25.09745216369629,312.0
14,152,-13.537078857421875,91.13661193847656,57.0
14,153,-24.11307144165039,14.573870658874512,116.0
14,154,-50.19708251953125,16.260303497314453,1617.0
14,155,-18.625144958496094,14.30679988861084,1090.0
14,156,-64.59093475341797,4.072066783905029,225.0
14,157,-62.26051330566406,4.935348987579346,88.0
14,158,-17.541053771972656,18.606460571289062,505.0
14,159,-28.512325286865234,23.760778427124023,880.0
14,160,-15.042237281799316,42.97245407104492,976.0
14,161,-12.544918060302734,12.29242992401123,313.0
14,162,-29.763242721557617,11.944491386413574,51.0
14,163,-7.693273067474365,6.843629837036133,5.0
14,164,-11.101844787597656,16.0460262298584,7.0
14,165,-15.492648124694824,174.90028381347656,1683.0
14,166,-6.874148845672607,9.888604164123535,34.0
14,167,-11.571146011352539,5.222733020782471,7.0
14,168,-53.83588409423828,6.4007158279418945,96.0
14,169,-29.18792152404785,38.41661834716797,208.0
14,170,-17.903778076171875,19.765995025634766,19.0
14,171,-15.261176109313965,21.1625919342041,99.0
14,172,-9.036710739135742,91.68468475341797,168.0
14,173,-2.8921144008636475,4.246339321136475,4.0
14,174,-13.457633972167969,28.91638946533203,90.0
14,175,-18.36087417602539,39.337371826171875,93.0
14,176,-26.978748321533203,849.5332641601562,4217.0
14,177,-32.07615661621094,35.30474090576172,964.0
14,178,-17.033222198486328,70.69010162353516,17.0
14,179,-11.64350700378418,48.480857849121094,736.0
14,180,-28.52907943725586,1251.715087890625,9141.0
14,181,-14.30364990234375,35.72720718383789,654.0
14,182,-29.623384475708008,139.38369750976562,1716.0
14,183,-46.88232421875,108.66094970703125,803.0
14,184,-6.219581604003906,22.41635513305664,11.0
14,185,-6.57418966293335,2.5578575134277344,6.0
14,186,-7.507740020751953,6.533449172973633,7.0
14,187,-7.35508394241333,11.608002662658691,4.0
14,188,-17.115280151367188,17.331865310668945,29.0
14,189,-53.78080749511719,7.329312324523926,177.0
14,190,-25.383651733398438,68.7590560913086,6187.0
14,191,-14.40468978881836,121.70051574707031,166.0
14,192,-18.624542236328125,10.258101463317871,1024.0
14,193,-28.496044158935547,58.6075325012207,2078.0
14,194,-21.19866180419922,200.26979064941406,143.0
14,195,-43.1652946472168,36.4925422668457,110.0
14,196,-13.782978057861328,98.92144012451172,60.0
14,197,-13.35346508026123,14.449978828430176,2373.0
14,198,-22.8634033203125,45.17605209350586,1249.0
14,199,-47.47675704956055,195.42860412597656,9143.0
14,200,-14.912681579589844,12.006485939025879,118.0
14,201,-25.090274810791016,23.01818084716797,490.0
14,202,-10.670919418334961,14.407224655151367,28.0
14,203,-16.947010040283203,5.445017337799072,17.0
14,204,-21.532007217407227,74.17308044433594,446.0
14,205,-13.647930145263672,9.724564552307129,625.0
14,206,-13.193123817443848,81.26439666748047,114.0
14,207,-13.938447952270508,10.207008361816406,237.0
14,208,-14.737020492553711,135.95721435546875,2317.0
14,209,-14.716312408447266,18.9776611328125,96.0
14,210,-15.466636657714844,173.39039611816406,643.0
14,211,-14.767847061157227,40.12348175048828,107.0
14,212,-23.165626525878906,27.368022918701172,215.0
14,213,-21.505802154541016,216.2533416748047,538.0
14,214,-15.183137893676758,44.51313781738281,102.0
14,215,-31.197139739990234,49.384788513183594,270.0
14,216,-22.565372467041016,1847.873779296875,4647.0
14,217,-24.88159942626953,144.9399871826172,722.0
14,218,-20.697219848632812,176.67376708984375,224.0
14,219,-26.976755142211914,8040.5390625,2210.0
14,220,-16.457599639892578,5.184948921203613,70.0
14,221,-9.824396133422852,26.43790054321289,301.0
14,222,-22.434932708740234,272.7984313964844,1591.0
14,223,-15.4584321975708,2273.819091796875,2188.0
14,224,-21.785640716552734,231.92410278320312,4638.0
14,225,-10.589346885681152,34.116539001464844,23.0
14,226,-30.007238388061523,20.100080490112305,317.0
14,227,-25.313217163085938,16.652822494506836,44.0
14,228,-26.449357986450195,6744.30029296875,2402.0
14,229,-9.475028991699219,3.8712425231933594,17.0
14,230,-28.17599868774414,10.464617729187012,321.0
14,231,-8.795083999633789,9.01392936706543,11.0
14,232,-10.862122535705566,15.112627029418945,50.0
14,233,-25.93701171875,10.568840980529785,170.0
14,234,-12.196357727050781,58.29128646850586,69.0
14,235,-16.617107391357422,15.950942039489746,89.0
14,236,-22.074338912963867,39.609004974365234,25.0
14,237,-7.30734395980835,11.4247407913208,31.0
14,238,-14.331613540649414,1294.405517578125,190.0
14,239,-10.050579071044922,12.337516784667969,3.0
14,240,-21.399141311645508,210.56309509277344,3722.0
14,241,-22.288124084472656,11.899046897888184,57.0
14,242,-8.513532638549805,17.07890510559082,125.0
14,243,-14.943319320678711,41.92279815673828,457.0
14,244,-4.181180000305176,4.029839992523193,8.0
14,245,-9.239103317260742,10.072166442871094,4.0
14,246,-26.193984985351562,188.4433135986328,348.0
14,247,-28.166473388671875,1143.2362060546875,4014.0
14,248,-38.6904182434082,47.8964729309082,5972.0
14,249,-30.807415008544922,47.03664016723633,249.0
14,250,-19.012908935546875,115.9579086303711,75.0
14,251,-8.135476112365723,5.089070796966553,23.0
14,252,-13.42538070678711,9.370471000671387,57.0
14,253,-8.007596015930176,4.9605631828308105,5.0
14,254,-6.059299468994141,7.536565780639648,15.0
14,255,-25.965816497802734,25.680376052856445,91.0
14,256,-31.91278839111328,204.1383819580078,15602.0
14,257,-22.722721099853516,94.11752319335938,1911.0
14,258,-11.050960540771484,39.79151153564453,27.0
14,259,-35.21065139770508,50.013580322265625,512.0
14,260,-27.334365844726562,9058.46484375,13197.0
14,261,-11.496350288391113,46.16014862060547,40.0
14,262,-9.56124496459961,24.2176456451416,204.0
14,263,-35.11373519897461,348.0301818847656,17993.0
14,264,-42.34223937988281,34.0734977722168,102.0
14,265,-18.032278060913086,20.19388198852539,45.0
14,266,-4.9449782371521,2.688533067703247,2.0
14,267,-7.900635719299316,13.923042297363281,24.0
14,268,-29.519187927246094,136.98406982421875,1778.0
14,269,-12.755555152893066,70.23533630371094,38.0
14,270,-22.289554595947266,41.055538177490234,1143.0
14,271,-10.909236907958984,4.751509666442871,6.0
14,272,-13.463321685791016,9.429913520812988,23.0
14,273,-31.683612823486328,23.76850128173828,120.0
14,274,-5.725627899169922,6.743254661560059,15.0
14,275,-3.923908233642578,2.6670608520507812,2.0
14,276,-11.94963550567627,19.834224700927734,20.0
14,277,-22.292709350585938,16.225574493408203,101.0
14,278,-11.88877010345459,19.53470230102539,17.0
14,279,-31.442462921142578,50.92265319824219,1497.0
14,280,-14.250523567199707,1242.9735107421875,1423.0
14,281,-40.90999221801758,18.581050872802734,392.0
14,282,-6.10756254196167,7.6587910652160645,20.0
14,283,-9.510824203491211,23.814027786254883,13.0
14,284,-27.029966354370117,29.33395767211914,60.0
14,285,-18.87932586669922,6.6056976318359375,465.0
14,286,-35.93465805053711,36.3598747253418,21510.0
14,287,-27.54288101196289,31.276283264160156,1614.0
14,288,-3.0660269260406494,21.456483840942383,3.0
14,289,-9.24373722076416,21.785524368286133,114.0
14,290,-33.25061798095703,40.22597885131836,202.0
14,291,-18.160476684570312,93.70196533203125,135.0
14,292,-27.889911651611328,1066.8631591796875,510.0
14,293,-8.156038284301758,59.02842712402344,244.0
14,294,-3.8193907737731934,3.572016477584839,3.0
14,295,-17.509109497070312,12.198357582092285,280.0
14,296,-11.496394157409668,46.16082000732422,57.0
14,297,-26.624732971191406,205.39735412597656,3344.0
14,298,-4.247901916503906,4.1204705238342285,5.0
14,299,-9.97707748413086,27.818254470825195,18.0
14,300,-14.603216171264648,18.553220748901367,44.0
14,301,-14.356779098510742,36.20491027832031,105.0
14,302,-10.495107650756836,13.787700653076172,176.0
14,303,-9.329846382141113,22.419898986816406,53.0
14,304,-10.233052253723145,30.296051025390625,139.0
14,305,-31.35344123840332,17.293193817138672,166.0
14,306,-19.69940185546875,137.6687469482422,1040.0
14,307,-20.01251220703125,28.09014129638672,15478.0
14,308,-22.84619140625,26.14719009399414,16586.0
14,309,-29.141830444335938,14.143531799316406,174.0
14,310,-14.854249954223633,11.890125274658203,71.0
14,311,-16.852325439453125,16.588685989379883,53.0
14,312,-26.479801177978516,9.085229873657227,22.0
14,313,-15.592439651489258,7.022048473358154,56.0
14,314,-26.74002456665039,11.369237899780273,105.0
14,315,-16.900665283203125,29.374683380126953,97.0
16,0,-19.216915130615234,122.02535247802734,452.0
16,1,-18.52927589416504,6.37846565246582,1098.0
16,2,-9.956101417541504,145.1910858154297,31.0
16,3,-15.238636016845703,160.7010040283203,129.0
16,4,-23.037763595581055,12.93260383605957,42.0
16,5,-9.386061668395996,10.449095726013184,14.0
16,6,-26.690906524658203,85.49726867675781,387.0
16,7,-14.885696411132812,41.32320022583008,258.0
16,8,-9.690864562988281,25.28694725036621,95.0
16,9,-17.571598052978516,80.87458038330078,505.0
16,10,-18.48878288269043,40.35666275024414,1185.0
16,11,-9.166877746582031,21.234472274780273,76.0
16,12,-4.790212631225586,4.936899185180664,3.0
16,13,-32.197898864746094,99.45447540283203,10439.0
16,14,-23.759056091308594,29.789350509643555,459.0
16,15,-8.539693832397461,8.456398963928223,47.0
16,16,-11.882917404174805,52.508365631103516,44.0
16,17,-9.189151763916016,9.947168350219727,27.0
16,18,-3.539384365081787,5.869046688079834,2.0
16,19,-21.837369918823242,15.327847480773926,164.0
16,20,-34.89873504638672,23.869754791259766,334.0
16,21,-78.67675018310547,42.373023986816406,1983.0
16,22,-7.567840576171875,4.542911529541016,15.0
16,23,-17.544551849365234,8.962677001953125,20.0
16,24,-11.916799545288086,10.841267585754395,15.0
16,25,-17.601476669311523,18.794784545898438,216.0
16,26,-14.753210067749023,136.69285583496094,87.0
16,27,-29.248653411865234,18.631715774536133,58.0
16,28,-12.55436897277832,12.31568717956543,18.0
16,29,-15.485114097595215,22.131959915161133,175.0
16,30,-7.109927177429199,5.914942741394043,4.0
16,31,-19.95604133605957,774.3421020507812,2579.0
16,32,-14.850412368774414,40.960289001464844,35.0
16,33,-15.413858413696289,47.156158447265625,593.0
16,34,-7.8176960945129395,7.05985164642334,7.0
16,35,-16.556957244873047,10.647016525268555,40.0
16,36,-22.462026596069336,6.500217914581299,97.0
16,37,-23.04971694946289,17.835922241210938,383.0
16,38,-19.007171630859375,115.79170227050781,59.0
16,39,-34.40740966796875,73.7680892944336,55.0
16,40,-30.67946434020996,166.2086639404297,496.0
16,41,-20.515382766723633,60.526206970214844,547.0
16,42,-17.331764221191406,11.893193244934082,4937.0
16,43,-4.451927661895752,3.0434200763702393,2.0
16,44,-9.53912353515625,6.738415241241455,17.0
16,45,-19.630054473876953,50.704307556152344,1018.0
16,46,-27.392850875854492,50.06211471557617,47.0
16,47,-9.322080612182617,10.283288955688477,21.0
16,48,-30.573198318481445,78.8541488647461,78.0
16,49,-31.933000564575195,95.76116180419922,10903.0
16,50,-6.88450813293457,5.590826034545898,20.0
16,51,-20.168987274169922,154.81747436523438,603.0
16,52,-10.963944435119629,15.502264976501465,17.0
16,53,-49.51689147949219,34.3609504699707,495.0
16,54,-19.352102279663086,47.962547302246094,982.0
16,55,-5.41341495513916,224.39657592773438,40.0
16,56,-28.7436466217041,13.640710830688477,1442.0
16,57,-8.724210739135742,18.321409225463867,6.0
16,58,-16.554237365722656,62.71240997314453,884.0
16,59,-17.008352279663086,17.025724411010742,56.0
16,60,-11.2101411819458,16.486391067504883,985.0
16,61,-19.28474998474121,47.320804595947266,99.0
16,62,-22.501354217529297,90.04151916503906,1347.0
16,63,-13.499588012695312,14.87850570678711,482.0
16,64,-2.071547508239746,2.8172852993011475,2.0
16,65,-4.680304527282715,10.382817268371582,5.0
16,66,-31.420894622802734,17.39956283569336,2724.0
16,67,-5.948235511779785,19.57234764099121,16.0
16,68,-13.89786148071289,10.13819694519043,215.0
16,69,-21.239402770996094,1187.7322998046875,506.0
16,70,-20.96560287475586,19.98708152770996,500.0
16,71,-29.642913818359375,19.380964279174805,1093.0
16,72,-13.944694519042969,1066.7237548828125,429.0
16,73,-36.51844787597656,20.972333908081055,487.0
16,74,-13.337177276611328,14.402983665466309,1424.0
16,75,-19.61332130432129,50.53489685058594,411.0
16,76,-5.045659065246582,3.530412435531616,2.0
16,77,-27.02260398864746,47.48301696777344,51.0
16,78,-5.247614860534668,13.788121223449707,7.0
16,79,-20.812236785888672,10.099345207214355,155.0
16,80,-12.739617347717285,69.86320495605469,47.0
16,81,-24.649660110473633,15.469202041625977,20.0
16,82,-43.92133712768555,29.32863426208496,26.0
16,83,-14.41641902923584,17.87286949157715,977.0
16,84,-27.401042938232422,8.229889869689941,13.0
16,85,-38.750083923339844,19.70309066772461,69.0
16,86,-26.77987289428711,19.600231170654297,3855.0
16,87,-28.41050148010254,1.7455482482910156,14.0
16,88,-3.832085371017456,3.5871634483337402,2.0
16,89,-5.140923023223877,13.071855545043945,14.0
16,90,-15.763345718383789,191.41587829589844,450.0
16,91,-13.361360549926758,9.27101993560791,95.0
16,92,-42.20645523071289,10.431218147277832,32.0
16,93,-9.971311569213867,12.09543228149414,6.0
16,94,-17.299114227294922,31.81134033203125,85.0
16,95,-15.283201217651367,12.771296501159668,30.0
16,96,-6.282182693481445,8.117814064025879,5.0
16,97,-14.521454811096191,37.72653579711914,49.0
16,98,-8.963017463684082,6.005066394805908,27.0
16,99,-17.612789154052734,12.380377769470215,96.0
16,100,-23.500957489013672,6.096811771392822,11.0
16,101,-39.381080627441406,16.658729553222656,138.0
16,102,-31.241313934326172,32.17716979980469,157.0
16,103,-17.464706420898438,78.74199676513672,1343.0
16,104,-47.6053352355957,116.80821990966797,1258.0
16,105,-1.7615405321121216,2.412757396697998,2.0
16,106,-88.53533935546875,6.091191291809082,1841.0
16,107,-8.428240776062012,16.600183486938477,166.0
16,108,-10.531042098999023,33.45989227294922,24.0
16,109,-21.680683135986328,76.41177368164062,252.0
16,110,-19.254291534423828,123.17091369628906,143.0
16,111,-20.590599060058594,30.93123435974121,680.0
16,112,-15.471697807312012,13.1788911819458,31.0
16,113,-7.396911144256592,6.354910373687744,25.0
16,114,-65.34585571289062,6.469018936157227,116.0
16,115,-20.476123809814453,12.929551124572754,720.0
16,116,-33.40380096435547,20.836559295654297,1023.0
16,117,-11.19449520111084,9.382994651794434,9.0
16,118,-9.354232788085938,22.60288429260254,111.0
16,119,-16.33722496032715,26.24420166015625,84.0
16,120,-16.376869201660156,10.376593589782715,21.0
16,121,-15.83407211303711,23.731761932373047,34.0
16,122,-33.26492691040039,4.535984516143799,486.0
16,123,-22.44623374938965,24.695096969604492,15344.0
16,124,-12.010441780090332,20.138036727905273,47.0
16,125,-13.044212341308594,26.076984405517578,65.0
16,126,-12.285067558288574,11.66990852355957,42.0
16,127,-26.245712280273438,13.798657417297363,1464.0
16,128,-15.955948829650879,24.31734275817871,34.0
16,129,-8.95699405670166,2.7053236961364746,5.0
16,130,-36.42927551269531,57.26542663574219,510.0
16,131,-7.010944366455078,10.34994888305664,4.0
16,132,-17.79152488708496,85.44571685791016,28.0
16,133,-42.09455871582031,25.483802795410156,253.0
16,134,-22.674409866333008,93.2125244140625,740.0
16,135,-16.621652603149414,3.995375871658325,5.0
16,136,-28.47944450378418,23.67412567138672,75.0
16,137,-24.601659774780273,21.654373168945312,34.0
16,138,-29.98404884338379,72.4890365600586,487.0
16,139,-23.185447692871094,329.10009765625,1222.0
16,140,-68.47411346435547,4.044795036315918,17.0
16,141,-15.03010368347168,149.909912109375,78.0
16,142,-16.128807067871094,25.1727352142334,84.0
16,143,-7.494968414306641,12.162077903747559,15.0
16,144,-27.746978759765625,4.307541847229004,43.0
16,145,-4.755825042724609,4.880633354187012,6.0
16,146,-5.843292713165283,18.57183837890625,7.0
16,147,-6.637189865112305,9.137589454650879,17.0
16,148,-24.07097625732422,123.2475814819336,13512.0
16,149,-9.999550819396973,28.027427673339844,7.0
16,150,-26.711898803710938,11.340206146240234,3691.0
16,151,-32.1280403137207,24.848665237426758,304.0
16,152,-13.444206237792969,88.35845947265625,59.0
16,153,-23.907268524169922,14.244392395019531,110.0
16,154,-49.64374542236328,15.768052101135254,1586.0
16,155,-18.50251007080078,14.058338165283203,1041.0
16,156,-64.49052429199219,4.063188076019287,231.0
16,157,-62.361915588378906,4.948197841644287,93.0
16,158,-17.52424430847168,18.554410934448242,503.0
16,159,-28.129560470581055,22.77142906188965,868.0
16,160,-14.875909805297852,41.22222137451172,925.0
16,161,-12.47842788696289,12.130046844482422,321.0
16,162,-29.564058303833008,11.747864723205566,48.0
16,163,-7.7000908851623535,6.855304718017578,5.0
16,164,-11.20661735534668,16.471874237060547,7.0
16,165,-15.379947662353516,168.45175170898438,1657.0
16,166,-6.8120622634887695,9.686056137084961,33.0
16,167,-11.394550323486328,5.092622756958008,7.0
16,168,-53.035831451416016,6.226546764373779,95.0
16,169,-28.74897003173828,36.36552429199219,194.0
16,170,-17.72265625,19.17823600769043,17.0
16,171,-15.351430892944336,21.548070907592773,98.0
16,172,-9.117746353149414,95.47583770751953,176.0
16,173,-2.857980966567993,4.174482822418213,3.0
16,174,-13.503551483154297,29.250244140625,92.0
16,175,-18.3680477142334,39.39384078979492,90.0
16,176,-27.026174545288086,859.6657104492188,4233.0
16,177,-31.993310928344727,34.981258392333984,1039.0
16,178,-17.05245590209961,71.03083038330078,16.0
16,179,-11.528584480285645,46.65879440307617,722.0
16,180,-28.528047561645508,1251.3922119140625,8808.0
16,181,-14.2186861038208,34.9763298034668,615.0
16,182,-29.35906982421875,133.3768310546875,1654.0
16,183,-46.94764709472656,109.37306213378906,793.0
16,184,-6.171656608581543,21.885587692260742,11.0
16,185,-6.518403053283691,2.5375537872314453,6.0
16,186,-7.341427326202393,6.267370223999023,5.0
16,187,-7.296467304229736,11.383397102355957,4.0
16,188,-16.99200439453125,16.979398727416992,28.0
16,189,-52.87444305419922,7.0873589515686035,160.0
16,190,-25.259531021118164,67.35127258300781,5997.0
16,191,-14.5902099609375,129.4640655517578,168.0
16,192,-18.485706329345703,10.081612586975098,952.0
16,193,-28.468891143798828,58.38065719604492,2094.0
16,194,-21.219093322753906,201.2953643798828,143.0
16,195,-42.731422424316406,35.19668960571289,109.0
16,196,-13.62379264831543,93.80931091308594,58.0
16,197,-13.387474060058594,14.548600196838379,2455.0
16,198,-22.754467010498047,44.36323547363281,1248.0
16,199,-46.872833251953125,182.7451934814453,9265.0
16,200,-14.902408599853516,11.985946655273438,118.0
16,201,-24.968904495239258,22.671600341796875,482.0
16,202,-10.748956680297852,14.691060066223145,28.0
16,203,-16.794519424438477,5.362616062164307,17.0
16,204,-21.354835510253906,71.59082794189453,408.0
16,205,-13.616917610168457,9.67442798614502,617.0
16,206,-13.23489761352539,82.40388488769531,122.0
16,207,-13.77800178527832,9.937679290771484,235.0
16,208,-14.746623992919922,136.39309692382812,2228.0
16,209,-14.037681579589844,16.569047927856445,92.0
16,210,-15.338582992553711,166.14503479003906,601.0
16,211,-14.63372802734375,38.80045700073242,100.0
16,212,-23.03695297241211,26.869537353515625,222.0
16,213,-21.408550262451172,211.05897521972656,520.0
16,214,-15.013636589050293,42.666290283203125,98.0
16,215,-30.848873138427734,47.281028747558594,249.0
16,216,-22.41489028930664,1757.46923828125,4415.0
16,217,-24.72019386291504,140.3358917236328,689.0
16,218,-20.65679359436035,174.897216796875,223.0
16,219,-26.870315551757812,7760.265625,2314.0
16,220,-16.41710662841797,5.163995742797852,66.0
16,221,-9.761527061462402,25.88962745666504,294.0
16,222,-22.370943069458008,268.4690856933594,1661.0
16,223,-15.409168243408203,2218.49462890625,2125.0
16,224,-21.62053108215332,222.5457763671875,4667.0
16,225,-10.418561935424805,32.22858810424805,23.0
16,226,-29.94921875,19.98379898071289,327.0
16,227,-25.23771858215332,16.513708114624023,46.0
16,228,-26.21798324584961,6243.6953125,2213.0
16,229,-9.588224411010742,3.934352397918701,17.0
16,230,-28.16725730895996,10.456998825073242,306.0
16,231,-8.79494571685791,9.013617515563965,11.0
16,232,-10.621627807617188,14.230775833129883,49.0
16,233,-25.845144271850586,10.480941772460938,166.0
16,234,-12.270599365234375,59.751834869384766,68.0
16,235,-16.549123764038086,15.771228790283203,85.0
16,236,-21.954662322998047,38.8267822265625,22.0
16,237,-7.215755462646484,11.081219673156738,30.0
16,238,-14.32579231262207,1290.6434326171875,179.0
16,239,-10.173836708068848,12.72360897064209,3.0
16,240,-21.351757049560547,208.08346557617188,3616.0
16,241,-22.00628662109375,11.532198905944824,50.0
16,242,-8.479057312011719,16.88376235961914,126.0
16,243,-14.930904388427734,41.792884826660156,465.0
16,244,-4.165801048278809,4.009234428405762,6.0
16,245,-9.263710975646973,10.134321212768555,4.0
16,246,-25.78217315673828,173.54458618164062,307.0
16,247,-28.200023651123047,1152.865478515625,4121.0
16,248,-38.38577651977539,46.4593505859375,5588.0
16,249,-30.307872772216797,44.18936538696289,258.0
16,250,-18.889432907104492,112.43309020996094,72.0
16,251,-8.189995765686035,5.144865036010742,24.0
16,252,-13.442306518554688,9.396942138671875,57.0
16,253,-7.944225788116455,4.8980889320373535,5.0
16,254,-5.965089797973633,7.30357027053833,14.0
16,255,-25.820491790771484,25.21808624267578,95.0
16,256,-31.390865325927734,187.13140869140625,15489.0
16,257,-22.67340087890625,93.1937255859375,1926.0
16,258,-11.09985065460205,40.44529342651367,27.0
16,259,-34.77383804321289,47.64414596557617,489.0
16,260,-27.283714294433594,8906.8076171875,13175.0
16,261,-11.50611686706543,46.31066131591797,42.0
16,262,-9.5772123336792,24.346887588500977,200.0
16,263,-34.528724670410156,315.6984558105469,17647.0
16,264,-42.16619873046875,33.57728958129883,93.0
16,265,-17.84983253479004,19.589075088500977,40.0
16,266,-4.989689826965332,2.7126824855804443,2.0
16,267,-7.912055969238281,13.97614574432373,22.0
16,268,-29.36345672607422,133.474365234375,1799.0
16,269,-12.765026092529297,70.45742797851562,39.0
16,270,-22.141780853271484,40.05673599243164,1077.0
16,271,-10.942044258117676,4.773831367492676,6.0
16,272,-13.14260196685791,8.93908977508545,25.0
16,273,-31.37203598022461,23.039352416992188,126.0
16,274,-5.740272521972656,6.776252269744873,15.0
16,275,-3.9699795246124268,2.6979572772979736,2.0
16,276,-11.936227798461914,19.767850875854492,19.0
16,277,-21.942310333251953,15.530235290527344,107.0
16,278,-11.982157707214355,19.996143341064453,17.0
16,279,-30.91895866394043,47.69706344604492,1428.0
16,280,-14.233932495117188,1232.705078125,1410.0
16,281,-41.060791015625,18.782272338867188,389.0
16,282,-6.1069793701171875,7.6573028564453125,19.0
16,283,-9.422872543334961,23.12600326538086,13.0
16,284,-26.923290252685547,28.94540023803711,59.0
16,285,-18.827632904052734,6.571639537811279,485.0
16,286,-36.101234436035156,36.97061538696289,21109.0
16,287,-27.64592933654785,31.681760787963867,1754.0
16,288,-2.991116762161255,19.907901763916016,3.0
16,289,-9.16668701171875,21.23311996459961,111.0
16,290,-33.016300201416016,39.192203521728516,182.0
16,291,-17.996858596801758,89.94646453857422,139.0
16,292,-27.94268798828125,1081.0325927734375,489.0
16,293,-8.142582893371582,58.632633209228516,242.0
16,294,-3.7827210426330566,3.528620719909668,3.0
16,295,-17.400789260864258,12.011049270629883,272.0
16,296,-11.500993728637695,46.231651306152344,52.0
16,297,-26.558040618896484,202.6759490966797,3148.0
16,298,-4.155886173248291,3.9960062503814697,5.0
16,299,-9.886062622070312,26.986968994140625,18.0
16,300,-14.306982040405273,17.485925674438477,42.0
16,301,-14.287620544433594,35.584320068359375,96.0
16,302,-10.004307746887207,12.195621490478516,167.0
16,303,-9.128067016601562,20.96153450012207,42.0
16,304,-10.280731201171875,30.781394958496094,137.0
16,305,-30.99074935913086,16.732297897338867,157.0
16,306,-19.79780387878418,141.09747314453125,1081.0
16,307,-19.742910385131836,26.85588836669922,15495.0
16,308,-22.634586334228516,25.368606567382812,16392.0
16,309,-28.673084259033203,13.553487777709961,163.0
16,310,-14.927224159240723,12.03562068939209,68.0
16,311,-16.727985382080078,16.24844741821289,51.0
16,312,-26.02289581298828,8.745808601379395,24.0
16,313,-15.690990447998047,7.109086990356445,54.0
16,314,-26.24858283996582,10.872479438781738,102.0
16,315,-16.862215042114258,29.1496524810791,97.0
18,0,-19.20549201965332,121.67737579345703,446.0
18,1,-18.567798614501953,6.4030842781066895,1135.0
18,2,-9.890701293945312,140.52011108398438,30.0
18,3,-15.290520668029785,163.5044708251953,137.0
18,4,-22.437013626098633,12.097532272338867,35.0
18,5,-9.316120147705078,10.267976760864258,14.0
18,6,-26.636852264404297,84.73049926757812,376.0
18,7,-14.880359649658203,41.268104553222656,260.0
18,8,-9.628780364990234,24.76901626586914,88.0
18,9,-17.56868553161621,80.81571197509766,516.0
18,10,-18.356502532958984,39.302982330322266,1149.0
18,11,-9.047079086303711,20.40322494506836,69.0
18,12,-4.856524467468262,5.047239780426025,3.0
18,13,-32.07263946533203,97.69063568115234,10036.0
18,14,-23.643463134765625,29.301467895507812,458.0
18,15,-8.577332496643066,8.536347389221191,49.0
18,16,-11.800436019897461,51.084373474121094,45.0
18,17,-9.238262176513672,10.070048332214355,29.0
18,18,-3.545018434524536,5.885603427886963,2.0
18,19,-21.733182907104492,15.129520416259766,154.0
18,20,-34.745609283447266,23.539779663085938,334.0
18,21,-78.26555633544922,41.55140686035156,2005.0
18,22,-7.682225704193115,4.648037910461426,15.0
18,23,-17.439830780029297,8.846118927001953,21.0
18,24,-11.831454277038574,10.657787322998047,15.0
18,25,-17.54025650024414,18.60399055480957,223.0
18,26,-14.654014587402344,132.24703979492188,81.0
18,27,-29.02954864501953,18.22792625427246,54.0
18,28,-12.474557876586914,12.120662689208984,16.0
18,29,-15.601468086242676,22.653030395507812,171.0
18,30,-7.108663558959961,5.913074493408203,4.0
18,31,-19.9575138092041,774.72216796875,2570.0
18,32,-14.966897010803223,42.1706428527832,36.0
18,33,-15.322028160095215,46.085899353027344,586.0
18,34,-7.898595333099365,7.204089164733887,7.0
18,35,-16.363723754882812,10.35712718963623,36.0
18,36,-22.238142013549805,6.380066871643066,97.0
18,37,-23.076435089111328,17.895591735839844,391.0
18,38,-19.047616958618164,116.96846008300781,61.0
18,39,-34.347347259521484,73.21632385253906,56.0
18,40,-30.629966735839844,164.8431396484375,492.0
18,41,-20.598526000976562,61.541099548339844,546.0
18,42,-17.211933135986328,11.691329956054688,4954.0
18,43,-4.342427730560303,2.9612364768981934,2.0
18,44,-9.59486198425293,6.813952445983887,17.0
18,45,-19.610078811645508,50.50213623046875,1023.0
18,46,-27.402231216430664,50.12923812866211,44.0
18,47,-9.352928161621094,10.362899780273438,21.0
18,48,-30.34356117248535,76.30928039550781,83.0
18,49,-31.581302642822266,91.06875610351562,10218.0
18,50,-6.642120361328125,5.262099266052246,20.0
18,51,-19.87407875061035,143.8138427734375,619.0
18,52,-10.979702949523926,15.563458442687988,18.0
18,53,-49.521976470947266,34.37343978881836,529.0
18,54,-19.150529861450195,46.06742477416992,957.0
18,55,-5.392936706542969,219.84808349609375,40.0
18,56,-28.699586868286133,13.58618450164795,1392.0
18,57,-8.673734664916992,18.015724182128906,6.0
18,58,-16.489498138427734,61.70559310913086,882.0
18,59,-17.05548095703125,17.159982681274414,59.0
18,60,-11.368388175964355,17.151695251464844,1070.0
18,61,-19.029504776000977,44.96574783325195,99.0
18,62,-22.611343383789062,92.044189453125,1388.0
18,63,-13.543885231018066,15.010905265808105,481.0
18,64,-2.1104676723480225,2.8726470470428467,2.0
18,65,-4.607712745666504,10.012721061706543,5.0
18,66,-31.06244659423828,16.841712951660156,2763.0
18,67,-5.954397678375244,19.63274574279785,16.0
18,68,-13.995765686035156,10.304983139038086,226.0
18,69,-21.31960105895996,1219.911376953125,512.0
18,70,-21.221942901611328,20.732574462890625,513.0
18,71,-29.54250717163086,19.187341690063477,1088.0
18,72,-13.990939140319824,1091.6761474609375,463.0
18,73,-36.09807586669922,20.250368118286133,500.0
18,74,-13.30908489227295,14.322290420532227,1377.0
18,75,-19.702102661132812,51.44023513793945,410.0
18,76,-4.829855918884277,3.3449909687042236,2.0
18,77,-26.92706298828125,46.83933639526367,49.0
18,78,-5.23225212097168,13.682615280151367,7.0
18,79,-20.707714080810547,9.982734680175781,167.0
18,80,-12.768728256225586,70.54443359375,54.0
18,81,-24.25521469116211,14.80587100982666,19.0
18,82,-43.466796875,28.320892333984375,25.0
18,83,-14.453362464904785,18.005413055419922,1009.0
18,84,-27.099868774414062,8.04141616821289,13.0
18,85,-38.58686828613281,19.4572696685791,71.0
18,86,-26.217973709106445,18.413944244384766,3901.0
18,87,-28.222335815429688,1.7391197681427002,14.0
18,88,-3.827688694000244,3.5819098949432373,2.0
18,89,-5.148416042327881,13.12092113494873,15.0
18,90,-15.799808502197266,193.75665283203125,454.0
18,91,-13.392823219299316,9.31976318359375,99.0
18,92,-41.8167610168457,10.20781421661377,27.0
18,93,-9.963960647583008,12.073225021362305,6.0
18,94,-17.339319229125977,32.06816482543945,88.0
18,95,-15.514918327331543,13.274166107177734,31.0
18,96,-6.139288902282715,7.740216255187988,5.0
18,97,-14.228015899658203,35.05800247192383,45.0
18,98,-9.056550025939941,6.118457794189453,28.0
18,99,-17.646053314208984,12.439349174499512,97.0
18,100,-23.479202270507812,6.086617469787598,12.0
18,101,-39.24151611328125,16.493484497070312,133.0
18,102,-31.050418853759766,31.50185775756836,159.0
18,103,-17.507909774780273,79.59708404541016,1345.0
18,104,-47.2778205871582,113.0445785522461,1284.0
18,105,-1.7584415674209595,2.4090218544006348,2.0
18,106,-87.22201538085938,5.930100440979004,1780.0
18,107,-8.280017852783203,15.79993724822998,148.0
18,108,-10.488895416259766,32.99310302734375,22.0
18,109,-21.70215606689453,76.7406234741211,261.0
18,110,-19.308979034423828,124.866455078125,142.0
18,111,-20.346397399902344,29.697601318359375,645.0
18,112,-15.388946533203125,12.998374938964844,30.0
18,113,-7.190528392791748,6.035339832305908,22.0
18,114,-64.5115737915039,6.3166422843933105,126.0
18,115,-20.213359832763672,12.511772155761719,691.0
18,116,-33.57801055908203,21.1691837310791,1010.0
18,117,-10.857161521911621,8.77083683013916,9.0
18,118,-9.388555526733398,22.86297035217285,112.0
18,119,-16.234485626220703,25.7104434967041,74.0
18,120,-16.281841278076172,10.236680030822754,19.0
18,121,-15.951342582702637,24.29494857788086,33.0
18,122,-33.22013854980469,4.526759147644043,500.0
18,123,-22.167970657348633,23.73267936706543,15163.0
18,124,-12.107650756835938,20.633432388305664,47.0
18,125,-12.881815910339355,25.03948402404785,63.0
18,126,-12.161457061767578,11.384941101074219,40.0
18,127,-25.916488647460938,13.351767539978027,1448.0
18,128,-15.850151062011719,23.80820083618164,32.0
18,129,-8.862427711486816,2.677046775817871,5.0
18,130,-36.269100189208984,56.25529098510742,485.0
18,131,-6.967836856842041,10.202290534973145,4.0
18,132,-17.65487289428711,82.575927734375,29.0
18,133,-42.155242919921875,25.60304069519043,278.0
18,134,-22.684738159179688,93.40526580810547,760.0
18,135,-16.119510650634766,3.8316385746002197,5.0
18,136,-28.16092872619629,22.850936889648438,65.0
18,137,-24.339082717895508,20.955167770385742,32.0
18,138,-29.93541145324707,71.98712921142578,442.0
18,139,-23.055728912353516,318.59869384765625,1189.0
18,140,-67.99154663085938,4.00515604019165,16.0
18,141,-15.152796745300293,156.1680145263672,83.0
18,142,-16.148258209228516,25.270854949951172,79.0
18,143,-7.370917320251465,11.669427871704102,14.0
18,144,-27.145580291748047,4.173332214355469,41.0
18,145,-4.678886413574219,4.757055759429932,6.0
18,146,-5.880237102508545,18.918088912963867,7.0
18,147,-6.692359924316406,9.307184219360352,18.0
18,148,-24.028291702270508,122.19992065429688,13586.0
18,149,-9.932648658752441,27.409311294555664,7.0
18,150,-26.237417221069336,10.861449241638184,3729.0
18,151,-31.9875545501709,24.50201988220215,301.0
18,152,-13.417841911315918,87.58535766601562,57.0
18,153,-23.82891273498535,14.1209135055542,105.0
18,154,-48.987510681152344,15.203539848327637,1569.0
18,155,-18.442888259887695,13.939107894897461,1020.0
18,156,-64.27347564697266,4.044061183929443,236.0
18,157,-62.370391845703125,4.949273109436035,92.0
18,158,-17.54503059387207,18.61879539489746,512.0
18,159,-27.768390655517578,21.875707626342773,842.0
18,160,-14.869734764099121,41.15863037109375,922.0
18,161,-12.262035369873047,11.6162748336792,313.0
18,162,-29.501230239868164,11.686516761779785,45.0
18,163,-7.6636528968811035,6.793139934539795,4.0
18,164,-11.3670072555542,17.145774841308594,7.0
18,165,-15.327170372009277,165.5142059326172,1589.0
18,166,-6.7642388343811035,9.532873153686523,32.0
18,167,-11.192618370056152,4.947812080383301,7.0
18,168,-52.547454833984375,6.122565746307373,92.0
18,169,-28.47277069091797,35.13143539428711,174.0
18,170,-17.463783264160156,18.368375778198242,16.0
18,171,-15.457639694213867,22.010683059692383,104.0
18,172,-9.077876091003418,93.59135437011719,174.0
18,173,-2.8784432411193848,4.217411994934082,2.0
18,174,-13.586091995239258,29.860095977783203,96.0
18,175,-18.393836975097656,39.59756088256836,90.0
18,176,-27.00124740600586,854.3251342773438,4234.0
18,177,-31.80940055847168,34.273681640625,1020.0
18,178,-16.939559936523438,69.0540771484375,15.0
18,179,-11.581543922424316,47.489784240722656,756.0
18,180,-28.375534057617188,1204.57666015625,8552.0
18,181,-14.114301681518555,34.07538986206055,591.0
18,182,-29.301441192626953,132.10189819335938,1542.0
18,183,-47.19186782836914,112.07707214355469,828.0
18,184,-6.1936211585998535,22.12726402282715,11.0
18,185,-6.439329624176025,2.509050130844116,6.0
18,186,-7.287774085998535,6.183865547180176,5.0
18,187,-7.188981533050537,10.982765197753906,4.0
18,188,-16.905597686767578,16.73662757873535,27.0
18,189,-52.074031829833984,6.8803391456604,151.0
18,190,-25.117918014526367,65.78026580810547,5982.0
18,191,-14.567889213562012,128.50440979003906,168.0
18,192,-18.43616485595703,10.019373893737793,908.0
18,193,-28.470272064208984,58.392154693603516,2045.0
18,194,-21.221481323242188,201.4155731201172,147.0
18,195,-42.09598159790039,33.38138961791992,106.0
18,196,-13.532407760620117,90.99483489990234,59.0
18,197,-13.324042320251465,14.365199089050293,2386.0
18,198,-22.720970153808594,44.11625289916992,1226.0
18,199,-46.322296142578125,171.90150451660156,9265.0
18,200,-14.870346069335938,11.922065734863281,118.0
18,201,-24.95124053955078,22.62159538269043,471.0
18,202,-10.78857135772705,14.837278366088867,29.0
18,203,-16.782840728759766,5.356356620788574,18.0
18,204,-21.116817474365234,68.2626953125,381.0
18,205,-13.661249160766602,9.746173858642578,695.0
18,206,-13.321541786193848,84.81853485107422,112.0
18,207,-13.826127052307129,10.017708778381348,245.0
18,208,-14.86592960357666,141.92657470703125,2325.0
18,209,-13.679808616638184,15.424570083618164,94.0
18,210,-15.225488662719727,159.9982452392578,583.0
18,211,-14.61639404296875,38.6326789855957,99.0
18,212,-22.93795394897461,26.492204666137695,229.0
18,213,-21.285228729248047,204.65121459960938,509.0
18,214,-14.809980392456055,40.5483512878418,96.0
18,215,-30.678443908691406,46.284423828125,245.0
18,216,-22.26077651977539,1669.4656982421875,4380.0
18,217,-24.34549331665039,130.20350646972656,662.0
18,218,-20.72283172607422,177.80862426757812,218.0
18,219,-26.893285751342773,7819.9150390625,2392.0
18,220,-16.436504364013672,5.174022674560547,66.0
18,221,-9.802326202392578,26.24411964416504,306.0
18,222,-22.33437156677246,266.02569580078125,1691.0
18,223,-15.425755500793457,2236.970458984375,2158.0
18,224,-21.48589324951172,215.17965698242188,4624.0
18,225,-10.326120376586914,31.250652313232422,24.0
18,226,-29.67080307006836,19.43509292602539,342.0
18,227,-25.20795440673828,16.459186553955078,46.0
18,228,-26.102264404296875,6007.447265625,2031.0
18,229,-9.46537971496582,3.8659098148345947,17.0
18,230,-28.14637565612793,10.438817024230957,303.0
18,231,-8.781344413757324,8.983019828796387,12.0
18,232,-10.638198852539062,14.289854049682617,49.0
18,233,-25.835369110107422,10.471632957458496,164.0
18,234,-12.353631019592285,61.42869186401367,70.0
18,235,-16.49665069580078,15.633903503417969,71.0
18,236,-22.092021942138672,39.72591781616211,22.0
18,237,-7.1342082023620605,10.784063339233398,30.0
18,238,-14.242748260498047,1238.150634765625,179.0
18,239,-10.327260971069336,13.221116065979004,3.0
18,240,-21.334762573242188,207.20127868652344,3681.0
18,241,-21.95397186279297,11.465357780456543,52.0
18,242,-8.493770599365234,16.966772079467773,126.0
18,243,-14.899056434631348,41.461448669433594,458.0
18,244,-4.105006217956543,3.928805112838745,6.0
18,245,-9.273991584777832,10.160400390625,5.0
18,246,-25.513076782226562,164.45144653320312,295.0
18,247,-28.002288818359375,1097.2608642578125,3971.0
18,248,-38.13836669921875,45.32399368286133,5472.0
18,249,-30.004840850830078,42.546817779541016,256.0
18,250,-18.767250061035156,109.05065155029297,68.0
18,251,-8.236040115356445,5.192461967468262,24.0
18,252,-13.291488647460938,9.163681983947754,52.0
18,253,-8.046457290649414,4.999267578125,4.0
18,254,-5.9790802001953125,7.337709426879883,14.0
18,255,-25.806163787841797,25.172962188720703,88.0
18,256,-30.88408660888672,171.97479248046875,15066.0
18,257,-22.571674346923828,91.3167953491211,1884.0
18,258,-11.080183029174805,40.181007385253906,26.0
18,259,-34.56024932861328,46.52676773071289,492.0
18,260,-27.205913543701172,8678.7939453125,12969.0
18,261,-11.409456253051758,44.842308044433594,41.0
18,262,-9.67038345336914,25.11489486694336,211.0
18,263,-34.23804473876953,300.7684631347656,17483.0
18,264,-41.934539794921875,32.935298919677734,84.0
18,265,-17.617536544799805,18.84516143798828,32.0
18,266,-5.074622631072998,2.7591552734375,2.0
18,267,-7.813753128051758,13.525603294372559,24.0
18,268,-29.323707580566406,132.5930633544922,1763.0
18,269,-12.8179292678833,71.71092224121094,39.0
18,270,-21.782155990600586,37.726375579833984,948.0
18,271,-10.771116256713867,4.658674240112305,6.0
18,272,-13.006421089172363,8.738484382629395,28.0
18,273,-31.62824058532715,23.637256622314453,130.0
18,274,-5.654311656951904,6.584843635559082,15.0
18,275,-3.91908860206604,2.663849115371704,2.0
18,276,-11.815744400024414,19.181304931640625,17.0
18,277,-21.64617919921875,14.965871810913086,104.0
18,278,-12.082412719726562,20.5036563873291,19.0
18,279,-30.535419464111328,45.46430206298828,1408.0
18,280,-14.208335876464844,1217.029052734375,1395.0
18,281,-40.92820739746094,18.605241775512695,379.0
18,282,-6.152925968170166,7.775481224060059,19.0
18,283,-9.415061950683594,23.06587028503418,12.0
18,284,-26.96424102783203,29.09394645690918,59.0
18,285,-18.79403305053711,6.549595832824707,498.0
18,286,-35.98746109008789,36.552371978759766,21079.0
18,287,-27.524015426635742,31.20261573791504,1863.0
18,288,-2.9862399101257324,19.811052322387695,3.0
18,289,-9.117082595825195,20.88492202758789,109.0
18,290,-32.734615325927734,37.98454666137695,172.0
18,291,-18.092449188232422,92.12186431884766,139.0
18,292,-27.860994338989258,1059.1781005859375,475.0
18,293,-8.143501281738281,58.65956115722656,246.0
18,294,-3.7995331287384033,3.5484507083892822,3.0
18,295,-17.26458168029785,11.779597282409668,258.0
18,296,-11.387628555297852,44.51722717285156,53.0
18,297,-26.54627227783203,202.199462890625,3055.0
18,298,-4.062713623046875,3.873807668685913,5.0
18,299,-9.685908317565918,25.245201110839844,18.0
18,300,-14.107280731201172,16.801300048828125,39.0
18,301,-14.262870788574219,35.36482620239258,93.0
18,302,-9.638514518737793,11.129826545715332,159.0
18,303,-9.040645599365234,20.359519958496094,37.0
18,304,-10.309332847595215,31.076263427734375,133.0
18,305,-30.850902557373047,16.520919799804688,163.0
18,306,-19.850996017456055,142.98631286621094,1045.0
18,307,-19.50012969970703,25.79090118408203,15131.0
18,308,-22.399612426757812,24.53117561340332,16494.0
18,309,-28.418960571289062,13.243963241577148,155.0
18,310,-14.982986450195312,12.14799976348877,65.0
18,311,-16.910541534423828,16.75042152404785,51.0
18,312,-25.677284240722656,8.497513771057129,25.0
18,313,-15.779367446899414,7.1880574226379395,54.0
18,314,-26.194814682006836,10.819463729858398,93.0
18,315,-16.815059661865234,28.87602996826172,97.0
20,0,-19.37521743774414,126.95140075683594,455.0
20,1,-18.648075103759766,6.45469331741333,1193.0
20,2,-9.821617126464844,135.74913024902344,29.0
20,3,-15.194547653198242,158.35659790039062,133.0
20,4,-21.757633209228516,11.21794605255127,26.0
20,5,-9.298543930053711,10.2229585647583,14.0
20,6,-26.52715301513672,83.1954116821289,359.0
20,7,-14.830587387084961,40.75778579711914,261.0
20,8,-9.558979988098145,24.199373245239258,84.0
20,9,-17.464956283569336,78.74691009521484,532.0
20,10,-18.188785552978516,38.00649642944336,1105.0
20,11,-9.12734603881836,20.956499099731445,71.0
20,12,-4.946771621704102,5.201379299163818,3.0
20,13,-31.881046295166016,95.05305480957031,9643.0
20,14,-23.427234649658203,28.410188674926758,452.0
20,15,-8.63515567779541,8.660642623901367,50.0
20,16,-11.754693984985352,50.31137466430664,47.0
20,17,-9.22945785522461,10.047907829284668,29.0
20,18,-3.6590073108673096,6.230793476104736,2.0
20,19,-21.606952667236328,14.892668724060059,153.0
20,20,-34.392250061035156,22.79561424255371,333.0
20,21,-77.59144592285156,40.2387580871582,2000.0
20,22,-7.849047660827637,4.8057332038879395,16.0
20,23,-17.292804718017578,8.685028076171875,20.0
20,24,-11.77981948852539,10.54829216003418,15.0
20,25,-17.440073013305664,18.295934677124023,224.0
20,26,-14.758913040161133,136.95297241210938,81.0
20,27,-28.856597900390625,17.915382385253906,53.0
20,28,-12.442728042602539,12.043747901916504,15.0
20,29,-15.20433521270752,20.923377990722656,162.0
20,30,-7.140617847442627,5.960500717163086,4.0
20,31,-20.052509307861328,799.646484375,2688.0
20,32,-14.924293518066406,41.72386932373047,34.0
20,33,-15.41692066192627,47.1922721862793,580.0
20,34,-7.988847732543945,7.368483543395996,7.0
20,35,-16.231327056884766,10.16307544708252,33.0
20,36,-22.207782745361328,6.363945484161377,96.0
20,37,-23.022541046142578,17.77543830871582,393.0
20,38,-18.989566802978516,115.283203125,62.0
20,39,-34.317718505859375,72.94566345214844,54.0
20,40,-30.56492805480957,163.0659637451172,500.0
20,41,-20.5567626953125,61.029197692871094,537.0
20,42,-17.060636520385742,11.441347122192383,4975.0
20,43,-4.273937702178955,2.910964250564575,2.0
20,44,-9.721324920654297,6.988493919372559,17.0
20,45,-19.51899528503418,49.59048843383789,1023.0
20,46,-27.207937240600586,48.75697326660156,43.0
20,47,-9.408079147338867,10.506770133972168,21.0
20,48,-30.24907684326172,75.28618621826172,83.0
20,49,-31.465015411376953,89.56836700439453,9896.0
20,50,-6.429713249206543,4.989962100982666,19.0
20,51,-19.7415714263916,139.12779235839844,612.0
20,52,-10.856152534484863,15.090088844299316,18.0
20,53,-48.96979522705078,33.04408645629883,526.0
20,54,-19.01255989074707,44.8136100769043,940.0
20,55,-5.436708450317383,229.68492126464844,40.0
20,56,-28.4984130859375,13.339969635009766,1369.0
20,57,-8.630910873413086,17.76038360595703,7.0
20,58,-16.330516815185547,59.30118179321289,837.0
20,59,-17.18212127685547,17.52602195739746,60.0
20,60,-11.416460990905762,17.359071731567383,1095.0
20,61,-18.926156997680664,44.04585647583008,98.0
20,62,-22.664997100830078,93.0372085571289,1438.0
20,63,-13.546477317810059,15.018692016601562,500.0
20,64,-2.13922381401062,2.91424822807312,2.0
20,65,-4.548550605773926,9.720871925354004,5.0
20,66,-30.822795867919922,16.478761672973633,2813.0
20,67,-6.0029754638671875,20.115440368652344,16.0
20,68,-14.001180648803711,10.314289093017578,230.0
20,69,-21.282085418701172,1204.7513427734375,503.0
20,70,-21.264183044433594,20.858060836791992,519.0
20,71,-29.260318756103516,18.65346336364746,1071.0
20,72,-14.020565032958984,1107.967529296875,485.0
20,73,-36.13037109375,20.304941177368164,552.0
20,74,-13.20848274230957,14.036996841430664,1336.0
20,75,-19.64671516418457,50.87354278564453,381.0
20,76,-4.76168966293335,3.2884697914123535,2.0
20,77,-26.767841339111328,45.78594970703125,46.0
20,78,-5.186968803405762,13.376298904418945,7.0
20,79,-20.64833641052246,9.91709041595459,169.0
20,80,-12.848787307739258,72.45233917236328,52.0
20,81,-24.189697265625,14.698480606079102,19.0
20,82,-42.877716064453125,27.066207885742188,24.0
20,83,-14.52004623413086,18.24715805053711,1079.0
20,84,-26.829275131225586,7.875765323638916,13.0
20,85,-38.26751708984375,18.98511505126953,71.0
20,86,-25.919092178344727,17.812475204467773,3886.0
20,87,-28.045286178588867,1.7330929040908813,14.0
20,88,-3.8594183921813965,3.619995594024658,2.0
20,89,-5.135866165161133,13.038846969604492,14.0
20,90,-15.879995346069336,199.00534057617188,467.0
20,91,-13.520492553710938,9.520195007324219,100.0
20,92,-41.47332763671875,10.014898300170898,27.0
20,93,-10.023573875427246,12.254504203796387,6.0
20,94,-17.253623962402344,31.52323341369629,85.0
20,95,-15.425177574157715,13.077104568481445,32.0
20,96,-6.044192314147949,7.4987077713012695,5.0
20,97,-14.117830276489258,34.105464935302734,38.0
20,98,-9.249991416931152,6.359808444976807,30.0
20,99,-17.700950622558594,12.537288665771484,97.0
20,100,-23.408653259277344,6.053675651550293,11.0
20,101,-38.9029655456543,16.099422454833984,131.0
20,102,-30.998743057250977,31.32149887084961,166.0
20,103,-17.471654891967773,78.87889862060547,1329.0
20,104,-47.182533264160156,111.97248840332031,1305.0
20,105,-1.7304205894470215,2.3755056858062744,2.0
20,106,-86.62794494628906,5.858638763427734,1754.0
20,107,-8.218052864074707,15.476938247680664,145.0
20,108,-10.573543548583984,33.93729019165039,23.0
20,109,-21.71465492248535,76.93267822265625,272.0
20,110,-19.27690887451172,123.86933135986328,147.0
20,111,-20.196149826049805,28.96316909790039,627.0
20,112,-15.400157928466797,13.022688865661621,31.0
20,113,-7.130407333374023,5.945305347442627,20.0
20,114,-64.01770782470703,6.228137969970703,136.0
20,115,-20.066980361938477,12.284920692443848,663.0
20,116,-33.280067443847656,20.60349464416504,960.0
20,117,-10.637922286987305,8.394564628601074,9.0
20,118,-9.442848205566406,23.280502319335938,120.0
20,119,-16.169750213623047,25.37971305847168,72.0
20,120,-16.204204559326172,10.123771667480469,19.0
20,121,-15.966968536376953,24.370994567871094,33.0
20,122,-32.90933609008789,4.463257312774658,520.0
20,123,-22.074193954467773,23.41685676574707,15199.0
20,124,-12.152015686035156,20.863555908203125,47.0
20,125,-12.743465423583984,24.188236236572266,61.0
20,126,-12.043497085571289,11.119491577148438,38.0
20,127,-25.786487579345703,13.17931842803955,1511.0
20,128,-15.919041633605957,24.138505935668945,31.0
20,129,-8.719422340393066,2.6348459720611572,5.0
20,130,-36.22260284423828,55.965396881103516,488.0
20,131,-7.016317844390869,10.368501663208008,4.0
20,132,-17.72542953491211,84.04541778564453,26.0
20,133,-41.84587860107422,25.000947952270508,281.0
20,134,-22.698667526245117,93.66582489013672,761.0
20,135,-16.032672882080078,3.804011106491089,5.0
20,136,-28.000913619995117,22.448251724243164,59.0
20,137,-24.109573364257812,20.362533569335938,29.0
20,138,-29.750839233398438,70.11380004882812,414.0
20,139,-22.88300323486328,305.1339416503906,1139.0
20,140,-67.4901123046875,3.964379072189331,16.0
20,141,-15.311531066894531,164.65357971191406,85.0
20,142,-16.14128875732422,25.23565101623535,79.0
20,143,-7.303044319152832,11.408379554748535,14.0
20,144,-26.989110946655273,4.13910436630249,41.0
20,145,-4.655170440673828,4.719597339630127,6.0
20,146,-5.880049705505371,18.916316986083984,7.0
20,147,-6.66180419921875,9.212869644165039,18.0
20,148,-23.49614143371582,109.86235809326172,13322.0
20,149,-9.91510009765625,27.249452590942383,7.0
20,150,-25.917606353759766,10.550213813781738,3651.0
20,151,-31.850587844848633,24.168710708618164,296.0
20,152,-13.40374755859375,87.17486572265625,58.0
20,153,-23.733890533447266,13.972611427307129,103.0
20,154,-48.450782775878906,14.756892204284668,1593.0
20,155,-18.085294723510742,13.244914054870605,976.0
20,156,-64.34620666503906,4.050460338592529,236.0
20,157,-62.466583251953125,4.961495876312256,101.0
20,158,-17.657299041748047,18.9704647064209,514.0
20,159,-27.59020233154297,21.446853637695312,808.0
20,160,-14.939560890197754,41.883426666259766,923.0
20,161,-12.27026653289795,11.635415077209473,321.0
20,162,-29.324790954589844,11.515944480895996,42.0
20,163,-7.597585201263428,6.681859493255615,4.0
20,164,-11.397226333618164,17.275798797607422,7.0
20,165,-15.287435531616211,163.33639526367188,1551.0
20,166,-6.73605489730835,9.443735122680664,32.0
20,167,-11.194377899169922,4.9490556716918945,7.0
20,168,-51.99222946166992,6.006459712982178,94.0
20,169,-28.3026180267334,34.392112731933594,171.0
20,170,-17.399904251098633,18.173856735229492,16.0
20,171,-15.480008125305176,22.109373092651367,103.0
20,172,-9.07247257232666,93.33883666992188,174.0
20,173,-2.880383253097534,4.2215046882629395,2.0
20,174,-13.676233291625977,30.54064178466797,97.0
20,175,-18.292194366455078,38.800724029541016,89.0
20,176,-26.976274490356445,849.0079956054688,4247.0
20,177,-31.76103401184082,34.08999252319336,1062.0
20,178,-17.11370849609375,72.12690734863281,15.0
20,179,-11.478311538696289,45.883426666259766,737.0
20,180,-28.335426330566406,1192.558837890625,8370.0
20,181,-13.794534683227539,31.457382202148438,491.0
20,182,-29.054903030395508,126.78388977050781,1446.0
20,183,-47.27094268798828,112.9668197631836,828.0
20,184,-6.171633720397949,21.88533592224121,11.0
20,185,-6.3858513832092285,2.489954710006714,6.0
20,186,-7.24721622467041,6.121481418609619,5.0
20,187,-7.249059677124023,11.204922676086426,4.0
20,188,-16.889352798461914,16.691373825073242,24.0
20,189,-51.58759689331055,6.757491111755371,146.0
20,190,-25.202041625976562,66.70903015136719,5818.0
20,191,-14.641278266906738,131.68675231933594,167.0
20,192,-18.210433959960938,9.740614891052246,871.0
20,193,-28.3491268157959,57.390296936035156,1986.0
20,194,-21.180362701416016,199.355712890625,148.0
20,195,-41.80719757080078,32.587642669677734,99.0
20,196,-13.457512855529785,88.7512435913086,58.0
20,197,-13.375823020935059,14.514740943908691,2459.0
20,198,-22.68362808227539,43.84253692626953,1230.0
20,199,-45.664527893066406,159.78614807128906,9309.0
20,200,-14.88550853729248,11.952234268188477,122.0
20,201,-24.96309471130371,22.655141830444336,457.0
20,202,-10.853731155395508,15.080957412719727,29.0
20,203,-16.72848892211914,5.3273234367370605,18.0
20,204,-20.991872787475586,66.57804107666016,382.0
20,205,-13.546219825744629,9.561104774475098,686.0
20,206,-13.285082817077637,83.79396057128906,113.0
20,207,-13.834121704101562,10.03106689453125,251.0
20,208,-14.750064849853516,136.54966735839844,2305.0
20,209,-13.341191291809082,14.41455078125,93.0
20,210,-15.285411834716797,163.22622680664062,556.0
20,211,-14.607601165771484,38.547847747802734,98.0
20,212,-22.81591033935547,26.034326553344727,217.0
20,213,-21.1090087890625,195.83103942871094,462.0
20,214,-14.796951293945312,40.41648864746094,98.0
20,215,-30.10393524169922,43.077117919921875,221.0
20,216,-22.111568450927734,1588.4642333984375,4128.0
20,217,-24.26352310180664,128.08633422851562,614.0
20,218,-20.564096450805664,170.89068603515625,214.0
20,219,-26.586090087890625,7058.7978515625,2363.0
20,220,-16.430273056030273,5.170799732208252,65.0
20,221,-9.860851287841797,26.761127471923828,311.0
20,222,-22.31688117980957,264.864990234375,1745.0
20,223,-15.379146575927734,2185.44189453125,2148.0
20,224,-21.429798126220703,212.18310546875,4606.0
20,225,-10.197344779968262,29.93758773803711,24.0
20,226,-29.513994216918945,19.132707595825195,346.0
20,227,-25.183053970336914,16.413713455200195,45.0
20,228,-25.89492416381836,5606.2724609375,1836.0
20,229,-9.51358699798584,3.892625570297241,17.0
20,230,-28.064472198486328,10.367812156677246,288.0
20,231,-8.751655578613281,8.916592597961426,11.0
20,232,-10.585243225097656,14.10191822052002,51.0
20,233,-25.815767288208008,10.452987670898438,161.0
20,234,-12.36449146270752,61.65147399902344,73.0
20,235,-16.3975830078125,15.377884864807129,67.0
20,236,-21.935993194580078,38.70616912841797,21.0
20,237,-7.12582540512085,10.753972053527832,31.0
20,238,-14.230884552001953,1230.827880859375,179.0
20,239,-10.35116195678711,13.300352096557617,3.0
20,240,-21.30197525024414,205.50982666015625,3570.0
20,241,-21.915565490722656,11.416537284851074,50.0
20,242,-8.436651229858398,16.64678382873535,125.0
20,243,-14.86611557006836,41.12140655517578,451.0
20,244,-4.049349308013916,3.85658860206604,6.0
20,245,-9.34872817993164,10.35202407836914,5.0
20,246,-25.112857818603516,151.80116271972656,282.0
20,247,-28.01958465576172,1102.015625,3935.0
20,248,-37.993316650390625,44.67131805419922,5311.0
20,249,-29.683610916137695,40.87225341796875,245.0
20,250,-18.652240753173828,105.95984649658203,69.0
20,251,-8.220257759094238,5.176098346710205,24.0
20,252,-13.28599739074707,9.155299186706543,50.0
20,253,-8.034297943115234,4.987124919891357,4.0
20,254,-5.89133882522583,7.1262102127075195,14.0
20,255,-25.792224884033203,25.129138946533203,94.0
20,256,-30.662456512451172,165.73817443847656,15224.0
20,257,-22.46729850769043,89.43031311035156,1857.0
20,258,-11.116155624389648,40.665706634521484,26.0
20,259,-34.04338836669922,43.9300537109375,493.0
20,260,-27.229137420654297,8746.236328125,12967.0
20,261,-11.43669605255127,45.25132751464844,41.0
20,262,-9.632001876831055,24.795629501342773,213.0
20,263,-33.882652282714844,283.47064208984375,17233.0
20,264,-41.64710235595703,32.155765533447266,79.0
20,265,-17.486228942871094,18.437219619750977,29.0
20,266,-5.178596019744873,2.817131519317627,2.0
20,267,-7.743255138397217,13.211463928222656,24.0
20,268,-29.140247344970703,128.60015869140625,1692.0
20,269,-12.928292274475098,74.39810943603516,42.0
20,270,-21.66461944580078,36.994529724121094,903.0
20,271,-10.687158584594727,4.603132247924805,6.0
20,272,-12.943916320800781,8.647924423217773,30.0
20,273,-31.422569274902344,23.156070709228516,130.0
20,274,-5.634068965911865,6.540561676025391,15.0
20,275,-3.9815568923950195,2.705777168273926,2.0
20,276,-11.795635223388672,19.08511734008789,18.0
20,277,-21.453109741210938,14.609013557434082,105.0
20,278,-12.053093910217285,20.353918075561523,18.0
20,279,-30.35153579711914,44.43120193481445,1363.0
20,280,-14.19336986541748,1207.9559326171875,1386.0
20,281,-41.02452850341797,18.733686447143555,381.0
20,282,-6.1798858642578125,7.845672130584717,19.0
20,283,-9.494961738586426,23.68844223022461,12.0
20,284,-27.00587272644043,29.245744705200195,57.0
20,285,-18.765663146972656,6.531040191650391,493.0
20,286,-35.98158264160156,36.5308952331543,20865.0
20,287,-27.50311851501465,31.121217727661133,1889.0
20,288,-2.9706406593322754,19.504409790039062,3.0
20,289,-9.118131637573242,20.892227172851562,106.0
20,290,-32.616432189941406,37.489017486572266,175.0
20,291,-18.00873565673828,90.21393585205078,140.0
20,292,-27.771503448486328,1035.74462890625,461.0
20,293,-8.05497932434082,56.11985397338867,236.0
20,294,-3.7857320308685303,3.5321638584136963,3.0
20,295,-17.305952072143555,11.849419593811035,257.0
20,296,-11.434240341186523,45.21430206298828,53.0
20,297,-26.43459129333496,197.7331085205078,2966.0
20,298,-4.045318126678467,3.851409912109375,5.0
20,299,-9.6459379196167,24.911081314086914,17.0
20,300,-14.057173728942871,16.633766174316406,38.0
20,301,-14.208487510681152,34.887264251708984,91.0
20,302,-9.20530891418457,9.987428665161133,151.0
20,303,-9.029397010803223,20.283323287963867,35.0
20,304,-10.355487823486328,31.55806541442871,133.0
20,305,-30.742733001708984,16.359254837036133,162.0
20,306,-19.869388580322266,143.6453094482422,1056.0
20,307,-19.40228843688965,25.373741149902344,15308.0
20,308,-22.220983505249023,23.913097381591797,16404.0
20,309,-28.29526138305664,13.09586238861084,159.0
20,310,-15.148794174194336,12.488386154174805,69.0
20,311,-16.87131118774414,16.641260147094727,49.0
20,312,-25.168161392211914,8.14453125,25.0
20,313,-15.819417953491211,7.224133014678955,55.0
20,314,-25.8753662109375,10.509778022766113,92.0
20,315,-16.793323516845703,28.750776290893555,97.0
22,0,-19.327369689941406,125.4418716430664,445.0
22,1,-18.65584945678711,6.459713459014893,1204.0
22,2,-9.838750839233398,136.9170684814453,28.0
22,3,-15.258718490600586,161.7803192138672,134.0
22,4,-21.521881103515625,10.927911758422852,24.0
22,5,-9.271499633789062,10.154072761535645,12.0
22,6,-26.590126037597656,84.07319641113281,355.0
22,7,-14.847674369812012,40.9322624206543,263.0
22,8,-9.602327346801758,24.551570892333984,86.0
22,9,-17.38778305053711,77.24217987060547,536.0
22,10,-18.11419677734375,37.4437370300293,1101.0
22,11,-9.074028968811035,20.587339401245117,69.0
22,12,-4.975709915161133,5.251794815063477,3.0
22,13,-31.65186882019043,91.99144744873047,9051.0
22,14,-23.369441986083984,28.176593780517578,460.0
22,15,-8.76928424835205,8.955975532531738,50.0
22,16,-11.71672248840332,49.678592681884766,48.0
22,17,-9.179519653320312,9.92324447631836,29.0
22,18,-3.680213451385498,6.297210216522217,2.0
22,19,-21.526214599609375,14.743124961853027,150.0
22,20,-34.352081298828125,22.712522506713867,336.0
22,21,-77.2654800415039,39.61899185180664,2015.0
22,22,-7.844487190246582,4.801352024078369,18.0
22,23,-17.17228889465332,8.55517292022705,20.0
22,24,-11.75610637664795,10.498383522033691,14.0
22,25,-17.434043884277344,18.277557373046875,232.0
22,26,-14.522987365722656,126.5953598022461,78.0
22,27,-28.83554458618164,17.877704620361328,53.0
22,28,-12.220603942871094,11.520417213439941,15.0
22,29,-15.040754318237305,20.249919891357422,152.0
22,30,-7.222555160522461,6.083856582641602,4.0
22,31,-20.094539642333984,810.9283447265625,2755.0
22,32,-14.99120807647705,42.4277229309082,34.0
22,33,-15.500947952270508,48.19411849975586,575.0
22,34,-8.001477241516113,7.391785621643066,7.0
22,35,-16.121540069580078,10.004922866821289,32.0
22,36,-22.182510375976562,6.350557804107666,98.0
22,37,-22.958589553833008,17.633909225463867,410.0
22,38,-18.949832916259766,114.14371490478516,68.0
22,39,-34.36798095703125,73.40541076660156,54.0
22,40,-30.453533172607422,160.06639099121094,490.0
22,41,-20.493511199951172,60.26204299926758,540.0
22,42,-16.91129493713379,11.199837684631348,5083.0
22,43,-4.192117691040039,2.8520255088806152,2.0
22,44,-9.79572868347168,7.093265056610107,18.0
22,45,-19.418163299560547,48.600440979003906,1040.0
22,46,-27.02898597717285,47.52632522583008,41.0
22,47,-9.354537963867188,10.367070198059082,21.0
22,48,-30.330188751220703,76.16365051269531,85.0
22,49,-31.08185386657715,84.7973861694336,9508.0
22,50,-6.3158650398254395,4.849939823150635,18.0
22,51,-19.461105346679688,129.70677185058594,610.0
22,52,-10.761232376098633,14.736215591430664,17.0
22,53,-48.79481887817383,32.63365936279297,518.0
22,54,-18.959617614746094,44.341609954833984,932.0
22,55,-5.431737422943115,228.54598999023438,40.0
22,56,-28.606595993041992,13.471813201904297,1358.0
22,57,-8.680241584777832,18.054840087890625,7.0
22,58,-16.21758270263672,57.65031433105469,846.0
22,59,-17.394317626953125,18.156938552856445,68.0
22,60,-11.403650283813477,17.303565979003906,1117.0
22,61,-18.912559509277344,43.92624282836914,95.0
22,62,-22.715591430664062,93.98342895507812,1454.0
22,63,-13.574403762817383,15.102808952331543,487.0
22,64,-2.1469271183013916,2.92549467086792,2.0
22,65,-4.5001068115234375,9.488243103027344,5.0
22,66,-30.512081146240234,16.019804000854492,2798.0
22,67,-5.926672458648682,19.36246109008789,15.0
22,68,-13.972285270690918,10.26473331451416,232.0
22,69,-21.2846622467041,1205.7864990234375,504.0
22,70,-21.257972717285156,20.839563369750977,481.0
22,71,-29.22848892211914,18.59418487548828,1065.0
22,72,-14.051986694335938,1125.511962890625,510.0
22,73,-35.902557373046875,19.923097610473633,549.0
22,74,-13.230386734008789,14.098626136779785,1325.0
22,75,-19.701557159423828,51.43461608886719,383.0
22,76,-4.7523345947265625,3.280787944793701,2.0
22,77,-26.604042053222656,44.72700119018555,45.0
22,78,-5.184474945068359,13.35962963104248,7.0
22,79,-20.513668060302734,9.769804000854492,168.0
22,80,-12.81340217590332,71.602783203125,57.0
22,81,-24.104663848876953,14.560262680053711,19.0
22,82,-42.649818420410156,26.595853805541992,24.0
22,83,-14.462217330932617,18.037328720092773,1081.0
22,84,-26.5893497467041,7.73174524307251,13.0
22,85,-37.93436050415039,18.50475311279297,73.0
22,86,-25.5535888671875,17.103578567504883,3863.0
22,87,-28.046607971191406,1.733137845993042,15.0
22,88,-3.94801926612854,3.728501558303833,2.0
22,89,-5.108543872833252,12.861932754516602,15.0
22,90,-16.002792358398438,207.32017517089844,492.0
22,91,-13.550381660461426,9.56773853302002,100.0
22,92,-41.40180969238281,9.97518539428711,28.0
22,93,-9.969237327575684,12.08916187286377,6.0
22,94,-17.332761764526367,32.0261344909668,88.0
22,95,-15.540960311889648,13.33190631866455,32.0
22,96,-5.927178382873535,7.211854457855225,5.0
22,97,-14.035844802856445,33.41353988647461,37.0
22,98,-9.338949203491211,6.473972320556641,31.0
22,99,-17.65100860595703,12.448158264160156,98.0
22,100,-23.350452423095703,6.0266337394714355,11.0
22,101,-38.66793441772461,15.831399917602539,125.0
22,102,-30.733089447021484,30.410493850708008,166.0
22,103,-17.424598693847656,77.9563980102539,1305.0
22,104,-47.01974868774414,110.16452026367188,1330.0
22,105,-1.7194068431854248,2.362459897994995,2.0
22,106,-85.83955383300781,5.765129566192627,1790.0
22,107,-8.14237117767334,15.091381072998047,138.0
22,108,-10.537099838256836,33.52751922607422,21.0
22,109,-21.76874542236328,77.76950073242188,280.0
22,110,-19.276477813720703,123.85598754882812,143.0
22,111,-20.214645385742188,29.05258560180664,621.0
22,112,-15.37539291381836,12.969048500061035,34.0
22,113,-7.010971546173096,5.770408630371094,18.0
22,114,-63.534950256347656,6.142822265625,149.0
22,115,-19.97000503540039,12.136902809143066,649.0
22,116,-33.30474090576172,20.649763107299805,960.0
22,117,-10.598867416381836,8.32925033569336,9.0
22,118,-9.521844863891602,23.901670455932617,124.0
22,119,-16.101083755493164,25.033544540405273,70.0
22,120,-16.267261505126953,10.215380668640137,17.0
22,121,-15.86482048034668,23.878156661987305,31.0
22,122,-32.62745666503906,4.406435966491699,538.0
22,123,-21.923385620117188,22.917762756347656,14800.0
22,124,-12.2282075881958,21.264774322509766,47.0
22,125,-12.699955940246582,23.926555633544922,58.0
22,126,-12.051802635192871,11.137975692749023,37.0
22,127,-25.580320358276367,12.910385131835938,1488.0
22,128,-15.787361145019531,23.511089324951172,27.0
22,129,-8.693376541137695,2.6272315979003906,4.0
22,130,-35.94660568237305,54.27518844604492,465.0
22,131,-7.067178249359131,10.545782089233398,4.0
22,132,-17.664464950561523,82.7741928100586,25.0
22,133,-41.76616287231445,24.84811019897461,290.0
22,134,-22.746471405029297,94.56565856933594,763.0
22,135,-15.914278030395508,3.766664505004883,5.0
22,136,-27.890365600585938,22.1742000579834,53.0
22,137,-23.882831573486328,19.793508529663086,26.0
22,138,-29.762012481689453,70.22582244873047,392.0
22,139,-22.73729705810547,294.218994140625,1099.0
22,140,-66.88505554199219,3.915727376937866,18.0
22,141,-15.310138702392578,164.5771942138672,85.0
22,142,-16.156015396118164,25.310089111328125,74.0
22,143,-7.290860652923584,11.362140655517578,14.0
22,144,-26.69109344482422,4.07468843460083,39.0
22,145,-4.696168422698975,4.784538269042969,6.0
22,146,-5.866877555847168,18.79214096069336,7.0
22,147,-6.681727409362793,9.274256706237793,17.0
22,148,-23.562129974365234,111.3219223022461,14057.0
22,149,-9.919585227966309,27.29021644592285,7.0
22,150,-25.595874786376953,10.246105194091797,3652.0
22,151,-31.787681579589844,24.01715087890625,286.0
22,152,-13.372451782226562,86.2701644897461,56.0
22,153,-23.710147857666016,13.935798645019531,105.0
22,154,-48.10435104370117,14.475591659545898,1550.0
22,155,-18.20360565185547,13.470675468444824,984.0
22,156,-63.87177276611328,4.008899688720703,247.0
22,157,-62.111087799072266,4.916476249694824,101.0
22,158,-17.76569366455078,19.31629180908203,524.0
22,159,-27.397573471069336,20.99270248413086,770.0
22,160,-14.845726013183594,40.91233444213867,921.0
22,161,-12.217330932617188,11.51287841796875,315.0
22,162,-29.186439514160156,11.383936882019043,42.0
22,163,-7.571624755859375,6.638633728027344,4.0
22,164,-11.461137771606445,17.554044723510742,7.0
22,165,-15.209895133972168,159.16873168945312,1489.0
22,166,-6.718714714050293,9.389307975769043,32.0
22,167,-11.206183433532715,4.957409858703613,7.0
22,168,-51.59385681152344,5.924513339996338,92.0
22,169,-28.05412483215332,33.34025573730469,158.0
22,170,-17.261857986450195,17.760488510131836,16.0
22,171,-15.525779724121094,22.312698364257812,99.0
22,172,-8.952896118164062,87.92182922363281,168.0
22,173,-2.8472352027893066,4.152113914489746,2.0
22,174,-13.678129196166992,30.55512046813965,99.0
22,175,-18.26919937133789,38.622684478759766,87.0
22,176,-26.793916702270508,811.1712646484375,4178.0
22,177,-31.64887237548828,33.66778564453125,1049.0
22,178,-17.022968292236328,70.50912475585938,15.0
22,179,-11.458890914916992,45.58735656738281,735.0
22,180,-28.263023376464844,1171.1668701171875,7986.0
22,181,-13.728961944580078,30.945898056030273,476.0
22,182,-28.90787124633789,123.71473693847656,1394.0
22,183,-47.55094528198242,116.17463684082031,857.0
22,184,-6.172307968139648,21.892715454101562,11.0
22,185,-6.327847003936768,2.469407320022583,6.0
22,186,-7.261026859283447,6.142653465270996,5.0
22,187,-7.1587018966674805,10.872471809387207,4.0
22,188,-16.91115951538086,16.752147674560547,26.0
22,189,-51.137176513671875,6.645696640014648,138.0
22,190,-25.247194290161133,67.21293640136719,5898.0
22,191,-14.581681251525879,129.09652709960938,167.0
22,192,-18.122514724731445,9.63415241241455,816.0
22,193,-28.384296417236328,57.67937469482422,2024.0
22,194,-21.173259735107422,199.0020294189453,150.0
22,195,-41.491798400878906,31.742292404174805,93.0
22,196,-13.383853912353516,86.59868621826172,60.0
22,197,-13.333440780639648,14.392226219177246,2418.0
22,198,-22.740924835205078,44.26322555541992,1220.0
22,199,-45.49215316772461,156.7549285888672,9494.0
22,200,-14.775721549987793,11.735522270202637,121.0
22,201,-24.759441375732422,22.085695266723633,443.0
22,202,-10.83488655090332,15.010074615478516,28.0
22,203,-16.68002700805664,5.301568031311035,20.0
22,204,-20.881349563598633,65.12249755859375,353.0
22,205,-13.540116310119629,9.551383018493652,709.0
22,206,-13.3458251953125,85.50786590576172,114.0
22,207,-13.795682907104492,9.967007637023926,250.0
22,208,-14.799732208251953,138.8291778564453,2277.0
22,209,-13.004850387573242,13.476804733276367,92.0
22,210,-15.2490234375,161.25836181640625,542.0
22,211,-14.628432273864746,38.74911880493164,101.0
22,212,-22.810134887695312,26.01285171508789,225.0
22,213,-21.086082458496094,194.71182250976562,473.0
22,214,-14.674039840698242,39.19346237182617,99.0
22,215,-30.002513885498047,42.53444290161133,203.0
22,216,-21.91420555114746,1487.3260498046875,3985.0
22,217,-24.16352081298828,125.54999542236328,625.0
22,218,-20.634822845458984,173.93917846679688,216.0
22,219,-26.521766662597656,6909.05810546875,2478.0
22,220,-16.529525756835938,5.222376346588135,66.0
22,221,-9.841919898986816,26.592782974243164,316.0
22,222,-22.229896545410156,259.1673889160156,1799.0
22,223,-15.371683120727539,2177.3017578125,2122.0
22,224,-21.386859893798828,209.91758728027344,4648.0
22,225,-10.153353691101074,29.501794815063477,24.0
22,226,-29.633731842041016,19.363176345825195,382.0
22,227,-25.09469985961914,16.253366470336914,45.0
22,228,-25.688859939575195,5234.115234375,1706.0
22,229,-9.505120277404785,3.8879199028015137,19.0
22,230,-27.9769229888916,10.292445182800293,263.0
22,231,-8.738883018493652,8.888166427612305,11.0
22,232,-10.570945739746094,14.051602363586426,51.0
22,233,-25.770055770874023,10.40964126586914,164.0
22,234,-12.388935089111328,62.155845642089844,74.0
22,235,-16.282669067382812,15.08616828918457,60.0
22,236,-22.15277862548828,40.130226135253906,21.0
22,237,-7.08549690246582,10.61037540435791,30.0
22,238,-14.242259979248047,1237.848388671875,181.0
22,239,-10.403064727783203,13.474058151245117,3.0
22,240,-21.279075622558594,204.33665466308594,3551.0
22,241,-21.860403060913086,11.346776008605957,52.0
22,242,-8.51910400390625,17.110654830932617,130.0
22,243,-14.783940315246582,40.28523635864258,446.0
22,244,-3.9986586570739746,3.7919719219207764,5.0
22,245,-9.284744262695312,10.187750816345215,4.0
22,246,-25.11178970336914,151.7687530517578,270.0
22,247,-27.97134780883789,1088.8060302734375,3831.0
22,248,-38.04278564453125,44.892852783203125,5155.0
22,249,-29.37957000732422,39.34804153442383,246.0
22,250,-18.764541625976562,108.97684478759766,68.0
22,251,-8.27438735961914,5.232438564300537,23.0
22,252,-13.246854782104492,9.0957670211792,50.0
22,253,-7.9741082191467285,4.927450656890869,4.0
22,254,-5.921882629394531,7.199134826660156,14.0
22,255,-25.76728630065918,25.05092430114746,93.0
22,256,-30.47688865661621,160.69073486328125,15484.0
22,257,-22.317367553710938,86.7884292602539,1841.0
22,258,-10.98604965209961,38.93979263305664,26.0
22,259,-33.97945022583008,43.619075775146484,487.0
22,260,-27.174890518188477,8589.51171875,12746.0
22,261,-11.351221084594727,43.98023223876953,40.0
22,262,-9.728611946105957,25.60712432861328,218.0
22,263,-33.66411590576172,273.3316345214844,16805.0
22,264,-41.3107795715332,31.267053604125977,76.0
22,265,-17.412567138671875,18.21225357055664,28.0
22,266,-5.284633636474609,2.877514123916626,2.0
22,267,-7.682034969329834,12.944594383239746,22.0
22,268,-29.059326171875,126.87739562988281,1640.0
22,269,-13.015647888183594,76.59632873535156,41.0
22,270,-21.476215362548828,35.850921630859375,838.0
22,271,-10.705974578857422,4.615521430969238,6.0
22,272,-12.873940467834473,8.547653198242188,32.0
22,273,-31.37451934814453,23.045072555541992,132.0
22,274,-5.632666110992432,6.537503242492676,15.0
22,275,-3.985654354095459,2.708550214767456,2.0
22,276,-11.622157096862793,18.275096893310547,16.0
22,277,-21.30811309814453,14.346616744995117,104.0
22,278,-12.040107727050781,20.287946701049805,17.0
22,279,-30.090679168701172,43.00579833984375,1365.0
22,280,-14.1923828125,1207.3599853515625,1381.0
22,281,-41.08876037597656,18.81983757019043,382.0
22,282,-6.143239974975586,7.750417232513428,19.0
22,283,-9.420883178710938,23.110668182373047,11.0
22,284,-26.784887313842773,28.44894027709961,53.0
22,285,-18.607994079589844,6.428874492645264,475.0
22,286,-35.982295989990234,36.53350067138672,20951.0
22,287,-27.549381256103516,31.301708221435547,2012.0
22,288,-2.9485490322113037,19.078250885009766,3.0
22,289,-9.125061988830566,20.9405460357666,103.0
22,290,-32.59056854248047,37.381439208984375,167.0
22,291,-17.947040557861328,88.83316802978516,151.0
22,292,-27.691410064697266,1015.2117309570312,450.0
22,293,-8.061564445495605,56.304935455322266,239.0
22,294,-3.8402740955352783,3.596968412399292,3.0
22,295,-17.13778305053711,11.568140983581543,256.0
22,296,-11.277875900268555,42.918025970458984,50.0
22,297,-26.37479019165039,195.38229370117188,2801.0
22,298,-3.975766181945801,3.76314640045166,5.0
22,299,-9.351865768432617,22.585058212280273,16.0
22,300,-13.851724624633789,15.964139938354492,38.0
22,301,-14.029942512512207,33.36427307128906,85.0
22,302,-9.006881713867188,9.504073143005371,152.0
22,303,-9.028411865234375,20.27666473388672,35.0
22,304,-10.303977966308594,31.020841598510742,127.0
22,305,-30.601449966430664,16.150484085083008,162.0
22,306,-19.749893188476562,139.4175262451172,1024.0
22,307,-19.27088165283203,24.82406997680664,15392.0
22,308,-22.27939796447754,24.113483428955078,17013.0
22,309,-28.29587173461914,13.096590995788574,170.0
22,310,-15.280097007751465,12.764691352844238,72.0
22,311,-16.943004608154297,16.841299057006836,49.0
22,312,-24.94784164428711,7.996364116668701,24.0
22,313,-15.788313865661621,7.19610071182251,56.0
22,314,-25.696025848388672,10.33981990814209,88.0
22,315,-16.816997528076172,28.88722801208496,97.0
24,0,-19.380027770996094,127.10416412353516,458.0
24,1,-18.648950576782227,6.455258846282959,1222.0
24,2,-9.782512664794922,133.12071228027344,27.0
24,3,-15.168179512023926,156.97080993652344,132.0
24,4,-21.008634567260742,10.32215690612793,21.0
24,5,-9.166105270385742,9.890022277832031,11.0
24,6,-26.44187355041504,82.02130889892578,345.0
24,7,-14.879585266113281,41.26011657714844,255.0
24,8,-9.43628978729248,23.229660034179688,80.0
24,9,-17.29540252685547,75.47870635986328,533.0
24,10,-17.96347999572754,36.33189392089844,1074.0
24,11,-9.053506851196289,20.446989059448242,72.0
24,12,-4.963099002838135,5.22976541519165,3.0
24,13,-31.64688491821289,91.92598724365234,8888.0
24,14,-23.225261688232422,27.6021728515625,459.0
24,15,-8.739053726196289,8.888545036315918,50.0
24,16,-11.705771446228027,49.49758529663086,48.0
24,17,-9.227753639221191,10.043628692626953,29.0
24,18,-3.6759345531463623,6.283751964569092,2.0
24,19,-21.442188262939453,14.589083671569824,145.0
24,20,-34.08088684082031,22.15941619873047,335.0
24,21,-77.21025085449219,39.51493453979492,2032.0
24,22,-7.973859786987305,4.9272050857543945,22.0
24,23,-17.22724151611328,8.614141464233398,21.0
24,24,-11.700088500976562,10.38142204284668,15.0
24,25,-17.414003372192383,18.21661376953125,229.0
24,26,-14.467607498168945,124.27986145019531,76.0
24,27,-28.810205459594727,17.832462310791016,55.0
24,28,-12.00239372253418,11.02845573425293,13.0
24,29,-15.037175178527832,20.235431671142578,152.0
24,30,-7.209105491638184,6.063434600830078,4.0
24,31,-20.26980972290039,859.7169799804688,2814.0
24,32,-14.904547691345215,41.518409729003906,35.0
24,33,-15.40755844116211,47.081947326660156,571.0
24,34,-8.141408920288086,7.6549482345581055,7.0
24,35,-16.020723342895508,9.861860275268555,32.0
24,36,-22.20295524597168,6.361386299133301,94.0
24,37,-22.896699905395508,17.498016357421875,412.0
24,38,-19.040435791015625,116.75865173339844,68.0
24,39,-34.38580322265625,73.56912994384766,56.0
24,40,-30.376779556274414,158.03184509277344,492.0
24,41,-20.517642974853516,60.55357360839844,536.0
24,42,-16.809036254882812,11.037415504455566,4985.0
24,43,-4.192878246307373,2.8525679111480713,2.0
24,44,-9.708475112915039,6.970556259155273,19.0
24,45,-19.45115852355957,48.92221450805664,1065.0
24,46,-26.94921875,46.987815856933594,42.0
24,47,-9.31812858581543,10.273134231567383,21.0
24,48,-30.13941192626953,74.11591339111328,82.0
24,49,-31.044212341308594,84.3426284790039,9230.0
24,50,-6.206461429595947,4.71908712387085,18.0
24,51,-19.34360122680664,125.9519271850586,593.0
24,52,-10.787606239318848,14.833699226379395,16.0
24,53,-48.50359344482422,31.96183204650879,520.0
24,54,-18.934131622314453,44.11616897583008,902.0
24,55,-5.419857025146484,225.84683227539062,40.0
24,56,-28.581035614013672,13.440546035766602,1308.0
24,57,-8.580107688903809,17.462154388427734,7.0
24,58,-16.12043571472168,56.26704025268555,791.0
24,59,-17.507892608642578,18.5039119720459,68.0
24,60,-11.404873847961426,17.308860778808594,1094.0
24,61,-18.744298934936523,42.47262954711914,93.0
24,62,-22.749282836914062,94.61884307861328,1445.0
24,63,-13.581710815429688,15.124897003173828,501.0
24,64,-2.1450183391571045,2.922703742980957,2.0
24,65,-4.380237102508545,8.936271667480469,4.0
24,66,-30.32956314086914,15.756184577941895,2722.0
24,67,-6.01344633102417,20.22102928161621,16.0
24,68,-13.958959579467773,10.241963386535645,231.0
24,69,-21.442474365234375,1270.913818359375,524.0
24,70,-21.119686126708984,20.43191146850586,462.0
24,71,-29.185928344726562,18.515216827392578,1078.0
24,72,-14.19729232788086,1210.327392578125,510.0
24,73,-35.84888458251953,19.834186553955078,564.0
24,74,-13.009780883789062,13.490100860595703,1252.0
24,75,-19.704925537109375,51.46928405761719,390.0
24,76,-4.651938438415527,3.1994683742523193,2.0
24,77,-26.648014068603516,45.00885772705078,43.0
24,78,-5.153894901275635,13.156914710998535,7.0
24,79,-20.606346130371094,9.870927810668945,172.0
24,80,-12.798816680908203,71.25550842285156,56.0
24,81,-23.984115600585938,14.366538047790527,19.0
24,82,-42.43156433105469,26.15306854248047,24.0
24,83,-14.496832847595215,18.16263771057129,1085.0
24,84,-26.47892951965332,7.666350841522217,13.0
24,85,-37.92494583129883,18.49135971069336,73.0
24,86,-25.351720809936523,16.724218368530273,3951.0
24,87,-27.855224609375,1.7266461849212646,15.0
24,88,-3.9852285385131836,3.7750346660614014,2.0
24,89,-5.07711124420166,12.661370277404785,14.0
24,90,-15.976982116699219,205.54412841796875,491.0
24,91,-13.432987213134766,9.382359504699707,97.0
24,92,-40.968544006347656,9.737947463989258,25.0
24,93,-9.986577033996582,12.141681671142578,6.0
24,94,-17.185420989990234,31.096155166625977,86.0
24,95,-15.494303703308105,13.228635787963867,32.0
24,96,-5.881303310394287,7.102412223815918,5.0
24,97,-14.057600021362305,33.59576416015625,36.0
24,98,-9.390353202819824,6.540873050689697,34.0
24,99,-17.837432861328125,12.784131050109863,98.0
24,100,-23.291522979736328,5.999377250671387,11.0
24,101,-38.39625549316406,15.527144432067871,117.0
24,102,-30.60440444946289,29.978763580322266,166.0
24,103,-17.436307907104492,78.1849365234375,1311.0
24,104,-47.02477264404297,110.21990966796875,1315.0
24,105,-1.779371738433838,2.4343647956848145,2.0
24,106,-85.20032501220703,5.6904096603393555,1788.0
24,107,-8.081794738769531,14.789709091186523,128.0
24,108,-10.48801040649414,32.983367919921875,21.0
24,109,-21.884536743164062,79.59150695800781,289.0
24,110,-19.289798736572266,124.2691421508789,146.0
24,111,-20.056169509887695,28.29528045654297,623.0
24,112,-15.295208930969238,12.796881675720215,29.0
24,113,-6.89734411239624,5.608796119689941,16.0
24,114,-63.044586181640625,6.057359218597412,150.0
24,115,-19.87550163269043,11.99437427520752,641.0
24,116,-33.16835403442383,20.395307540893555,936.0
24,117,-10.546110153198242,8.241826057434082,9.0
24,118,-9.514330863952637,23.841880798339844,134.0
24,119,-16.10625648498535,25.05945587158203,69.0
24,120,-16.108625411987305,9.986478805541992,17.0
24,121,-15.955863952636719,24.316930770874023,31.0
24,122,-32.546363830566406,4.390223026275635,571.0
24,123,-21.92422103881836,22.920499801635742,14942.0
24,124,-12.238373756408691,21.31888771057129,47.0
24,125,-12.481910705566406,22.65719985961914,58.0
24,126,-11.970054626464844,10.957355499267578,36.0
24,127,-25.471811294555664,12.771053314208984,1493.0
24,128,-15.67932415008545,23.008525848388672,26.0
24,129,-8.710038185119629,2.6321001052856445,4.0
24,130,-35.72960662841797,52.98221969604492,441.0
24,131,-7.13918399810791,10.801965713500977,4.0
24,132,-17.58279037475586,81.10118865966797,24.0
24,133,-41.688297271728516,24.699724197387695,299.0
24,134,-22.653961181640625,92.83207702636719,774.0
24,135,-15.889798164367676,3.758988380432129,5.0
24,136,-27.671358108520508,21.641124725341797,48.0
24,137,-23.747867584228516,19.46238136291504,25.0
24,138,-29.519824981689453,67.83768463134766,369.0
24,139,-22.719268798828125,292.8958740234375,1106.0
24,140,-66.63282775878906,3.895622730255127,20.0
24,141,-15.471456527709961,173.66917419433594,89.0
24,142,-16.142189025878906,25.240198135375977,76.0
24,143,-7.307023525238037,11.423521041870117,14.0
24,144,-26.497861862182617,4.033459186553955,39.0
24,145,-4.626133441925049,4.674137115478516,6.0
24,146,-5.916871070861816,19.267805099487305,7.0
24,147,-6.702291965484619,9.338047981262207,18.0
24,148,-23.671104431152344,113.77479553222656,14186.0
24,149,-9.802926063537598,26.249370574951172,7.0
24,150,-25.253738403320312,9.932324409484863,3548.0
24,151,-31.83709716796875,24.136123657226562,279.0
24,152,-13.308816909790039,84.45950317382812,48.0
24,153,-23.642473220825195,13.831401824951172,102.0
24,154,-47.940895080566406,14.344735145568848,1520.0
24,155,-18.159543991088867,13.386150360107422,988.0
24,156,-63.73433303833008,3.9969394207000732,240.0
24,157,-62.000877380371094,4.902602195739746,112.0
24,158,-17.788021087646484,19.388307571411133,514.0
24,159,-27.283782958984375,20.728952407836914,768.0
24,160,-14.916996002197266,41.64781951904297,928.0
24,161,-12.20198917388916,11.477605819702148,325.0
24,162,-29.153539657592773,11.35276985168457,42.0
24,163,-7.480161666870117,6.488558769226074,4.0
24,164,-11.33822250366211,17.02283477783203,7.0
24,165,-15.177712440490723,157.4703826904297,1459.0
24,166,-6.71975040435791,9.392549514770508,32.0
24,167,-11.138956069946289,4.910026550292969,7.0
24,168,-51.358970642089844,5.876721382141113,90.0
24,169,-28.085853576660156,33.47275161743164,165.0
24,170,-17.298263549804688,17.868581771850586,16.0
24,171,-15.519645690917969,22.285337448120117,107.0
24,172,-8.886541366577148,85.05266571044922,166.0
24,173,-2.851222515106201,4.160400390625,2.0
24,174,-13.647449493408203,30.3216609954834,97.0
24,175,-18.26915740966797,38.62236022949219,84.0
24,176,-26.723464965820312,797.0092163085938,4147.0
24,177,-31.40055274963379,32.751548767089844,1031.0
24,178,-17.210399627685547,73.89165496826172,14.0
24,179,-11.416672706604004,44.95030212402344,720.0
24,180,-28.372468948364258,1203.6539306640625,7722.0
24,181,-13.578645706176758,29.804561614990234,450.0
24,182,-28.805505752563477,121.62196350097656,1365.0
24,183,-47.585723876953125,116.57939910888672,865.0
24,184,-6.135006427764893,21.48818588256836,11.0
24,185,-6.320178985595703,2.4667036533355713,6.0
24,186,-7.284959316253662,6.179515361785889,5.0
24,187,-7.173909664154053,10.927726745605469,4.0
24,188,-16.933284759521484,16.814037322998047,27.0
24,189,-50.866661071777344,6.579444885253906,138.0
24,190,-25.05911636352539,65.13874053955078,5757.0
24,191,-14.624571800231934,130.95547485351562,165.0
24,192,-18.140453338623047,9.655779838562012,808.0
24,193,-28.225101470947266,56.38241958618164,1943.0
24,194,-21.215702056884766,201.12478637695312,149.0
24,195,-41.259769439697266,31.134428024291992,92.0
24,196,-13.313532829284668,84.59239196777344,60.0
24,197,-13.284046173095703,14.250747680664062,2385.0
24,198,-22.79282569885254,44.64776611328125,1248.0
24,199,-44.86435317993164,146.19305419921875,9207.0
24,200,-14.755069732666016,11.695196151733398,123.0
24,201,-24.85173797607422,22.34197425842285,437.0
24,202,-10.886479377746582,15.204931259155273,29.0
24,203,-16.71151351928711,5.318287372589111,20.0
24,204,-20.882177352905273,65.13327026367188,343.0
24,205,-13.66516399383545,9.752535820007324,735.0
24,206,-13.217254638671875,81.92070007324219,107.0
24,207,-13.806328773498535,9.984707832336426,246.0
24,208,-14.665423393249512,132.7509002685547,2130.0
24,209,-12.786163330078125,12.900069236755371,92.0
24,210,-15.160443305969238,156.56654357910156,517.0
24,211,-14.605266571044922,38.52535629272461,101.0
24,212,-22.69615364074707,25.592714309692383,222.0
24,213,-20.976722717285156,189.4605255126953,452.0
24,214,-14.643153190612793,38.89198684692383,97.0
24,215,-29.76730728149414,41.30210494995117,220.0
24,216,-21.81134605407715,1437.1951904296875,3927.0
24,217,-24.21335792541504,126.80765533447266,602.0
24,218,-20.561664581298828,170.7868194580078,218.0
24,219,-26.518489837646484,6901.51806640625,2384.0
24,220,-16.424503326416016,5.167817115783691,65.0
24,221,-9.877296447753906,26.908227920532227,323.0
24,222,-22.08673858642578,250.05593872070312,1723.0
24,223,-15.385276794433594,2192.150634765625,2148.0
24,224,-21.44570541381836,213.02859497070312,4646.0
24,225,-10.050577163696289,28.508216857910156,24.0
24,226,-29.588396072387695,19.275590896606445,385.0
24,227,-25.048885345458984,16.170839309692383,43.0
24,228,-25.594053268432617,5071.29296875,1630.0
24,229,-9.462173461914062,3.8641395568847656,17.0
24,230,-27.98533058166504,10.299659729003906,258.0
24,231,-8.748047828674316,8.908554077148438,11.0
24,232,-10.675570487976074,14.423988342285156,51.0
24,233,-25.792949676513672,10.431327819824219,167.0
24,234,-12.349145889282227,61.33692932128906,75.0
24,235,-16.325298309326172,15.193734169006348,61.0
24,236,-22.05841827392578,39.50404357910156,22.0
24,237,-7.033613681793213,10.42845344543457,30.0
24,238,-14.195110321044922,1209.007568359375,178.0
24,239,-10.457183837890625,13.657597541809082,3.0
24,240,-21.27057647705078,203.90293884277344,3538.0
24,241,-21.684118270874023,11.126688957214355,52.0
24,242,-8.488133430480957,16.93492317199707,128.0
24,243,-14.853919982910156,40.9962272644043,442.0
24,244,-3.934359073638916,3.7115626335144043,5.0
24,245,-9.28262710571289,10.18235969543457,4.0
24,246,-24.841415405273438,143.7798309326172,265.0
24,247,-27.96253776550293,1086.4105224609375,3785.0
24,248,-37.83056640625,43.95018005371094,4839.0
24,249,-29.161636352539062,38.29060363769531,248.0
24,250,-18.674476623535156,106.5505142211914,69.0
24,251,-8.212051391601562,5.167609691619873,25.0
24,252,-13.248109817504883,9.09766960144043,51.0
24,253,-8.04427719116211,4.99708890914917,5.0
24,254,-6.023462772369385,7.447071552276611,14.0
24,255,-25.73340606689453,24.945058822631836,94.0
24,256,-30.12518882751465,151.54232788085938,15056.0
24,257,-22.165756225585938,84.19632720947266,1705.0
24,258,-11.01909065246582,39.37102127075195,25.0
24,259,-33.69747543334961,42.273651123046875,488.0
24,260,-27.241674423217773,8782.8642578125,13132.0
24,261,-11.365705490112305,44.193092346191406,40.0
24,262,-9.71982479095459,25.532230377197266,222.0
24,263,-33.514930725097656,266.6192626953125,16636.0
24,264,-41.181495666503906,30.9320011138916,75.0
24,265,-17.21356964111328,17.61812400817871,22.0
24,266,-5.19011116027832,2.823627233505249,2.0
24,267,-7.606058120727539,12.620881080627441,21.0
24,268,-28.9285831451416,124.142578125,1630.0
24,269,-13.043279647827148,77.30508422851562,41.0
24,270,-21.19721221923828,34.22199630737305,734.0
24,271,-10.658438682556152,4.584284782409668,6.0
24,272,-12.872110366821289,8.545044898986816,32.0
24,273,-31.37354278564453,23.04282569885254,129.0
24,274,-5.63511323928833,6.5428385734558105,15.0
24,275,-4.0014142990112305,2.719243049621582,2.0
24,276,-11.627632141113281,18.300127029418945,17.0
24,277,-21.36397933959961,14.44715404510498,104.0
24,278,-12.05145263671875,20.345569610595703,17.0
24,279,-29.89764976501465,41.98054122924805,1321.0
24,280,-14.061779022216797,1131.0362548828125,1284.0
24,281,-40.944602966308594,18.627044677734375,400.0
24,282,-6.179000377655029,7.843356609344482,19.0
24,283,-9.48631477355957,23.62026023864746,12.0
24,284,-26.705974578857422,28.169696807861328,53.0
24,285,-18.827220916748047,6.571369171142578,525.0
24,286,-35.796661376953125,35.86156463623047,20500.0
24,287,-27.495223999023438,31.09052085876465,2057.0
24,288,-2.9104621410369873,18.365283966064453,3.0
24,289,-9.123968124389648,20.932912826538086,103.0
24,290,-32.42462921142578,36.69852066040039,169.0
24,291,-17.93440055847168,88.55290222167969,153.0
24,292,-27.575843811035156,986.3004150390625,432.0
24,293,-8.164494514465332,59.278533935546875,265.0
24,294,-3.818154811859131,3.570545196533203,3.0
24,295,-17.033546447753906,11.397153854370117,243.0
24,296,-11.316864967346191,43.47944259643555,50.0
24,297,-26.289478302001953,192.0768280029297,2722.0
24,298,-3.941465139389038,3.7203643321990967,4.0
24,299,-9.267244338989258,21.95690155029297,16.0
24,300,-13.752647399902344,15.650917053222656,38.0
24,301,-13.96403694152832,32.819053649902344,84.0
24,302,-8.765663146972656,8.947872161865234,143.0
24,303,-8.978790283203125,19.94403648376465,33.0
24,304,-10.309200286865234,31.074892044067383,123.0
24,305,-30.615478515625,16.17109489440918,162.0
24,306,-19.721336364746094,138.42575073242188,1023.0
24,307,-19.193262100219727,24.50499725341797,15411.0
24,308,-22.241491317749023,23.983259201049805,16746.0
24,309,-28.135324478149414,12.906830787658691,174.0
24,310,-15.156518936157227,12.504474639892578,72.0
24,311,-16.867843627929688,16.63164520263672,50.0
24,312,-24.620357513427734,7.78109073638916,25.0
24,313,-15.744976043701172,7.157222747802734,53.0
24,314,-25.549396514892578,10.20290470123291,85.0
24,315,-16.88701057434082,29.294567108154297,97.0
26,0,-19.38854217529297,127.37500762939453,469.0
26,1,-18.610485076904297,6.43047571182251,1263.0
26,2,-9.758018493652344,131.5003204345703,27.0
26,3,-15.131936073303223,155.0858154296875,127.0
26,4,-20.624065399169922,9.890381813049316,19.0
26,5,-9.092721939086914,9.710235595703125,10.0
26,6,-26.427112579345703,81.81974792480469,336.0
26,7,-14.92369270324707,41.71760177612305,264.0
26,8,-9.373497009277344,22.748497009277344,76.0
26,9,-17.17478370666504,73.23664855957031,529.0
26,10,-18.0704288482666,37.117393493652344,1103.0
26,11,-9.154484748840332,21.14693260192871,73.0
26,12,-4.988945960998535,5.275017261505127,3.0
26,13,-31.45161247253418,89.39701080322266,8367.0
26,14,-23.076351165771484,27.021196365356445,458.0
26,15,-8.679244995117188,8.756630897521973,50.0
26,16,-11.722352981567383,49.771915435791016,48.0
26,17,-9.103822708129883,9.73721981048584,27.0
26,18,-3.6130542755126953,6.089263439178467,2.0
26,19,-21.440998077392578,14.586913108825684,148.0
26,20,-33.9990119934082,21.995092391967773,336.0
26,21,-76.9308853149414,38.99273681640625,2037.0
26,22,-8.067286491394043,5.020137786865234,23.0
26,23,-16.97557830810547,8.347376823425293,21.0
26,24,-11.691802978515625,10.36423110961914,15.0
26,25,-17.27497100830078,17.799348831176758,221.0
26,26,-14.42630386352539,122.58049011230469,73.0
26,27,-28.560401916503906,17.392520904541016,51.0
26,28,-11.94633674621582,10.905502319335938,14.0
26,29,-15.075077056884766,20.389404296875,151.0
26,30,-7.1981048583984375,6.04678201675415,4.0
26,31,-20.245914459228516,852.896484375,2809.0
26,32,-14.92581558227539,41.739749908447266,34.0
26,33,-15.315500259399414,46.0107536315918,558.0
26,34,-8.205307006835938,7.778213977813721,7.0
26,35,-16.13263511657715,10.020792961120605,32.0
26,36,-22.126279830932617,6.320868968963623,95.0
26,37,-22.851306915283203,17.399011611938477,411.0
26,38,-18.898658752441406,112.69270324707031,64.0
26,39,-34.329917907714844,73.0569839477539,54.0
26,40,-30.275102615356445,155.37635803222656,480.0
26,41,-20.403316497802734,59.18470764160156,530.0
26,42,-16.705398559570312,10.87520694732666,4808.0
26,43,-4.331545829772949,2.9531912803649902,2.0
26,44,-9.703625679016113,6.963798522949219,19.0
26,45,-19.372154235839844,48.1552848815918,1055.0
26,46,-26.75172996520996,45.680694580078125,40.0
26,47,-9.232009887695312,10.054320335388184,21.0
26,48,-30.245452880859375,75.24720764160156,89.0
26,49,-30.980918884277344,83.58345794677734,8908.0
26,50,-6.096644878387451,4.5912909507751465,17.0
26,51,-19.250307083129883,123.04828643798828,589.0
26,52,-10.866801261901855,15.130314826965332,16.0
26,53,-48.418495178222656,31.76814079284668,527.0
26,54,-18.86840057373047,43.54000473022461,871.0
26,55,-5.442734241485596,231.0731201171875,40.0
26,56,-28.500417709350586,13.342403411865234,1306.0
26,57,-8.571624755859375,17.412845611572266,7.0
26,58,-15.909178733825684,53.3724479675293,788.0
26,59,-17.469356536865234,18.385446548461914,71.0
26,60,-11.425379753112793,17.39781951904297,1108.0
26,61,-18.82442283630371,43.15871810913086,92.0
26,62,-22.631671905517578,92.41915893554688,1476.0
26,63,-13.545281410217285,15.01509952545166,486.0
26,64,-2.1658573150634766,2.9533159732818604,2.0
26,65,-4.341578006744385,8.765196800231934,4.0
26,66,-30.213701248168945,15.591096878051758,2778.0
26,67,-5.9648895263671875,19.736007690429688,15.0
26,68,-13.991368293762207,10.297432899475098,234.0
26,69,-21.53607749938965,1311.192626953125,538.0
26,70,-21.216753005981445,20.717206954956055,462.0
26,71,-29.00810432434082,18.188880920410156,1049.0
26,72,-14.082027435302734,1142.545166015625,512.0
26,73,-35.683650970458984,19.562952041625977,557.0
26,74,-13.026063919067383,13.534103393554688,1314.0
26,75,-19.6815242767334,51.22895050048828,384.0
26,76,-4.619167327880859,3.1733627319335938,2.0
26,77,-26.647594451904297,45.00615310668945,42.0
26,78,-5.241485595703125,13.745930671691895,7.0
26,79,-20.559890747070312,9.820111274719238,170.0
26,80,-12.624131202697754,67.22489166259766,55.0
26,81,-23.75322723388672,14.00266170501709,19.0
26,82,-42.30889129638672,25.907440185546875,24.0
26,83,-14.513043403625488,18.221616744995117,1104.0
26,84,-26.25377655029297,7.534717082977295,13.0
26,85,-37.765541076660156,18.26600456237793,73.0
26,86,-25.267297744750977,16.568071365356445,3937.0
26,87,-27.855138778686523,1.7266432046890259,16.0
26,88,-4.016324996948242,3.8143680095672607,2.0
26,89,-5.027303218841553,12.349945068359375,14.0
26,90,-16.039104461669922,209.84481811523438,489.0
26,91,-13.45832347869873,9.422061920166016,99.0
26,92,-40.659576416015625,9.572221755981445,25.0
26,93,-9.847886085510254,11.727910041809082,6.0
26,94,-17.18465805053711,31.09140968322754,88.0
26,95,-15.664366722106934,13.608951568603516,32.0
26,96,-5.866229057312012,7.0668134689331055,5.0
26,97,-14.064935684204102,33.657432556152344,35.0
26,98,-9.445611000061035,6.613561153411865,35.0
26,99,-17.77545166015625,12.671436309814453,99.0
26,100,-23.18151092529297,5.948821544647217,11.0
26,101,-38.18240737915039,15.291769981384277,116.0
26,102,-30.55000114440918,29.798093795776367,168.0
26,103,-17.394329071044922,77.36869812011719,1297.0
26,104,-46.841087341308594,108.21379089355469,1328.0
26,105,-1.7046805620193481,2.3451287746429443,2.0
26,106,-84.90623474121094,5.656358242034912,1771.0
26,107,-8.064777374267578,14.706052780151367,127.0
26,108,-10.37276554107666,31.740339279174805,21.0
26,109,-21.897674560546875,79.80089569091797,300.0
26,110,-19.262590408325195,123.42672729492188,142.0
26,111,-19.90911293029785,27.610210418701172,611.0
26,112,-15.299919128417969,12.80693244934082,29.0
26,113,-6.774206161499023,5.438762187957764,16.0
26,114,-62.706817626953125,5.999183654785156,164.0
26,115,-19.826637268066406,11.921335220336914,616.0
26,116,-32.96857833862305,20.028244018554688,910.0
26,117,-10.457686424255371,8.097352981567383,9.0
26,118,-9.492742538452148,23.67092514038086,125.0
26,119,-15.994169235229492,24.50394058227539,62.0
26,120,-16.057830810546875,9.914277076721191,17.0
26,121,-15.875757217407227,23.93044090270996,31.0
26,122,-32.35297775268555,4.35180139541626,595.0
26,123,-21.76807975769043,22.41489601135254,14769.0
26,124,-12.241447448730469,21.335277557373047,46.0
26,125,-12.508667945861816,22.809268951416016,56.0
26,126,-11.949031829833984,10.911380767822266,34.0
26,127,-25.337669372558594,12.600884437561035,1451.0
26,128,-15.533772468566895,22.3483943939209,25.0
26,129,-8.633960723876953,2.6099445819854736,4.0
26,130,-35.58275604248047,52.12472915649414,432.0
26,131,-7.088126182556152,10.61967945098877,4.0
26,132,-17.55246925354004,80.48873901367188,24.0
26,133,-41.656578063964844,24.6395320892334,304.0
26,134,-22.51641845703125,90.31318664550781,737.0
26,135,-15.892107009887695,3.759711742401123,5.0
26,136,-27.442054748535156,21.096710205078125,47.0
26,137,-23.64013671875,19.202051162719727,25.0
26,138,-29.42000961303711,66.8772201538086,357.0
26,139,-22.651283264160156,287.9598083496094,1110.0
26,140,-66.05524444580078,3.849973440170288,22.0
26,141,-15.440956115722656,171.91249084472656,90.0
26,142,-16.117473602294922,25.115739822387695,70.0
26,143,-7.316112995147705,11.458184242248535,14.0
26,144,-26.214609146118164,3.973773956298828,39.0
26,145,-4.647732734680176,4.707911014556885,6.0
26,146,-5.929359436035156,19.388492584228516,7.0
26,147,-6.688473224639893,9.295133590698242,18.0
26,148,-23.548919677734375,111.02818298339844,14663.0
26,149,-9.96985912322998,27.751401901245117,7.0
26,150,-25.197612762451172,9.88177490234375,3557.0
26,151,-31.791791915893555,24.027023315429688,278.0
26,152,-13.254823684692383,82.95301818847656,48.0
26,153,-23.596908569335938,13.761552810668945,102.0
26,154,-47.735130310058594,14.18169116973877,1523.0
26,155,-18.076745986938477,13.22874641418457,1005.0
26,156,-63.560550689697266,3.981868028640747,255.0
26,157,-62.13060760498047,4.9189372062683105,116.0
26,158,-17.893280029296875,19.73143768310547,508.0
26,159,-27.13385009765625,20.38648796081543,792.0
26,160,-14.839076042175293,40.8443717956543,892.0
26,161,-12.018619537353516,11.064302444458008,303.0
26,162,-29.00440216064453,11.212547302246094,42.0
26,163,-7.536576747894287,6.5807204246521,4.0
26,164,-11.40638542175293,17.315401077270508,7.0
26,165,-15.200227737426758,158.6566619873047,1463.0
26,166,-6.657416820526123,9.199405670166016,31.0
26,167,-11.146688461303711,4.915454387664795,7.0
26,168,-51.07844161987305,5.820147514343262,90.0
26,169,-28.008316040039062,33.14989471435547,161.0
26,170,-17.19285011291504,17.557388305664062,16.0
26,171,-15.463052749633789,22.03452491760254,102.0
26,172,-8.877656936645508,84.67568969726562,164.0
26,173,-2.8382153511047363,4.133430480957031,2.0
26,174,-13.652727127075195,30.3616943359375,98.0
26,175,-18.127992630004883,37.547183990478516,83.0
26,176,-26.575641632080078,768.0926513671875,4107.0
26,177,-31.356943130493164,32.593238830566406,1060.0
26,178,-17.375572204589844,77.00675201416016,13.0
26,179,-11.38253402709961,44.44169235229492,706.0
26,180,-28.208759307861328,1155.3861083984375,7466.0
26,181,-13.485349655151367,29.117443084716797,431.0
26,182,-28.58139991760254,117.16304016113281,1231.0
26,183,-47.54151916503906,116.0651626586914,858.0
26,184,-6.086856842041016,20.977039337158203,9.0
26,185,-6.268124580383301,2.4484286308288574,6.0
26,186,-7.185157775878906,6.0272417068481445,5.0
26,187,-7.140932083129883,10.808260917663574,4.0
26,188,-16.987844467163086,16.96763038635254,30.0
26,189,-50.54159164428711,6.500706672668457,141.0
26,190,-25.148164749145508,66.11270141601562,5764.0
26,191,-14.633946418762207,131.3653106689453,165.0
26,192,-17.953784942626953,9.433084487915039,780.0
26,193,-28.26569366455078,56.71031951904297,1945.0
26,194,-21.10405731201172,195.58876037597656,151.0
26,195,-41.14792251586914,30.845579147338867,93.0
26,196,-13.329214096069336,85.03571319580078,57.0
26,197,-13.277494430541992,14.232086181640625,2364.0
26,198,-22.699932098388672,43.96184158325195,1232.0
26,199,-44.752349853515625,144.38497924804688,9348.0
26,200,-14.775157928466797,11.734419822692871,120.0
26,201,-24.73572540283203,22.02031898498535,436.0
26,202,-10.874031066894531,15.157686233520508,28.0
26,203,-16.737247467041016,5.331991195678711,20.0
26,204,-20.78891944885254,63.92969512939453,347.0
26,205,-13.53254508972168,9.539339065551758,721.0
26,206,-13.35116195678711,85.66012573242188,108.0
26,207,-13.878562927246094,10.105642318725586,245.0
26,208,-14.741214752197266,136.1474151611328,2162.0
26,209,-12.678712844848633,12.625802993774414,92.0
26,210,-15.216477394104004,159.51840209960938,506.0
26,211,-14.619956970214844,38.6671028137207,101.0
26,212,-22.690343856811523,25.571481704711914,212.0
26,213,-20.958402633666992,188.59478759765625,464.0
26,214,-14.610260963439941,38.573490142822266,97.0
26,215,-29.556367874145508,40.2273063659668,211.0
26,216,-21.857038497924805,1459.252197265625,3949.0
26,217,-24.285171508789062,128.64210510253906,612.0
26,218,-20.659841537475586,175.030517578125,218.0
26,219,-26.51775360107422,6899.826171875,2484.0
26,220,-16.438358306884766,5.174981594085693,65.0
26,221,-9.879476547241211,26.92778778076172,324.0
26,222,-22.10042953491211,250.9132843017578,1770.0
26,223,-15.362045288085938,2166.83447265625,2087.0
26,224,-21.411575317382812,211.21865844726562,4716.0
26,225,-10.032647132873535,28.33833885192871,21.0
26,226,-29.65875244140625,19.411684036254883,409.0
26,227,-24.965351104736328,16.021442413330078,43.0
26,228,-25.687105178833008,5231.05615234375,1593.0
26,229,-9.526361465454102,3.899735450744629,18.0
26,230,-27.908140182495117,10.233620643615723,252.0
26,231,-8.762069702148438,8.939837455749512,12.0
26,232,-10.533245086669922,13.91978645324707,50.0
26,233,-25.919025421142578,10.55157470703125,166.0
26,234,-12.312931060791016,60.60094451904297,77.0
26,235,-16.271831512451172,15.058942794799805,61.0
26,236,-22.01206398010254,39.20002365112305,21.0
26,237,-7.006290435791016,10.333904266357422,30.0
26,238,-14.127283096313477,1168.693359375,170.0
26,239,-10.293545722961426,13.110145568847656,3.0
26,240,-21.33251953125,207.08511352539062,3610.0
26,241,-21.82418441772461,11.301204681396484,53.0
26,242,-8.604509353637695,17.604768753051758,133.0
26,243,-14.847846984863281,40.93403244018555,445.0
26,244,-3.8845601081848145,3.650460720062256,5.0
26,245,-9.256486892700195,10.116034507751465,4.0
26,246,-24.74162483215332,140.938720703125,262.0
26,247,-27.910503387451172,1072.369384765625,3722.0
26,248,-37.869728088378906,44.12262725830078,4918.0
26,249,-29.082059860229492,37.91161346435547,251.0
26,250,-18.744966506958008,108.44483947753906,69.0
26,251,-8.246108055114746,5.20292854309082,25.0
26,252,-13.216023445129395,9.049147605895996,52.0
26,253,-8.086296081542969,5.039260387420654,5.0
26,254,-5.844247817993164,7.015223503112793,14.0
26,255,-25.656497955322266,24.706398010253906,96.0
26,256,-30.013904571533203,148.7574920654297,14980.0
26,257,-22.087078094482422,82.8818130493164,1642.0
26,258,-10.992015838623047,39.01730728149414,25.0
26,259,-33.523231506347656,41.46308517456055,453.0
26,260,-27.288549423217773,8921.173828125,13581.0
26,261,-11.335221290588379,43.74630355834961,40.0
26,262,-9.646188735961914,24.91316032409668,213.0
26,263,-33.41181182861328,262.07623291015625,16782.0
26,264,-40.841148376464844,30.06702423095703,69.0
26,265,-17.181621551513672,17.524564743041992,26.0
26,266,-5.265117645263672,2.866304636001587,2.0
26,267,-7.575103282928467,12.491324424743652,22.0
26,268,-28.989286422729492,125.40489959716797,1586.0
26,269,-13.124736785888672,79.43287658691406,39.0
26,270,-21.10245132446289,33.68576431274414,725.0
26,271,-10.620068550109863,4.559225082397461,6.0
26,272,-12.794057846069336,8.434606552124023,30.0
26,273,-31.57896614074707,23.521068572998047,130.0
26,274,-5.5904717445373535,6.4461989402771,15.0
26,275,-4.042651653289795,2.7474217414855957,2.0
26,276,-11.740913391113281,18.825801849365234,17.0
26,277,-21.251144409179688,14.244815826416016,99.0
26,278,-11.931446075439453,19.744234085083008,17.0
26,279,-29.62100601196289,40.55364990234375,1308.0
26,280,-14.150699615478516,1182.45703125,1348.0
26,281,-40.88410949707031,18.54673194885254,401.0
26,282,-6.115086555480957,7.6780242919921875,19.0
26,283,-9.514425277709961,23.842632293701172,12.0
26,284,-26.773195266723633,28.407394409179688,52.0
26,285,-18.865116119384766,6.596317768096924,548.0
26,286,-35.93136978149414,36.347923278808594,20528.0
26,287,-27.43040657043457,30.83963966369629,2030.0
26,288,-2.8959176540374756,18.1001033782959,3.0
26,289,-9.095332145690918,20.734050750732422,102.0
26,290,-32.4926643371582,36.97699737548828,177.0
26,291,-17.836807250976562,86.41851043701172,152.0
26,292,-27.610851287841797,994.9702758789062,434.0
26,293,-8.126470565795898,58.162174224853516,256.0
26,294,-3.8184773921966553,3.5709290504455566,3.0
26,295,-16.96788787841797,11.290752410888672,236.0
26,296,-11.319101333618164,43.51187515258789,50.0
26,297,-26.297103881835938,192.37005615234375,2714.0
26,298,-3.938641309738159,3.7168643474578857,4.0
26,299,-9.083730697631836,20.65402603149414,16.0
26,300,-13.771116256713867,15.70883560180664,38.0
26,301,-13.983366966247559,32.97803497314453,85.0
26,302,-8.634468078613281,8.659153938293457,138.0
26,303,-8.990968704223633,20.02515983581543,32.0
26,304,-10.228657722473145,30.251707077026367,123.0
26,305,-30.487842559814453,15.984539985656738,161.0
26,306,-19.676441192626953,136.8807830810547,959.0
26,307,-19.142351150512695,24.297945022583008,15404.0
26,308,-22.327526092529297,24.279842376708984,16968.0
26,309,-28.05347442626953,12.811149597167969,181.0
26,310,-15.241707801818848,12.683280944824219,74.0
26,311,-17.00177001953125,17.007057189941406,47.0
26,312,-24.42435073852539,7.655026435852051,23.0
26,313,-15.744158744812012,7.156491756439209,53.0
26,314,-25.30674171447754,9.980298042297363,90.0
26,315,-16.902103424072266,29.38313102722168,97.0
28,0,-19.23548698425293,122.59323120117188,457.0
28,1,-18.644142150878906,6.452155590057373,1239.0
28,2,-9.740416526794434,130.34805297851562,27.0
28,3,-15.052363395690918,151.02639770507812,122.0
28,4,-20.306381225585938,9.547359466552734,18.0
28,5,-9.054672241210938,9.618305206298828,11.0
28,6,-26.321151733398438,80.38748168945312,334.0
28,7,-14.975549697875977,42.261962890625,263.0
28,8,-9.377176284790039,22.77641487121582,75.0
28,9,-17.094165802001953,71.77537536621094,526.0
28,10,-17.957408905029297,36.287803649902344,1085.0
28,11,-9.176185607910156,21.30045509338379,73.0
28,12,-5.028805255889893,5.345571517944336,3.0
28,13,-31.39857292175293,88.72221374511719,8404.0
28,14,-22.961776733398438,26.582521438598633,454.0
28,15,-8.675613403320312,8.748684883117676,50.0
28,16,-11.629401206970215,48.25343322753906,48.0
28,17,-9.15276050567627,9.857081413269043,29.0
28,18,-3.547457695007324,5.892786026000977,2.0
28,19,-21.443153381347656,14.59084415435791,147.0
28,20,-34.03038787841797,22.05791664123535,342.0
28,21,-77.07870483398438,39.2681770324707,2061.0
28,22,-8.006911277770996,4.959883689880371,20.0
28,23,-17.17801856994629,8.561302185058594,21.0
28,24,-11.63050365447998,10.237944602966309,14.0
28,25,-17.195619583129883,17.56549644470215,209.0
28,26,-14.308769226074219,117.87089538574219,72.0
28,27,-28.50914764404297,17.303604125976562,53.0
28,28,-11.863348960876465,10.72598934173584,13.0
28,29,-14.900884628295898,19.691299438476562,140.0
28,30,-7.147107124328613,5.970178604125977,4.0
28,31,-20.443817138671875,911.0571899414062,2866.0
28,32,-14.891645431518555,41.38470458984375,34.0
28,33,-15.289593696594238,45.71371841430664,549.0
28,34,-8.251265525817871,7.868098258972168,7.0
28,35,-16.202791213989258,10.12172794342041,33.0
28,36,-22.20010757446289,6.35987663269043,92.0
28,37,-22.81751823425293,17.325679779052734,415.0
28,38,-18.7536563873291,108.68069458007812,66.0
28,39,-34.26673126220703,72.48223114013672,54.0
28,40,-30.270713806152344,155.2627410888672,486.0
28,41,-20.3980712890625,59.12265396118164,528.0
28,42,-16.6464900970459,10.78407096862793,4834.0
28,43,-4.309366703033447,2.936861991882324,2.0
28,44,-9.67795181274414,6.928133487701416,17.0
28,45,-19.351116180419922,47.95309066772461,1041.0
28,46,-26.70013999938965,45.34526443481445,41.0
28,47,-9.24562931060791,10.08861255645752,21.0
28,48,-30.15591049194336,74.29080963134766,85.0
28,49,-30.838836669921875,81.90402221679688,8555.0
28,50,-6.001867294311523,4.483781814575195,16.0
28,51,-18.903217315673828,112.82120513916016,578.0
28,52,-10.727670669555664,14.613089561462402,16.0
28,53,-48.17399215698242,31.2181453704834,523.0
28,54,-18.761016845703125,42.6148796081543,866.0
28,55,-5.441243648529053,230.7289581298828,39.0
28,56,-28.472097396850586,13.308094024658203,1265.0
28,57,-8.454071998596191,16.743732452392578,7.0
28,58,-15.855548858642578,52.66163635253906,771.0
28,59,-17.596712112426758,18.779865264892578,74.0
28,60,-11.346213340759277,17.056875228881836,1115.0
28,61,-18.747150421142578,42.496856689453125,92.0
28,62,-22.65750503540039,92.89788055419922,1448.0
28,63,-13.664786338806152,15.378299713134766,510.0
28,64,-2.1841981410980225,2.9805238246917725,2.0
28,65,-4.316545486450195,8.656173706054688,4.0
28,66,-30.096223831176758,15.425475120544434,2758.0
28,67,-5.972559452056885,19.811840057373047,15.0
28,68,-13.95057487487793,10.2276611328125,233.0
28,69,-21.43490219116211,1267.710205078125,529.0
28,70,-21.29900550842285,20.962080001831055,469.0
28,71,-28.993228912353516,18.16184425354004,1034.0
28,72,-14.187413215637207,1204.3636474609375,522.0
28,73,-35.59577941894531,19.420225143432617,566.0
28,74,-12.952312469482422,13.3359375,1271.0
28,75,-19.606969833374023,50.47074508666992,379.0
28,76,-4.6577935218811035,3.2041547298431396,2.0
28,77,-26.510387420654297,44.1325798034668,43.0
28,78,-5.1075334548950195,12.855436325073242,7.0
28,79,-20.296955108642578,9.537365913391113,161.0
28,80,-12.574913024902344,66.13098907470703,51.0
28,81,-23.909847259521484,14.2484712600708,19.0
28,82,-42.2214469909668,25.7337589263916,24.0
28,83,-14.458521842956543,18.024002075195312,1082.0
28,84,-26.203929901123047,7.505882263183594,13.0
28,85,-37.70098876953125,18.17552947998047,73.0
28,86,-25.073970794677734,16.215970993041992,3928.0
28,87,-27.67815399169922,1.7206616401672363,16.0
28,88,-3.9627397060394287,3.7468411922454834,2.0
28,89,-4.982232093811035,12.07474422454834,14.0
28,90,-16.137069702148438,216.81036376953125,488.0
28,91,-13.396353721618652,9.325248718261719,99.0
28,92,-40.3775749206543,9.42342472076416,25.0
28,93,-9.83800983428955,11.698988914489746,6.0
28,94,-17.19202423095703,31.13724708557129,88.0
28,95,-15.555346488952637,13.363907814025879,31.0
28,96,-5.82230806350708,6.964106559753418,5.0
28,97,-13.983428955078125,32.978546142578125,34.0
28,98,-9.441291809082031,6.607850074768066,34.0
28,99,-17.81696319580078,12.74680233001709,99.0
28,100,-23.042749404907227,5.88566255569458,12.0
28,101,-37.95374298095703,15.044035911560059,116.0
28,102,-30.331073760986328,29.081998825073242,158.0
28,103,-17.34597396850586,76.43903350830078,1265.0
28,104,-46.841033935546875,108.21321868896484,1334.0
28,105,-1.7364438772201538,2.3826706409454346,2.0
28,106,-84.4089584350586,5.599245548248291,1827.0
28,107,-8.077775955200195,14.769908905029297,135.0
28,108,-10.263795852661133,30.60811996459961,20.0
28,109,-21.717653274536133,76.97884368896484,284.0
28,110,-19.252670288085938,123.12100219726562,143.0
28,111,-19.866851806640625,27.416418075561523,595.0
28,112,-15.421701431274414,13.069531440734863,29.0
28,113,-6.659865379333496,5.285495758056641,14.0
28,114,-62.36731719970703,5.941272735595703,157.0
28,115,-19.717750549316406,11.760175704956055,587.0
28,116,-32.957191467285156,20.007522583007812,901.0
28,117,-10.450855255126953,8.086298942565918,9.0
28,118,-9.54079532623291,24.053131103515625,132.0
28,119,-16.06490135192871,24.853046417236328,62.0
28,120,-16.08948516845703,9.959211349487305,18.0
28,121,-15.920319557189941,24.144676208496094,31.0
28,122,-32.4036750793457,4.361841201782227,596.0
28,123,-21.68441390991211,22.148578643798828,14750.0
28,124,-12.286555290222168,21.57723617553711,46.0
28,125,-12.35932731628418,21.97338104248047,53.0
28,126,-11.838092803955078,10.671947479248047,34.0
28,127,-25.214557647705078,12.446703910827637,1464.0
28,128,-15.475066184997559,22.087528228759766,25.0
28,129,-8.61450481414795,2.604308605194092,4.0
28,130,-35.53102111816406,51.82596206665039,424.0
28,131,-7.026905536651611,10.405160903930664,4.0
28,132,-17.48550796508789,79.15254974365234,20.0
28,133,-41.37806701660156,24.117273330688477,294.0
28,134,-22.59817886352539,91.8021469116211,722.0
28,135,-15.766281127929688,3.7204947471618652,5.0
28,136,-27.41451072692871,21.032245635986328,43.0
28,137,-23.454668045043945,18.761999130249023,25.0
28,138,-29.344425201416016,66.15900421142578,340.0
28,139,-22.584354400634766,283.1816711425781,1104.0
28,140,-65.70820617675781,3.8228023052215576,22.0
28,141,-15.507583618164062,175.77322387695312,93.0
28,142,-16.21554183959961,25.61321258544922,70.0
28,143,-7.3323564529418945,11.520392417907715,14.0
28,144,-26.265457153320312,3.9844231605529785,39.0
28,145,-4.673263072967529,4.748147010803223,6.0
28,146,-5.905574321746826,19.159278869628906,7.0
28,147,-6.663381576538086,9.217716217041016,18.0
28,148,-23.666650772094727,113.67349243164062,15104.0
28,149,-9.804396629333496,26.26224136352539,7.0
28,150,-25.04859161376953,9.748804092407227,3580.0
28,151,-31.642967224121094,23.672086715698242,271.0
28,152,-13.190689086914062,81.19847106933594,47.0
28,153,-23.695877075195312,13.913717269897461,105.0
28,154,-47.660133361816406,14.122724533081055,1515.0
28,155,-18.087238311767578,13.248591423034668,983.0
28,156,-63.321998596191406,3.9612720012664795,251.0
28,157,-61.7490234375,4.871044158935547,116.0
28,158,-17.792842864990234,19.40389633178711,495.0
28,159,-27.14739418029785,20.417190551757812,768.0
28,160,-14.917146682739258,41.64938735961914,933.0
28,161,-12.06765365600586,11.17334270477295,314.0
28,162,-29.020954132080078,11.228025436401367,44.0
28,163,-7.468293190002441,6.469335079193115,4.0
28,164,-11.357383728027344,17.10457420349121,7.0
28,165,-15.165904998779297,156.85183715820312,1438.0
28,166,-6.645755767822266,9.163717269897461,32.0
28,167,-11.028881072998047,4.833420753479004,7.0
28,168,-50.87858581542969,5.78017520904541,91.0
28,169,-27.84233283996582,32.46918869018555,152.0
28,170,-17.26734161376953,17.776731491088867,16.0
28,171,-15.369528770446777,21.626203536987305,106.0
28,172,-8.813507080078125,82.00281524658203,162.0
28,173,-2.790065050125122,4.035106182098389,2.0
28,174,-13.622756958007812,30.135059356689453,92.0
28,175,-18.10678482055664,37.388267517089844,85.0
28,176,-26.57262420654297,767.5134887695312,4088.0
28,177,-31.331037521362305,32.49955368041992,1036.0
28,178,-17.391300201416016,77.31013488769531,13.0
28,179,-11.378270149230957,44.37857437133789,695.0
28,180,-28.03780174255371,1107.0460205078125,6927.0
28,181,-13.34483814239502,28.11236572265625,399.0
28,182,-28.491474151611328,115.42015838623047,1204.0
28,183,-47.495269775390625,115.52962493896484,876.0
28,184,-6.092562198638916,21.036964416503906,10.0
28,185,-6.163472652435303,2.4120960235595703,6.0
28,186,-7.187339782714844,6.0305304527282715,5.0
28,187,-7.125395774841309,10.75243091583252,4.0
28,188,-16.944969177246094,16.846813201904297,29.0
28,189,-50.488525390625,6.487942218780518,153.0
28,190,-25.06804656982422,65.23574829101562,5701.0
28,191,-14.607677459716797,130.2200927734375,170.0
28,192,-17.85015869140625,9.31168270111084,742.0
28,193,-28.240970611572266,56.5103759765625,1931.0
28,194,-21.04318618774414,192.6348876953125,147.0
28,195,-41.235130310058594,31.070566177368164,93.0
28,196,-13.238167762756348,82.49375915527344,56.0
28,197,-13.282154083251953,14.245352745056152,2419.0
28,198,-22.766250610351562,44.45045471191406,1239.0
28,199,-44.58684158325195,141.75404357910156,9410.0
28,200,-14.720277786254883,11.627577781677246,123.0
28,201,-24.686111450195312,21.884180068969727,440.0
28,202,-10.809683799743652,14.91579818725586,28.0
28,203,-16.620704650878906,5.270211696624756,20.0
28,204,-20.744998931884766,63.37057876586914,345.0
28,205,-13.599199295043945,9.645901679992676,712.0
28,206,-13.303028106689453,84.29671478271484,105.0
28,207,-13.676287651062012,9.770633697509766,241.0
28,208,-14.53972053527832,127.30341339111328,2095.0
28,209,-12.592472076416016,12.409897804260254,90.0
28,210,-15.1426362991333,155.6399688720703,515.0
28,211,-14.589606285095215,38.374820709228516,100.0
28,212,-22.626541137695312,25.339462280273438,214.0
28,213,-20.94406509399414,187.9199981689453,470.0
28,214,-14.559152603149414,38.08376693725586,97.0
28,215,-29.492900848388672,39.909427642822266,203.0
28,216,-21.923099517822266,1491.7418212890625,3895.0
28,217,-24.250450134277344,127.75189971923828,626.0
28,218,-20.616382598876953,173.13916015625,220.0
28,219,-26.448917388916016,6743.31005859375,2452.0
28,220,-16.51255989074707,5.213523864746094,66.0
28,221,-9.806970596313477,26.284786224365234,311.0
28,222,-22.102556228637695,251.0467071533203,1758.0
28,223,-15.305096626281738,2106.005615234375,2065.0
28,224,-21.43004035949707,212.19593811035156,4448.0
28,225,-9.898862838745117,27.10236167907715,22.0
28,226,-29.526134490966797,19.155948638916016,392.0
28,227,-24.81826400756836,15.76172924041748,41.0
28,228,-25.73165512084961,5309.31494140625,1596.0
28,229,-9.434131622314453,3.84869122505188,17.0
28,230,-27.822343826293945,10.160713195800781,250.0
28,231,-8.693832397460938,8.788622856140137,11.0
28,232,-10.594671249389648,14.1351957321167,50.0
28,233,-25.86425018310547,10.499161720275879,163.0
28,234,-12.377691268920898,61.92332077026367,76.0
28,235,-16.15924835205078,14.779010772705078,56.0
28,236,-21.8590087890625,38.21270751953125,22.0
28,237,-6.9601263999938965,10.176102638244629,29.0
28,238,-14.068134307861328,1134.635986328125,170.0
28,239,-10.202271461486816,12.81437873840332,3.0
28,240,-21.309165954589844,205.87960815429688,3534.0
28,241,-21.754472732543945,11.214007377624512,53.0
28,242,-8.545106887817383,17.259605407714844,131.0
28,243,-14.860359191894531,41.06227493286133,441.0
28,244,-3.8031017780303955,3.5526740550994873,4.0
28,245,-9.213704109191895,10.00841236114502,4.0
28,246,-24.602710723876953,137.07691955566406,252.0
28,247,-27.81760025024414,1047.749755859375,3604.0
28,248,-37.7053337097168,43.40320587158203,4838.0
28,249,-29.073781967163086,37.872406005859375,239.0
28,250,-18.73007583618164,108.04188537597656,68.0
28,251,-8.178915977478027,5.133476734161377,23.0
28,252,-13.26344108581543,9.12094497680664,53.0
28,253,-8.108428955078125,5.061615943908691,5.0
28,254,-5.815060138702393,6.947302341461182,14.0
28,255,-25.693540573120117,24.821063995361328,92.0
28,256,-29.819503784179688,144.0149688720703,14828.0
28,257,-22.031749725341797,81.96974182128906,1569.0
28,258,-10.9683256149292,38.710411071777344,25.0
28,259,-33.43686294555664,41.06709289550781,461.0
28,260,-27.347448348999023,9098.056640625,13271.0
28,261,-11.294736862182617,43.1599235534668,39.0
28,262,-9.657743453979492,25.009300231933594,218.0
28,263,-33.36138153076172,259.8826599121094,17034.0
28,264,-40.67973709106445,29.66530418395996,68.0
28,265,-17.112295150756836,17.3232421875,23.0
28,266,-5.2755842208862305,2.8723111152648926,2.0
28,267,-7.490114212036133,12.142416954040527,22.0
28,268,-28.956951141357422,124.73088836669922,1577.0
28,269,-13.063901901245117,77.83831787109375,39.0
28,270,-20.988872528076172,33.05409240722656,704.0
28,271,-10.59475040435791,4.542764663696289,6.0
28,272,-12.712905883789062,8.32129192352295,28.0
28,273,-31.44401741027832,23.20578956604004,137.0
28,274,-5.489586353302002,6.233027458190918,15.0
28,275,-4.068500518798828,2.7652337551116943,2.0
28,276,-11.567166328430176,18.025575637817383,17.0
28,277,-21.070894241333008,13.927451133728027,98.0
28,278,-12.009540557861328,20.133501052856445,15.0
28,279,-29.568572998046875,40.28872299194336,1328.0
28,280,-14.114847183227539,1161.448974609375,1275.0
28,281,-40.87171936035156,18.530324935913086,400.0
28,282,-6.112705707550049,7.671933174133301,19.0
28,283,-9.511857986450195,23.82223129272461,12.0
28,284,-26.668304443359375,28.037364959716797,53.0
28,285,-18.847307205200195,6.58458137512207,536.0
28,286,-35.87076950073242,36.12831497192383,20361.0
28,287,-27.45489501953125,30.934185028076172,2028.0
28,288,-2.91939377784729,18.53005027770996,3.0
28,289,-9.081793785095215,20.640695571899414,104.0
28,290,-32.44053649902344,36.763450622558594,177.0
28,291,-17.7729434967041,85.0497055053711,151.0
28,292,-27.482040405273438,963.43994140625,417.0
28,293,-8.037720680236816,55.63766098022461,241.0
28,294,-3.8168210983276367,3.568958044052124,3.0
28,295,-16.902067184448242,11.185083389282227,228.0
28,296,-11.214838981628418,42.0256233215332,48.0
28,297,-26.15496826171875,186.978515625,2610.0
28,298,-3.8923819065093994,3.6599907875061035,4.0
28,299,-9.159719467163086,21.18386459350586,16.0
28,300,-13.62204360961914,15.247394561767578,39.0
28,301,-13.97673511505127,32.923404693603516,78.0
28,302,-8.496834754943848,8.3662748336792,136.0
28,303,-8.918932914733887,19.550046920776367,32.0
28,304,-10.228336334228516,30.24846839904785,124.0
28,305,-30.51186752319336,16.019489288330078,159.0
28,306,-19.618301391601562,134.90560913085938,983.0
28,307,-19.150142669677734,24.32952117919922,15221.0
28,308,-22.32633399963379,24.27570915222168,17426.0
28,309,-27.86457061767578,12.593022346496582,172.0
28,310,-15.290602684020996,12.787060737609863,76.0
28,311,-16.951507568359375,16.865182876586914,51.0
28,312,-24.389150619506836,7.632605075836182,26.0
28,313,-15.724203109741211,7.138662815093994,54.0
28,314,-25.14380645751953,9.83355712890625,85.0
28,315,-16.93865966796875,29.59874725341797,97.0
30,0,-19.326387405395508,125.41107177734375,457.0
30,1,-18.804080963134766,6.556179523468018,1249.0
30,2,-9.689699172973633,127.08416748046875,27.0
30,3,-15.00908088684082,148.86306762695312,121.0
30,4,-20.178937911987305,9.413118362426758,18.0
30,5,-9.038402557373047,9.579262733459473,10.0
30,6,-26.266578674316406,79.65965270996094,321.0
30,7,-14.955611228942871,42.05182647705078,255.0
30,8,-9.255263328552246,21.869386672973633,72.0
30,9,-17.12628173828125,72.35397338867188,531.0
30,10,-17.891738891601562,35.81431579589844,1081.0
30,11,-9.089256286621094,20.692100524902344,71.0
30,12,-5.055264949798584,5.392927169799805,4.0
30,13,-31.280885696411133,87.2430648803711,8133.0
30,14,-22.971267700195312,26.618587493896484,447.0
30,15,-8.647184371948242,8.686725616455078,50.0
30,16,-11.593661308288574,47.68198776245117,48.0
30,17,-9.20814037322998,9.994501113891602,29.0
30,18,-3.624232769012451,6.123393535614014,2.0
30,19,-21.471677780151367,14.642961502075195,152.0
30,20,-33.867889404296875,21.73446273803711,333.0
30,21,-76.93555450439453,39.00141143798828,2015.0
30,22,-7.976741790771484,4.930046081542969,22.0
30,23,-17.063983917236328,8.440133094787598,21.0
30,24,-11.55404281616211,10.082573890686035,14.0
30,25,-17.23592758178711,17.683900833129883,213.0
30,26,-14.282913208007812,116.8593521118164,72.0
30,27,-28.37914276123047,17.080102920532227,52.0
30,28,-11.747190475463867,10.479680061340332,13.0
30,29,-14.786091804504395,19.244367599487305,139.0
30,30,-7.192277908325195,6.037980079650879,4.0
30,31,-20.270099639892578,859.8001708984375,2829.0
30,32,-14.922698020935059,41.70722961425781,34.0
30,33,-15.298884391784668,45.82001876831055,567.0
30,34,-8.319329261779785,8.003127098083496,7.0
30,35,-16.096900939941406,9.969766616821289,32.0
30,36,-22.3105525970459,6.418681621551514,88.0
30,37,-22.71041488647461,17.09527015686035,415.0
30,38,-18.743507385253906,108.4052963256836,65.0
30,39,-34.28313446044922,72.63099670410156,54.0
30,40,-30.298015594482422,155.9708709716797,481.0
30,41,-20.386005401611328,58.98014450073242,524.0
30,42,-16.561511993408203,10.653945922851562,4700.0
30,43,-4.288897514343262,2.9218716621398926,2.0
30,44,-9.67043399810791,6.917724132537842,20.0
30,45,-19.282854080200195,47.3028564453125,1054.0
30,46,-26.57025909423828,44.51166534423828,40.0
30,47,-9.229187965393066,10.047229766845703,21.0
30,48,-29.953699111938477,72.17544555664062,79.0
30,49,-30.822505950927734,81.71315002441406,8521.0
30,50,-6.007791042327881,4.490427017211914,16.0
30,51,-18.857643127441406,111.54307556152344,564.0
30,52,-10.70793628692627,14.54117202758789,15.0
30,53,-48.115699768066406,31.088430404663086,532.0
30,54,-18.729663848876953,42.34849548339844,839.0
30,55,-5.408099174499512,223.20692443847656,39.0
30,56,-28.490238189697266,13.330060005187988,1272.0
30,57,-8.470191955566406,16.83394432067871,7.0
30,58,-15.846170425415039,52.53831100463867,768.0
30,59,-17.507553100585938,18.502864837646484,78.0
30,60,-11.268580436706543,16.729022979736328,1059.0
30,61,-18.71586036682129,42.231746673583984,92.0
30,62,-22.64451026916504,92.65676879882812,1446.0
30,63,-13.581866264343262,15.1253662109375,508.0
30,64,-2.1706383228302,2.9603846073150635,2.0
30,65,-4.230254173278809,8.29063892364502,4.0
30,66,-29.839797973632812,15.070045471191406,2725.0
30,67,-5.987180233001709,19.95720100402832,17.0
30,68,-14.048595428466797,10.396119117736816,229.0
30,69,-21.45909309387207,1277.9735107421875,531.0
30,70,-21.187747955322266,20.63154411315918,450.0
30,71,-28.90330696105957,17.999263763427734,986.0
30,72,-14.092794418334961,1148.712646484375,522.0
30,73,-35.601436614990234,19.429380416870117,571.0
30,74,-13.001701354980469,13.468321800231934,1290.0
30,75,-19.621389389038086,50.616512298583984,382.0
30,76,-4.5714521408081055,3.135733127593994,2.0
30,77,-26.647409439086914,45.00495910644531,42.0
30,78,-5.129443168640137,12.997040748596191,7.0
30,79,-20.37497329711914,9.620401382446289,165.0
30,80,-12.483850479125977,64.15381622314453,47.0
30,81,-23.706497192382812,13.930144309997559,18.0
30,82,-42.005523681640625,25.309860229492188,23.0
30,83,-14.519811630249023,18.246299743652344,1117.0
30,84,-26.137773513793945,7.4677815437316895,13.0
30,85,-37.75928497314453,18.25721549987793,74.0
30,86,-24.916656494140625,15.934992790222168,4014.0
30,87,-27.80633544921875,1.7249916791915894,16.0
30,88,-3.953075647354126,3.7347912788391113,2.0
30,89,-5.046274662017822,12.467650413513184,14.0
30,90,-16.07065200805664,212.06312561035156,481.0
30,91,-13.312891960144043,9.196429252624512,98.0
30,92,-40.28539276123047,9.375288963317871,25.0
30,93,-9.803155899047852,11.597493171691895,6.0
30,94,-17.12118911743164,30.699234008789062,88.0
30,95,-15.590481758117676,13.442397117614746,32.0
30,96,-5.796602249145508,6.904689311981201,5.0
30,97,-13.971994400024414,32.88440704345703,34.0
30,98,-9.52123737335205,6.714353084564209,40.0
30,99,-17.79261589050293,12.702542304992676,99.0
30,100,-22.870180130004883,5.808048725128174,12.0
30,101,-37.85490417480469,14.938201904296875,110.0
30,102,-30.56208038330078,29.838119506835938,168.0
30,103,-17.31972885131836,75.93914031982422,1274.0
30,104,-46.762977600097656,107.37181091308594,1314.0
30,105,-1.737606167793274,2.3840556144714355,2.0
30,106,-84.19729614257812,5.57511043548584,1821.0
30,107,-8.039926528930664,14.584736824035645,124.0
30,108,-10.28512191772461,30.826480865478516,22.0
30,109,-21.73139190673828,77.19063568115234,283.0
30,110,-19.287443161010742,124.19598388671875,146.0
30,111,-19.91558074951172,27.639984130859375,612.0
30,112,-15.36463737487793,12.945819854736328,29.0
30,113,-6.4756574630737305,5.047607421875,11.0
30,114,-62.07286071777344,5.891498565673828,167.0
30,115,-19.603076934814453,11.592804908752441,583.0
30,116,-32.8797607421875,19.867183685302734,892.0
30,117,-10.572473526000977,8.285398483276367,9.0
30,118,-9.534168243408203,24.000051498413086,135.0
30,119,-16.087114334106445,24.96370506286621,63.0
30,120,-15.998897552490234,9.831158638000488,17.0
30,121,-15.94180679321289,24.248661041259766,29.0
30,122,-32.052616119384766,4.29279088973999,582.0
30,123,-21.5576171875,21.750999450683594,14491.0
30,124,-12.325462341308594,21.788135528564453,44.0
30,125,-12.275640487670898,21.518436431884766,51.0
30,126,-11.802162170410156,10.595531463623047,33.0
30,127,-25.2777042388916,12.525548934936523,1445.0
30,128,-15.486340522766113,22.13739013671875,26.0
30,129,-8.55123519897461,2.5860648155212402,4.0
30,130,-35.478721618652344,51.52567672729492,405.0
30,131,-7.088076591491699,10.619502067565918,4.0
30,132,-17.3264217376709,76.06631469726562,19.0
30,133,-41.59101104736328,24.515575408935547,317.0
30,134,-22.66649055480957,93.06498718261719,743.0
30,135,-15.780731201171875,3.72497820854187,5.0
30,136,-27.437597274780273,21.086265563964844,44.0
30,137,-23.275127410888672,18.345623016357422,25.0
30,138,-29.201194763183594,64.81903839111328,327.0
30,139,-22.62429428100586,286.02337646484375,1125.0
30,140,-65.68063354492188,3.8206520080566406,23.0
30,141,-15.551916122436523,178.3899383544922,93.0
30,142,-16.171283721923828,25.387496948242188,71.0
30,143,-7.329339981079102,11.508816719055176,14.0
30,144,-26.14630889892578,3.959514856338501,40.0
30,145,-4.661251068115234,4.729173183441162,6.0
30,146,-5.860755443572998,18.734704971313477,7.0
30,147,-6.720126152038574,9.393725395202637,18.0
30,148,-23.76958465576172,116.03788757324219,15562.0
30,149,-9.717913627624512,25.51597023010254,7.0
30,150,-25.007061004638672,9.712066650390625,3497.0
30,151,-31.829586029052734,24.118003845214844,278.0
30,152,-13.230833053588867,82.29232788085938,46.0
30,153,-23.675846099853516,13.882784843444824,106.0
30,154,-47.6751594543457,14.134517669677734,1509.0
30,155,-18.091156005859375,13.256009101867676,1016.0
30,156,-63.122379302978516,3.9441189765930176,254.0
30,157,-61.45684051513672,4.834687232971191,117.0
30,158,-17.66009521484375,18.979305267333984,502.0
30,159,-27.051929473876953,20.201765060424805,749.0
30,160,-14.849668502807617,40.952674865722656,922.0
30,161,-12.00676441192627,11.03809928894043,309.0
30,162,-28.884756088256836,11.101308822631836,42.0
30,163,-7.414836883544922,6.383453845977783,4.0
30,164,-11.336198806762695,17.014225006103516,7.0
30,165,-15.12279987335205,154.6142120361328,1412.0
30,166,-6.648557662963867,9.172279357910156,29.0
30,167,-11.069149017333984,4.8613057136535645,7.0
30,168,-50.70661926269531,5.746001720428467,92.0
30,169,-27.925037384033203,32.80659866333008,161.0
30,170,-17.045795440673828,17.132307052612305,15.0
30,171,-15.318857192993164,21.408145904541016,106.0
30,172,-8.724514961242676,78.43399810791016,152.0
30,173,-2.773402214050293,4.001627445220947,2.0
30,174,-13.555131912231445,29.629871368408203,84.0
30,175,-18.039098739624023,36.88554763793945,81.0
30,176,-26.598356246948242,772.466796875,4058.0
30,177,-31.239233016967773,32.16973114013672,1024.0
30,178,-17.439620971679688,78.24972534179688,13.0
30,179,-11.347606658935547,43.92728042602539,697.0
30,180,-27.967336654663086,1087.7147216796875,7016.0
30,181,-13.320602416992188,27.942550659179688,372.0
30,182,-28.377967834472656,113.25721740722656,1193.0
30,183,-47.38176727294922,114.22576904296875,864.0
30,184,-6.07495641708374,20.852590560913086,10.0
30,185,-6.207785606384277,2.4274139404296875,6.0
30,186,-7.167844295501709,6.001209735870361,5.0
30,187,-7.104736328125,10.678638458251953,4.0
30,188,-16.936412811279297,16.82280731201172,29.0
30,189,-50.275882720947266,6.437046051025391,151.0
30,190,-25.148426055908203,66.11557006835938,5772.0
30,191,-14.76111888885498,137.05372619628906,166.0
30,192,-17.76438331604004,9.212377548217773,722.0
30,193,-28.123289108276367,55.56830596923828,1945.0
30,194,-20.929048538208008,187.21583557128906,147.0
30,195,-40.98105239868164,30.41961669921875,88.0
30,196,-13.262518882751465,83.16609954833984,57.0
30,197,-13.210606575012207,14.042962074279785,2374.0
30,198,-22.789241790771484,44.62110900878906,1227.0
30,199,-44.37528991699219,138.46087646484375,9308.0
30,200,-14.667959213256836,11.526629447937012,119.0
30,201,-24.658618927001953,21.809101104736328,443.0
30,202,-10.823431968688965,14.96715259552002,28.0
30,203,-16.579599380493164,5.248592376708984,20.0
30,204,-20.82091522216797,64.34010314941406,354.0
30,205,-13.578069686889648,9.611993789672852,677.0
30,206,-13.21864128112793,81.95856475830078,105.0
30,207,-13.600358963012695,9.647767066955566,238.0
30,208,-14.474620819091797,124.57070922851562,2125.0
30,209,-12.441307067871094,12.040326118469238,87.0
30,210,-15.168719291687012,156.9990234375,519.0
30,211,-14.599098205566406,38.46599197387695,99.0
30,212,-22.6151065826416,25.298107147216797,210.0
30,213,-20.86864471435547,184.40994262695312,463.0
30,214,-14.526638984680176,37.77546310424805,96.0
30,215,-29.28583335876465,38.88969039916992,199.0
30,216,-21.784652709960938,1424.4639892578125,3856.0
30,217,-24.33057403564453,129.8155517578125,615.0
30,218,-20.53108024597168,169.4859619140625,218.0
30,219,-26.405010223388672,6645.3330078125,2395.0
30,220,-16.527559280395508,5.221349716186523,65.0
30,221,-9.773591041564941,25.99394989013672,314.0
30,222,-22.21432113647461,258.1601867675781,1839.0
30,223,-15.295490264892578,2095.914306640625,2023.0
30,224,-21.48341178894043,215.04620361328125,4644.0
30,225,-9.910934448242188,27.211641311645508,22.0
30,226,-29.540096282958984,19.18271255493164,384.0
30,227,-24.651649475097656,15.47262191772461,40.0
30,228,-25.638721466064453,5147.3681640625,1526.0
30,229,-9.456453323364258,3.86098313331604,18.0
30,230,-27.74805450439453,10.098004341125488,242.0
30,231,-8.70174789428711,8.806032180786133,12.0
30,232,-10.575006484985352,14.065875053405762,51.0
30,233,-25.87163543701172,10.506213188171387,164.0
30,234,-12.328401565551758,60.91423797607422,76.0
30,235,-16.206342697143555,14.895471572875977,56.0
30,236,-21.770263671875,37.651668548583984,22.0
30,237,-6.928022861480713,10.067787170410156,27.0
30,238,-14.137741088867188,1174.8204345703125,174.0
30,239,-10.167226791381836,12.702600479125977,3.0
30,240,-21.379825592041016,209.5487518310547,3546.0
30,241,-21.74319076538086,11.199957847595215,55.0
30,242,-8.54275131225586,17.246061325073242,132.0
30,243,-14.815216064453125,40.60145950317383,433.0
30,244,-3.8294179439544678,3.5839755535125732,5.0
30,245,-9.24053955078125,10.075783729553223,4.0
30,246,-24.420818328857422,132.17990112304688,243.0
30,247,-27.78797721862793,1040.01904296875,3631.0
30,248,-37.664573669433594,43.226654052734375,4931.0
30,249,-29.000228881835938,37.525794982910156,245.0
30,250,-18.686172485351562,106.86251831054688,65.0
30,251,-8.220436096191406,5.17628288269043,22.0
30,252,-13.296473503112793,9.171299934387207,52.0
30,253,-8.10232162475586,5.055437088012695,5.0
30,254,-5.764451026916504,6.831085681915283,15.0
30,255,-25.714141845703125,24.88506317138672,93.0
30,256,-29.70773696899414,141.35714721679688,15112.0
30,257,-22.006675720214844,81.55970001220703,1563.0
30,258,-10.916315078735352,38.045082092285156,23.0
30,259,-33.19878005981445,39.994956970214844,445.0
30,260,-27.452831268310547,9423.330078125,13697.0
30,261,-11.26267147064209,42.70106506347656,37.0
30,262,-9.586853981018066,24.425262451171875,216.0
30,263,-33.33559036254883,258.7679138183594,16933.0
30,264,-40.52731704711914,29.29088592529297,68.0
30,265,-17.100643157958984,17.289636611938477,21.0
30,266,-5.2752885818481445,2.872141122817993,2.0
30,267,-7.5211896896362305,12.268845558166504,23.0
30,268,-29.052419662475586,126.73143005371094,1576.0
30,269,-13.113967895507812,79.14824676513672,39.0
30,270,-20.72638511657715,31.639217376708984,659.0
30,271,-10.497273445129395,4.479943752288818,6.0
30,272,-12.717264175415039,8.327340126037598,29.0
30,273,-31.473979949951172,23.275423049926758,128.0
30,274,-5.460539817810059,6.172968864440918,15.0
30,275,-4.045100688934326,2.7491042613983154,2.0
30,276,-11.556239128112793,17.97640037536621,17.0
30,277,-21.11156463623047,13.998435974121094,99.0
30,278,-11.903799057006836,19.608238220214844,15.0
30,279,-29.44814682006836,39.68678665161133,1249.0
30,280,-14.110363006591797,1158.84765625,1314.0
30,281,-40.87329864501953,18.53241539001465,405.0
30,282,-6.111794471740723,7.66960334777832,18.0
30,283,-9.451961517333984,23.351327896118164,11.0
30,284,-26.780956268310547,28.43496322631836,51.0
30,285,-18.939388275146484,6.6454925537109375,588.0
30,286,-35.779022216796875,35.79836654663086,20301.0
30,287,-27.55811309814453,31.335891723632812,2027.0
30,288,-2.9448914527893066,19.00859832763672,3.0
30,289,-9.06108283996582,20.498689651489258,103.0
30,290,-32.424720764160156,36.69889831542969,174.0
30,291,-17.783069610595703,85.2652816772461,160.0
30,292,-27.47599983215332,961.986083984375,425.0
30,293,-8.021631240844727,55.19186782836914,243.0
30,294,-3.847531795501709,3.6056809425354004,3.0
30,295,-16.83945655822754,11.085484504699707,226.0
30,296,-11.214522361755371,42.02119827270508,50.0
30,297,-25.99034309387207,180.92247009277344,2486.0
30,298,-3.875030517578125,3.638883590698242,4.0
30,299,-9.06634521484375,20.53467559814453,17.0
30,300,-13.721485137939453,15.55367660522461,39.0
30,301,-13.958719253540039,32.77545166015625,79.0
30,302,-8.459527969360352,8.288607597351074,128.0
30,303,-8.851402282714844,19.114885330200195,32.0
30,304,-10.190293312072754,29.867307662963867,122.0
30,305,-30.575075149536133,16.111804962158203,160.0
30,306,-19.598651885986328,134.24452209472656,983.0
30,307,-19.028564453125,23.841495513916016,15044.0
30,308,-22.419038772583008,24.599348068237305,17217.0
30,309,-27.752920150756836,12.465849876403809,173.0
30,310,-15.332538604736328,12.876745223999023,75.0
30,311,-16.959505081176758,16.887676239013672,51.0
30,312,-24.264480590820312,7.553719997406006,25.0
30,313,-15.567403793334961,7.000107288360596,53.0
30,314,-25.102357864379883,9.796571731567383,86.0
30,315,-16.940940856933594,29.61225128173828,97.0
32,0,-19.272457122802734,123.73155212402344,441.0
32,1,-18.62594985961914,6.440428256988525,1220.0
32,2,-9.631393432617188,123.43278503417969,27.0
32,3,-15.054160118103027,151.1168670654297,124.0
32,4,-20.198383331298828,9.433478355407715,17.0
32,5,-9.05489730834961,9.61884593963623,10.0
32,6,-26.346881866455078,80.73297882080078,333.0
32,7,-14.965660095214844,42.15760040283203,267.0
32,8,-9.208733558654785,21.532812118530273,71.0
32,9,-17.099720001220703,71.87510681152344,525.0
32,10,-17.93675994873047,36.13825607299805,1093.0
32,11,-9.045818328857422,20.394655227661133,69.0
32,12,-4.960517883300781,5.225266933441162,3.0
32,13,-31.16274070739746,85.78291320800781,7913.0
32,14,-22.897096633911133,26.33802604675293,447.0
32,15,-8.66801643371582,8.732085227966309,50.0
32,16,-11.54944133758545,46.984310150146484,50.0
32,17,-9.237302780151367,10.067633628845215,29.0
32,18,-3.536917209625244,5.86181116104126,2.0
32,19,-21.395896911621094,14.504908561706543,147.0
32,20,-33.913238525390625,21.824247360229492,336.0
32,21,-76.93763732910156,39.005279541015625,2007.0
32,22,-7.946689128875732,4.900503158569336,20.0
32,23,-17.0372257232666,8.411949157714844,19.0
32,24,-11.481785774230957,9.93791389465332,14.0
32,25,-17.207962036132812,17.601667404174805,208.0
32,26,-14.2996187210083,117.51189422607422,71.0
32,27,-28.436777114868164,17.178829193115234,52.0
32,28,-11.804473876953125,10.600431442260742,13.0
32,29,-14.83703899383545,19.441457748413086,138.0
32,30,-7.204240798950195,6.056064605712891,4.0
32,31,-20.34159278869629,880.5361328125,2834.0
32,32,-14.893657684326172,41.4055290222168,34.0
32,33,-15.262609481811523,45.406368255615234,551.0
32,34,-8.340408325195312,8.04541301727295,7.0
32,35,-16.19629669189453,10.11234188079834,32.0
32,36,-22.20476531982422,6.3623456954956055,85.0
32,37,-22.712980270385742,17.100753784179688,416.0
32,38,-18.79288673400879,109.75182342529297,66.0
32,39,-34.20044708251953,71.8841552734375,55.0
32,40,-30.111473083496094,151.19630432128906,467.0
32,41,-20.31858253479004,58.19016647338867,510.0
32,42,-16.593595504760742,10.702888488769531,4910.0
32,43,-4.284477233886719,2.918644428253174,2.0
32,44,-9.581526756286621,6.795804023742676,18.0
32,45,-19.232620239257812,46.83000183105469,1056.0
32,46,-26.432384490966797,43.643524169921875,42.0
32,47,-9.24891471862793,10.096902847290039,21.0
32,48,-30.071670532226562,73.4021224975586,79.0
32,49,-30.81952667236328,81.67840576171875,8319.0
32,50,-6.0052289962768555,4.487551689147949,16.0
32,51,-18.85059356689453,111.34666442871094,570.0
32,52,-10.768906593322754,14.764514923095703,15.0
32,53,-48.09376525878906,31.039758682250977,524.0
32,54,-18.699447631835938,42.093345642089844,836.0
32,55,-5.364318370819092,213.64556884765625,38.0
32,56,-28.418743133544922,13.243701934814453,1275.0
32,57,-8.475099563598633,16.86150550842285,7.0
32,58,-15.675989151000977,50.34993362426758,747.0
32,59,-17.60603904724121,18.809080123901367,76.0
32,60,-11.324731826782227,16.965518951416016,1104.0
32,61,-18.79668617248535,42.91996765136719,94.0
32,62,-22.657760620117188,92.90265655517578,1460.0
32,63,-13.596324920654297,15.169168472290039,491.0
32,64,-2.1045258045196533,2.8641250133514404,2.0
32,65,-4.1905903816223145,8.127840042114258,4.0
32,66,-30.002586364746094,15.294723510742188,2687.0
32,67,-5.95459508895874,19.634681701660156,16.0
32,68,-13.996399879455566,10.306074142456055,222.0
32,69,-21.399776458740234,1252.9534912109375,535.0
32,70,-21.21490478515625,20.711740493774414,444.0
32,71,-28.865642547607422,17.931596755981445,982.0
32,72,-14.04317855834961,1120.566162109375,520.0
32,73,-35.707298278808594,19.60154151916504,578.0
32,74,-12.984745025634766,13.422723770141602,1280.0
32,75,-19.594585418701172,50.34589767456055,387.0
32,76,-4.680348873138428,3.222273588180542,2.0
32,77,-26.553470611572266,44.405033111572266,42.0
32,78,-5.111177444458008,12.87887954711914,6.0
32,79,-20.357948303222656,9.60222053527832,166.0
32,80,-12.464990615844727,63.751766204833984,47.0
32,81,-23.648780822753906,13.841099739074707,18.0
32,82,-41.912925720214844,25.130224227905273,23.0
32,83,-14.400684356689453,17.816713333129883,1083.0
32,84,-26.018573760986328,7.399621486663818,13.0
32,85,-37.68009948730469,18.146345138549805,73.0
32,86,-24.90591049194336,15.915977478027344,3930.0
32,87,-27.924381256103516,1.7289892435073853,16.0
32,88,-4.033139705657959,3.8358070850372314,2.0
32,89,-5.020133972167969,12.305754661560059,14.0
32,90,-16.116514205932617,215.32994079589844,480.0
32,91,-13.394024848937988,9.321629524230957,100.0
32,92,-40.21503829956055,9.338715553283691,25.0
32,93,-9.752836227416992,11.45251178741455,6.0
32,94,-17.131166458129883,30.76055908203125,89.0
32,95,-15.501388549804688,13.244266510009766,32.0
32,96,-5.812146186828613,6.940557956695557,5.0
32,97,-13.853928565979004,31.927961349487305,32.0
32,98,-9.491107940673828,6.674015045166016,39.0
32,99,-17.864765167236328,12.834145545959473,99.0
32,100,-22.840877532958984,5.794971942901611,12.0
32,101,-37.860599517822266,14.944278717041016,111.0
32,102,-30.481361389160156,29.57170295715332,161.0
32,103,-17.330698013305664,76.14767456054688,1261.0
32,104,-46.7863883972168,107.62348937988281,1316.0
32,105,-1.7137566804885864,2.35579514503479,2.0
32,106,-84.09329223632812,5.563289642333984,1834.0
32,107,-8.056434631347656,14.665212631225586,128.0
32,108,-10.196256637573242,29.926733016967773,20.0
32,109,-21.847705841064453,79.00737762451172,284.0
32,110,-19.360424041748047,126.48275756835938,149.0
32,111,-19.953079223632812,27.81326675415039,610.0
32,112,-15.376763343811035,12.972010612487793,29.0
32,113,-6.460702896118164,5.02877140045166,11.0
32,114,-62.096839904785156,5.895536422729492,171.0
32,115,-19.689498901367188,11.718717575073242,564.0
32,116,-32.94713592529297,19.989240646362305,875.0
32,117,-10.543659210205078,8.237787246704102,9.0
32,118,-9.562019348144531,24.223899841308594,130.0
32,119,-16.103464126586914,25.04546546936035,66.0
32,120,-16.054950714111328,9.910198211669922,17.0
32,121,-15.930871963500977,24.195688247680664,30.0
32,122,-32.12174606323242,4.306301116943359,591.0
32,123,-21.542407989501953,21.703786849975586,14404.0
32,124,-12.37472915649414,22.05815315246582,45.0
32,125,-12.324068069458008,21.780542373657227,52.0
32,126,-11.813232421875,10.6190185546875,32.0
32,127,-25.110336303710938,12.317654609680176,1417.0
32,128,-15.538630485534668,22.3701171875,26.0
32,129,-8.610976219177246,2.603287696838379,4.0
32,130,-35.385982513427734,50.997459411621094,401.0
32,131,-7.102694511413574,10.671374320983887,4.0
32,132,-17.317264556884766,75.89237213134766,18.0
32,133,-41.440399169921875,24.233182907104492,316.0
32,134,-22.58173370361328,91.500732421875,721.0
32,135,-15.680810928344727,3.694089651107788,5.0
32,136,-27.357269287109375,20.89890480041504,44.0
32,137,-23.313568115234375,18.43398666381836,25.0
32,138,-29.151987075805664,64.36495971679688,323.0
32,139,-22.572368621826172,282.3343811035156,1151.0
32,140,-65.74530029296875,3.825697660446167,23.0
32,141,-15.565888404846191,179.2227783203125,93.0
32,142,-16.06110954284668,24.834203720092773,66.0
32,143,-7.349418640136719,11.586101531982422,14.0
32,144,-25.933984756469727,3.9155139923095703,38.0
32,145,-4.602863788604736,4.638021945953369,6.0
32,146,-5.885385513305664,18.96685028076172,7.0
32,147,-6.699357986450195,9.328919410705566,18.0
32,148,-23.626277923583984,112.75930786132812,15219.0
32,149,-9.792693138122559,26.159984588623047,7.0
32,150,-24.818927764892578,9.547372817993164,3486.0
32,151,-31.908666610717773,24.30948829650879,275.0
32,152,-13.18902587890625,81.15345001220703,46.0
32,153,-23.631561279296875,13.814642906188965,105.0
32,154,-47.51227569580078,14.007193565368652,1484.0
32,155,-18.06857681274414,13.213316917419434,1002.0
32,156,-62.734947204589844,3.911039113998413,248.0
32,157,-61.490501403808594,4.838861465454102,122.0
32,158,-17.773889541625977,19.342695236206055,508.0
32,159,-27.04655647277832,20.189706802368164,751.0
32,160,-14.869057655334473,41.151668548583984,930.0
32,161,-12.049121856689453,11.13200569152832,316.0
32,162,-28.98362922668457,11.193155288696289,41.0
32,163,-7.397075653076172,6.3551716804504395,4.0
32,164,-11.362197875976562,17.125171661376953,7.0
32,165,-15.128402709960938,154.9032745361328,1419.0
32,166,-6.688992500305176,9.29674243927002,32.0
32,167,-10.884627342224121,4.73483419418335,7.0
32,168,-50.599212646484375,5.724759101867676,92.0
32,169,-27.75959014892578,32.135093688964844,158.0
32,170,-16.97330665588379,16.92656707763672,15.0
32,171,-15.288858413696289,21.280086517333984,104.0
32,172,-8.744756698608398,79.23184967041016,157.0
32,173,-2.7311508655548096,3.9179768562316895,2.0
32,174,-13.570389747619629,29.743106842041016,92.0
32,175,-18.04618263244629,36.93783950805664,82.0
32,176,-26.547340393066406,762.6773681640625,3982.0
32,177,-31.24576187133789,32.19306945800781,997.0
32,178,-17.440902709960938,78.2748031616211,13.0
32,179,-11.380663871765137,44.41399002075195,703.0
32,180,-27.989336013793945,1093.71337890625,7049.0
32,181,-13.301074981689453,27.806472778320312,379.0
32,182,-28.366966247558594,113.04969787597656,1161.0
32,183,-47.546295166015625,116.12064361572266,874.0
32,184,-6.076861381530762,20.872461318969727,10.0
32,185,-6.126127243041992,2.399261713027954,6.0
32,186,-7.263511657714844,6.146470069885254,5.0
32,187,-7.115486145019531,10.716973304748535,4.0
32,188,-16.90073585510254,16.723073959350586,25.0
32,189,-50.406402587890625,6.468238830566406,151.0
32,190,-25.11077117919922,65.70195770263672,5745.0
32,191,-14.628812789916992,131.1407012939453,164.0
32,192,-17.674283981323242,9.109206199645996,715.0
32,193,-28.133190155029297,55.646949768066406,1908.0
32,194,-20.983409881591797,189.77752685546875,146.0
32,195,-40.991756439208984,30.446760177612305,87.0
32,196,-13.206231117248535,81.62023162841797,57.0
32,197,-13.257086753845215,14.174112319946289,2368.0
32,198,-22.790401458740234,44.62972640991211,1249.0
32,199,-44.21479034423828,136.01356506347656,9260.0
32,200,-14.676260948181152,11.542588233947754,119.0
32,201,-24.703693389892578,21.932327270507812,443.0
32,202,-10.785204887390137,14.824796676635742,28.0
32,203,-16.58795166015625,5.2529778480529785,20.0
32,204,-20.688724517822266,62.661354064941406,351.0
32,205,-13.498876571655273,9.485960960388184,667.0
32,206,-13.326656341552734,84.96324920654297,108.0
32,207,-13.715347290039062,9.834446907043457,246.0
32,208,-14.388440132141113,121.04312896728516,2036.0
32,209,-12.485493659973145,12.147199630737305,85.0
32,210,-15.142204284667969,155.6175537109375,506.0
32,211,-14.564205169677734,38.13190460205078,100.0
32,212,-22.663049697875977,25.471969604492188,213.0
32,213,-20.87299919128418,184.6107940673828,463.0
32,214,-14.4901704788208,37.432621002197266,90.0
32,215,-29.378589630126953,39.34321975708008,202.0
32,216,-21.88842010498047,1474.5972900390625,3953.0
32,217,-24.366310119628906,130.7467041015625,654.0
32,218,-20.615310668945312,173.0927734375,224.0
32,219,-26.418251037597656,6674.72802734375,2378.0
32,220,-16.477893829345703,5.195481777191162,68.0
32,221,-9.730167388916016,25.620407104492188,307.0
32,222,-22.111164093017578,251.58755493164062,1799.0
32,223,-15.291229248046875,2091.45361328125,1944.0
32,224,-21.445186614990234,213.00096130371094,4703.0
32,225,-9.807781219482422,26.291887283325195,21.0
32,226,-29.542646408081055,19.18760871887207,387.0
32,227,-24.787363052368164,15.707704544067383,41.0
32,228,-25.58099937438965,5049.27294921875,1490.0
32,229,-9.432266235351562,3.847665548324585,17.0
32,230,-27.73095703125,10.083627700805664,233.0
32,231,-8.640448570251465,8.672110557556152,12.0
32,232,-10.565052032470703,14.030913352966309,50.0
32,233,-25.95085334777832,10.582149505615234,162.0
32,234,-12.301263809204102,60.36572265625,76.0
32,235,-16.213123321533203,14.912313461303711,58.0
32,236,-21.67662811279297,37.068641662597656,22.0
32,237,-6.881714344024658,9.913572311401367,27.0
32,238,-14.148366928100586,1181.0787353515625,177.0
32,239,-10.141764640808105,12.62199878692627,3.0
32,240,-21.421842575073242,211.7615203857422,3591.0
32,241,-21.65718650817871,11.093440055847168,54.0
32,242,-8.527360916137695,17.157814025878906,132.0
32,243,-14.76559066772461,40.10085678100586,442.0
32,244,-3.821408987045288,3.574420213699341,4.0
32,245,-9.328471183776855,10.299731254577637,4.0
32,246,-24.303466796875,129.11370849609375,237.0
32,247,-27.82493019104004,1049.6715087890625,3620.0
32,248,-37.74087142944336,43.5577278137207,4958.0
32,249,-28.819236755371094,36.686344146728516,230.0
32,250,-18.706350326538086,107.40294647216797,68.0
32,251,-8.214988708496094,5.170646667480469,23.0
32,252,-13.253803253173828,9.106307029724121,52.0
32,253,-8.122109413146973,5.075483798980713,5.0
32,254,-5.774075984954834,6.8530378341674805,15.0
32,255,-25.637271881103516,24.6470947265625,91.0
32,256,-29.77498435974121,142.9503173828125,14924.0
32,257,-21.997207641601562,81.40541076660156,1586.0
32,258,-10.969375610351562,38.72396469116211,25.0
32,259,-33.10575866699219,39.58371353149414,460.0
32,260,-27.349201202392578,9103.376953125,13429.0
32,261,-11.200791358947754,41.82929611206055,36.0
32,262,-9.594846725463867,24.49042510986328,216.0
32,263,-33.33958053588867,258.9400939941406,16731.0
32,264,-40.436744689941406,29.070642471313477,68.0
32,265,-17.058961868286133,17.16994285583496,24.0
32,266,-5.207740783691406,2.8336005210876465,2.0
32,267,-7.509255409240723,12.220136642456055,23.0
32,268,-29.01386070251465,125.9195556640625,1634.0
32,269,-13.136674880981445,79.74958038330078,39.0
32,270,-20.754724502563477,31.789012908935547,654.0
32,271,-10.56067180633545,4.520701885223389,6.0
32,272,-12.723621368408203,8.336167335510254,27.0
32,273,-31.406232833862305,23.11827278137207,129.0
32,274,-5.406221866607666,6.062207221984863,15.0
32,275,-4.042636871337891,2.7474114894866943,2.0
32,276,-11.54399585723877,17.92146110534668,17.0
32,277,-21.0111083984375,13.823756217956543,99.0
32,278,-11.86423110961914,19.41522789001465,15.0
32,279,-29.30072021484375,38.96212387084961,1249.0
32,280,-14.138809204101562,1175.447998046875,1344.0
32,281,-40.641082763671875,18.227556228637695,392.0
32,282,-6.094773292541504,7.626211643218994,18.0
32,283,-9.455625534057617,23.379865646362305,12.0
32,284,-26.79857635498047,28.497663497924805,52.0
32,285,-18.947555541992188,6.650922775268555,555.0
32,286,-35.89210510253906,36.20547866821289,20244.0
32,287,-27.576597213745117,31.408374786376953,2052.0
32,288,-2.86452317237854,17.540687561035156,3.0
32,289,-9.029159545898438,20.281719207763672,103.0
32,290,-32.32537841796875,36.296043395996094,173.0
32,291,-17.732242584228516,84.1886978149414,155.0
32,292,-27.42792510986328,950.493408203125,422.0
32,293,-8.028970718383789,55.394779205322266,245.0
32,294,-3.7533373832702637,3.4942281246185303,3.0
32,295,-16.842546463012695,11.090380668640137,223.0
32,296,-11.237972259521484,42.350948333740234,52.0
32,297,-26.005117416381836,181.4578857421875,2450.0
32,298,-3.8827438354492188,3.648251533508301,4.0
32,299,-8.955493927001953,19.78976058959961,14.0
32,300,-13.724814414978027,15.564037322998047,38.0
32,301,-13.997400283813477,33.093936920166016,77.0
32,302,-8.449596405029297,8.26805305480957,135.0
32,303,-8.851224899291992,19.113754272460938,31.0
32,304,-10.171361923217773,29.679424285888672,123.0
32,305,-30.482540130615234,15.976839065551758,158.0
32,306,-19.664274215698242,136.46505737304688,1006.0
32,307,-19.089200973510742,24.08365821838379,15243.0
32,308,-22.214210510253906,23.88996696472168,17016.0
32,309,-27.871179580688477,12.600590705871582,182.0
32,310,-15.228239059448242,12.654842376708984,76.0
32,311,-17.050554275512695,17.145898818969727,53.0
32,312,-24.227725982666016,7.530618667602539,25.0
32,313,-15.527691841125488,6.965445041656494,53.0
32,314,-24.91562271118164,9.631669998168945,87.0
32,315,-16.973583221435547,29.80620765686035,97.0
34,0,-19.34041976928711,125.8517837524414,452.0
34,1,-18.614788055419922,6.433243751525879,1239.0
34,2,-9.680764198303223,126.51769256591797,27.0
34,3,-14.982851028442383,147.56719970703125,119.0
34,4,-19.89002227783203,9.115738868713379,18.0
34,5,-9.04928207397461,9.605352401733398,10.0
34,6,-26.32944107055664,80.49864959716797,345.0
34,7,-14.94424819946289,41.932533264160156,262.0
34,8,-9.209470748901367,21.538101196289062,70.0
34,9,-17.031770706176758,70.6644515991211,521.0
34,10,-17.90410804748535,35.90302276611328,1090.0
34,11,-9.096736907958984,20.743762969970703,69.0
34,12,-4.958685874938965,5.2220778465271,3.0
34,13,-31.07428741455078,84.70577239990234,7917.0
34,14,-22.845985412597656,26.14641571044922,428.0
34,15,-8.56900405883789,8.51859188079834,48.0
34,16,-11.593376159667969,47.67746353149414,50.0
34,17,-9.225532531738281,10.038052558898926,29.0
34,18,-3.5141751766204834,5.795534133911133,2.0
34,19,-21.305667877197266,14.342232704162598,143.0
34,20,-33.94306945800781,21.883516311645508,333.0
34,21,-77.07550048828125,39.262184143066406,2030.0
34,22,-8.062948226928711,5.015783786773682,23.0
34,23,-17.049299240112305,8.424654006958008,19.0
34,24,-11.470352172851562,9.915215492248535,14.0
34,25,-17.192541122436523,17.55648422241211,208.0
34,26,-14.192371368408203,113.38516998291016,69.0
34,27,-28.329200744628906,16.99501609802246,53.0
34,28,-11.677318572998047,10.33425235748291,14.0
34,29,-14.880587577819824,19.611530303955078,146.0
34,30,-7.226983547210693,6.0905961990356445,4.0
34,31,-20.384395599365234,893.1891479492188,2822.0
34,32,-14.880837440490723,41.273033142089844,34.0
34,33,-15.257600784301758,45.34954833984375,547.0
34,34,-8.27879524230957,7.922436237335205,7.0
34,35,-16.132787704467773,10.021010398864746,32.0
34,36,-22.224613189697266,6.372878074645996,87.0
34,37,-22.71367073059082,17.102230072021484,418.0
34,38,-18.687042236328125,106.88575744628906,64.0
34,39,-34.14888000488281,71.42228698730469,54.0
34,40,-30.123319625854492,151.4950714111328,468.0
34,41,-20.331424713134766,58.3398323059082,506.0
34,42,-16.561824798583984,10.654420852661133,4772.0
34,43,-4.306118965148926,2.934478521347046,2.0
34,44,-9.608713150024414,6.832855701446533,17.0
34,45,-19.323894500732422,47.69272994995117,1046.0
34,46,-26.511066436767578,44.1368522644043,40.0
34,47,-9.256818771362305,10.116873741149902,21.0
34,48,-30.028785705566406,72.95380401611328,81.0
34,49,-30.606992721557617,79.2357406616211,8231.0
34,50,-5.895255088806152,4.365853786468506,16.0
34,51,-18.794328689575195,109.79139709472656,575.0
34,52,-10.761302947998047,14.736474990844727,15.0
34,53,-47.87592315673828,30.560510635375977,501.0
34,54,-18.65516471862793,41.7221794128418,806.0
34,55,-5.377349376678467,216.4477996826172,38.0
34,56,-28.579959869384766,13.439231872558594,1273.0
34,57,-8.469585418701172,16.830543518066406,7.0
34,58,-15.74179744720459,51.185142517089844,745.0
34,59,-17.611587524414062,18.82648468017578,78.0
34,60,-11.315142631530762,16.924896240234375,1097.0
34,61,-18.686656951904297,41.98579406738281,92.0
34,62,-22.671363830566406,93.1557388305664,1440.0
34,63,-13.584753036499023,15.134103775024414,493.0
34,64,-2.0969953536987305,2.853361129760742,2.0
34,65,-4.2385172843933105,8.324963569641113,4.0
34,66,-29.904756546020508,15.159302711486816,2758.0
34,67,-5.882902145385742,18.943313598632812,15.0
34,68,-14.039831161499023,10.38094425201416,230.0
34,69,-21.424617767333984,1263.371337890625,526.0
34,70,-21.14373207092285,20.502220153808594,441.0
34,71,-28.79456329345703,17.804590225219727,968.0
34,72,-14.092747688293457,1148.685791015625,521.0
34,73,-35.4276123046875,19.149967193603516,587.0
34,74,-12.912790298461914,13.230941772460938,1269.0
34,75,-19.541933059692383,49.818519592285156,379.0
34,76,-4.705661773681641,3.242729663848877,2.0
34,77,-26.54363250732422,44.34267807006836,42.0
34,78,-5.1493754386901855,13.127217292785645,7.0
34,79,-20.276826858520508,9.516058921813965,166.0
34,80,-12.440516471862793,63.23378372192383,47.0
34,81,-23.515182495117188,13.637154579162598,18.0
34,82,-42.03799819946289,25.373165130615234,23.0
34,83,-14.455140113830566,18.011816024780273,1097.0
34,84,-25.998619079589844,7.388271331787109,13.0
34,85,-37.683685302734375,18.151351928710938,73.0
34,86,-24.868907928466797,15.850672721862793,3953.0
34,87,-27.89837646484375,1.7281076908111572,16.0
34,88,-4.067740440368652,3.8803038597106934,2.0
34,89,-5.005156517028809,12.213943481445312,14.0
34,90,-16.154571533203125,218.07894897460938,489.0
34,91,-13.44411563873291,9.399776458740234,100.0
34,92,-40.035587310791016,9.246076583862305,25.0
34,93,-9.728204727172852,11.38220500946045,6.0
34,94,-17.028871536254883,30.137624740600586,87.0
34,95,-15.576766014099121,13.411704063415527,32.0
34,96,-5.834105014801025,6.991546154022217,5.0
34,97,-13.904498100280762,32.334171295166016,33.0
34,98,-9.408979415893555,6.5652852058410645,41.0
34,99,-17.873537063598633,12.850238800048828,99.0
34,100,-22.870441436767578,5.808165550231934,12.0
34,101,-37.785308837890625,14.864123344421387,109.0
34,102,-30.30884552001953,29.0102596282959,160.0
34,103,-17.280298233032227,75.1942367553711,1263.0
34,104,-46.78126907348633,107.56838989257812,1319.0
34,105,-1.773759365081787,2.4275431632995605,2.0
34,106,-83.83253479003906,5.5337629318237305,1804.0
34,107,-8.051928520202637,14.64320182800293,133.0
34,108,-10.23717212677002,30.337684631347656,19.0
34,109,-21.74065399169922,77.33377075195312,273.0
34,110,-19.271526336669922,123.70276641845703,146.0
34,111,-19.98403549194336,27.957138061523438,603.0
34,112,-15.301603317260742,12.810526847839355,30.0
34,113,-6.418135166168213,4.975539684295654,11.0
34,114,-62.051090240478516,5.8878350257873535,172.0
34,115,-19.631080627441406,11.633456230163574,565.0
34,116,-32.86832809448242,19.846540451049805,872.0
34,117,-10.521907806396484,8.20202922821045,9.0
34,118,-9.622542381286621,24.717561721801758,137.0
34,119,-16.07132911682129,24.8850154876709,64.0
34,120,-16.148088455200195,10.042938232421875,17.0
34,121,-15.975677490234375,24.413484573364258,30.0
34,122,-32.05894088745117,4.294025421142578,586.0
34,123,-21.61395263671875,21.9267520904541,14460.0
34,124,-12.302129745483398,21.66141128540039,46.0
34,125,-12.191004753112793,21.067914962768555,50.0
34,126,-11.844354629516602,10.685321807861328,32.0
34,127,-25.2289981842041,12.464691162109375,1451.0
34,128,-15.353385925292969,21.55649757385254,26.0
34,129,-8.592333793640137,2.597900629043579,4.0
34,130,-35.58111572265625,52.115238189697266,404.0
34,131,-7.038031101226807,10.44382095336914,4.0
34,132,-17.210189819335938,73.88777923583984,18.0
34,133,-41.37672424316406,24.114778518676758,314.0
34,134,-22.605491638183594,91.93650817871094,726.0
34,135,-15.669907569885254,3.690734624862671,5.0
34,136,-27.299789428710938,20.765851974487305,44.0
34,137,-23.262165069580078,18.315921783447266,25.0
34,138,-29.072847366333008,63.641387939453125,307.0
34,139,-22.533184051513672,279.58209228515625,1135.0
34,140,-65.61158752441406,3.815272092819214,23.0
34,141,-15.571147918701172,179.53721618652344,95.0
34,142,-16.084630966186523,24.951305389404297,73.0
34,143,-7.336826324462891,11.537572860717773,14.0
34,144,-25.86368179321289,3.901052713394165,38.0
34,145,-4.681665897369385,4.761464595794678,6.0
34,146,-5.881512641906738,18.930158615112305,7.0
34,147,-6.730968475341797,9.42773723602295,18.0
34,148,-23.641183853149414,113.09596252441406,15158.0
34,149,-9.717947006225586,25.51625633239746,6.0
34,150,-24.778329849243164,9.512202262878418,3514.0
34,151,-31.957103729248047,24.427520751953125,278.0
34,152,-13.198345184326172,81.40595245361328,45.0
34,153,-23.66427230834961,13.864943504333496,105.0
34,154,-47.519874572753906,14.013105392456055,1466.0
34,155,-18.086143493652344,13.246519088745117,1011.0
34,156,-62.76927947998047,3.913959503173828,261.0
34,157,-61.25415802001953,4.809626579284668,120.0
34,158,-17.683265686035156,19.05274200439453,497.0
34,159,-26.97452735900879,20.028770446777344,754.0
34,160,-14.903281211853027,41.50526428222656,959.0
34,161,-12.00694465637207,11.038496971130371,311.0
34,162,-28.91474151611328,11.129083633422852,42.0
34,163,-7.35162353515625,6.2833662033081055,4.0
34,164,-11.328729629516602,16.98248291015625,7.0
34,165,-15.166953086853027,156.90667724609375,1421.0
34,166,-6.717350482940674,9.385039329528809,32.0
34,167,-10.927216529846191,4.763730049133301,7.0
34,168,-50.59223175048828,5.723381519317627,93.0
34,169,-27.76085090637207,32.14016342163086,162.0
34,170,-17.038860321044922,17.112516403198242,17.0
34,171,-15.216753005981445,20.975406646728516,104.0
34,172,-8.754939079284668,79.63626098632812,154.0
34,173,-2.701853036880493,3.8610012531280518,2.0
34,174,-13.588098526000977,29.875078201293945,89.0
34,175,-17.93421173095703,36.11983871459961,83.0
34,176,-26.518709182739258,757.2377319335938,4012.0
34,177,-30.942163467407227,31.12520980834961,943.0
34,178,-17.410018920898438,77.67276763916016,13.0
34,179,-11.302385330200195,43.27009582519531,686.0
34,180,-27.840560913085938,1053.7813720703125,6899.0
34,181,-13.28977108001709,27.72800064086914,367.0
34,182,-28.31616973876953,112.09669494628906,1162.0
34,183,-47.56037521362305,116.28427124023438,875.0
34,184,-6.101020812988281,21.12612533569336,10.0
34,185,-6.116405010223389,2.3959317207336426,6.0
34,186,-7.192812919616699,6.038787841796875,5.0
34,187,-7.166370868682861,10.900300979614258,4.0
34,188,-16.797199249267578,16.43697166442871,26.0
34,189,-50.47520446777344,6.484742164611816,157.0
34,190,-25.184799194335938,66.51758575439453,5680.0
34,191,-14.689531326293945,133.82200622558594,166.0
34,192,-17.616300582885742,9.043421745300293,696.0
34,193,-28.248435974121094,56.57068634033203,1905.0
34,194,-21.002466201782227,190.68380737304688,147.0
34,195,-40.84168243408203,30.0683650970459,87.0
34,196,-13.303017616271973,84.29639434814453,58.0
34,197,-13.205349922180176,14.028203964233398,2364.0
34,198,-22.785486221313477,44.59318161010742,1225.0
34,199,-44.123199462890625,134.63641357421875,9361.0
34,200,-14.6471586227417,11.486738204956055,117.0
34,201,-24.596275329589844,21.63980484008789,439.0
34,202,-10.729832649230957,14.620989799499512,25.0
34,203,-16.475452423095703,5.194213390350342,20.0
34,204,-20.610126495361328,61.68405532836914,347.0
34,205,-13.456612586975098,9.4193754196167,636.0
34,206,-13.313150405883789,84.58161926269531,107.0
34,207,-13.64907169342041,9.726414680480957,239.0
34,208,-14.413921356201172,122.07557678222656,1997.0
34,209,-12.464329719543457,12.095893859863281,88.0
34,210,-15.132959365844727,155.1387176513672,501.0
34,211,-14.508848190307617,37.60782241821289,97.0
34,212,-22.58544921875,25.191146850585938,207.0
34,213,-20.868446350097656,184.4008026123047,478.0
34,214,-14.486505508422852,37.39834213256836,91.0
34,215,-29.034465789794922,37.686737060546875,202.0
34,216,-21.878215789794922,1469.589599609375,3922.0
34,217,-24.369186401367188,130.82199096679688,667.0
34,218,-20.649124145507812,174.5621795654297,225.0
34,219,-26.42198371887207,6683.03955078125,2433.0
34,220,-16.434980392456055,5.173234462738037,67.0
34,221,-9.70662784576416,25.4201602935791,304.0
34,222,-22.071575164794922,249.1098175048828,1801.0
34,223,-15.289532661437988,2089.68017578125,1966.0
34,224,-21.49777603149414,215.81983947753906,4673.0
34,225,-9.807355880737305,26.288158416748047,20.0
34,226,-29.51597785949707,19.136505126953125,389.0
34,227,-24.773664474487305,15.683815002441406,41.0
34,228,-25.598682403564453,5079.12451171875,1463.0
34,229,-9.445858001708984,3.8551437854766846,18.0
34,230,-27.744375228881836,10.09490966796875,234.0
34,231,-8.681286811828613,8.761101722717285,11.0
34,232,-10.610605239868164,14.191615104675293,51.0
34,233,-25.820709228515625,10.457686424255371,169.0
34,234,-12.27620792388916,59.86363220214844,76.0
34,235,-16.23977279663086,14.978693962097168,57.0
34,236,-21.782154083251953,37.726356506347656,22.0
34,237,-6.88843297958374,9.935798645019531,27.0
34,238,-14.07458782196045,1138.3031005859375,168.0
34,239,-10.161108016967773,12.683183670043945,3.0
34,240,-21.205039978027344,200.58938598632812,3492.0
34,241,-21.81067657470703,11.284256935119629,56.0
34,242,-8.501323699951172,17.009544372558594,130.0
34,243,-14.819766998291016,40.64767837524414,442.0
34,244,-3.7951064109802246,3.5432183742523193,4.0
34,245,-9.309835433959961,10.25185775756836,4.0
34,246,-24.225034713745117,127.10416412353516,237.0
34,247,-27.78730010986328,1039.8428955078125,3567.0
34,248,-37.555763244628906,42.75885772705078,4895.0
34,249,-28.949466705322266,37.2884407043457,235.0
34,250,-18.7427978515625,108.38606262207031,66.0
34,251,-8.193147659301758,5.148109436035156,23.0
34,252,-13.210686683654785,9.041101455688477,51.0
34,253,-8.067476272583008,5.020328044891357,5.0
34,254,-5.680330276489258,6.6422014236450195,13.0
34,255,-25.665910720825195,24.735485076904297,90.0
34,256,-29.651126861572266,140.02967834472656,14890.0
34,257,-21.915828704833984,80.0911865234375,1464.0
34,258,-10.86729621887207,37.42848205566406,23.0
34,259,-32.88224792480469,38.612770080566406,437.0
34,260,-27.38519859313965,9213.267578125,13601.0
34,261,-11.172187805175781,41.43238067626953,35.0
34,262,-9.572047233581543,24.30500602722168,207.0
34,263,-33.150917053222656,250.92465209960938,16762.0
34,264,-40.3843879699707,28.944082260131836,67.0
34,265,-17.018102645874023,17.053415298461914,24.0
34,266,-5.229560375213623,2.8459928035736084,2.0
34,267,-7.430016994476318,11.901595115661621,20.0
34,268,-29.00075912475586,125.6449203491211,1647.0
34,269,-13.108643531799316,79.00789642333984,39.0
34,270,-20.752790451049805,31.77876853942871,645.0
34,271,-10.607605934143066,4.551115036010742,6.0
34,272,-12.662834167480469,8.2521390914917,27.0
34,273,-31.466562271118164,23.25816535949707,128.0
34,274,-5.394418239593506,6.038402557373047,14.0
34,275,-4.060225486755371,2.75951886177063,3.0
34,276,-11.484020233154297,17.654752731323242,17.0
34,277,-20.919469833374023,13.66631031036377,94.0
34,278,-11.798919677734375,19.100793838500977,15.0
34,279,-29.16896629333496,38.32570266723633,1218.0
34,280,-14.136123657226562,1173.8707275390625,1323.0
34,281,-40.828102111816406,18.472681045532227,403.0
34,282,-6.109323501586914,7.663288116455078,18.0
34,283,-9.343208312988281,22.519977569580078,12.0
34,284,-26.82339859008789,28.58622169494629,51.0
34,285,-18.90584945678711,6.623241901397705,565.0
34,286,-35.79457092285156,35.854068756103516,20307.0
34,287,-27.507610321044922,31.138696670532227,2047.0
34,288,-2.909653425216675,18.35043716430664,3.0
34,289,-9.03353214263916,20.311298370361328,104.0
34,290,-32.396209716796875,36.58282470703125,170.0
34,291,-17.77788734436035,85.15489196777344,152.0
34,292,-27.356992721557617,933.786865234375,412.0
34,293,-8.041834831237793,55.75223159790039,245.0
34,294,-3.772000789642334,3.5160341262817383,3.0
34,295,-16.845243453979492,11.094654083251953,231.0
34,296,-11.239778518676758,42.37644958496094,50.0
34,297,-25.995574951171875,181.11184692382812,2448.0
34,298,-3.896022081375122,3.6644341945648193,4.0
34,299,-9.0886812210083,20.688135147094727,17.0
34,300,-13.684026718139648,15.437589645385742,39.0
34,301,-13.945859909057617,32.67025375366211,75.0
34,302,-8.50603199005127,8.385533332824707,141.0
34,303,-8.817533493041992,18.900299072265625,28.0
34,304,-10.201494216918945,29.979028701782227,123.0
34,305,-30.48996925354004,15.987630844116211,158.0
34,306,-19.63567543029785,135.49285888671875,955.0
34,307,-19.10506248474121,24.147411346435547,15325.0
34,308,-22.367284774780273,24.418140411376953,17091.0
34,309,-27.80088996887207,12.5203275680542,172.0
34,310,-15.203527450561523,12.602828979492188,73.0
34,311,-17.024368286132812,17.071231842041016,53.0
34,312,-24.04784393310547,7.418576240539551,23.0
34,313,-15.597172737121582,7.0262041091918945,52.0
34,314,-24.874855041503906,9.596038818359375,89.0
34,315,-17.031082153320312,30.15094757080078,97.0
36,0,-19.19000244140625,121.20709228515625,448.0
36,1,-18.646636962890625,6.453765392303467,1223.0
36,2,-9.701892852783203,127.86134338378906,27.0
36,3,-14.96638011932373,146.7592315673828,119.0
36,4,-19.96029281616211,9.187192916870117,18.0
36,5,-9.100362777709961,9.728800773620605,10.0
36,6,-26.190584182739258,78.65707397460938,336.0
36,7,-14.93393325805664,41.82454299926758,257.0
36,8,-9.206645011901855,21.5178279876709,68.0
36,9,-17.06898307800293,71.32492065429688,524.0
36,10,-17.90345001220703,35.89829635620117,1086.0
36,11,-9.062386512756348,20.50760269165039,67.0
36,12,-4.888754844665527,5.101756572723389,3.0
36,13,-31.23318099975586,86.65052032470703,7751.0
36,14,-22.804973602294922,25.993677139282227,433.0
36,15,-8.59836483001709,8.58134937286377,50.0
36,16,-11.581341743469238,47.4865837097168,48.0
36,17,-9.244441986083984,10.085618019104004,29.0
36,18,-3.5170788764953613,5.803954601287842,2.0
36,19,-21.376224517822266,14.469284057617188,143.0
36,20,-33.88014602661133,21.758691787719727,332.0
36,21,-77.01998901367188,39.158538818359375,2006.0
36,22,-7.88264274597168,4.838130950927734,18.0
36,23,-16.96905517578125,8.34057331085205,19.0
36,24,-11.559697151184082,10.093982696533203,13.0
36,25,-17.260154724121094,17.755451202392578,205.0
36,26,-14.357025146484375,119.78219604492188,71.0
36,27,-28.230388641357422,16.827909469604492,52.0
36,28,-11.826788902282715,10.647848129272461,14.0
36,29,-14.871397018432617,19.575511932373047,139.0
36,30,-7.145540237426758,5.967840194702148,4.0
36,31,-20.372617721557617,889.6895141601562,2760.0
36,32,-14.960724830627441,42.10561752319336,33.0
36,33,-15.282398223876953,45.631561279296875,562.0
36,34,-8.339068412780762,8.042718887329102,8.0
36,35,-16.144882202148438,10.038339614868164,32.0
36,36,-22.21160125732422,6.365971088409424,83.0
36,37,-22.72850799560547,17.13397789001465,420.0
36,38,-18.760669708251953,108.87140655517578,64.0
36,39,-34.25305938720703,72.35845947265625,55.0
36,40,-30.14011573791504,151.91976928710938,469.0
36,41,-20.279224395751953,57.73391342163086,505.0
36,42,-16.50790786743164,10.572671890258789,4685.0
36,43,-4.306460380554199,2.9347288608551025,2.0
36,44,-9.53265380859375,6.729701042175293,18.0
36,45,-19.21614646911621,46.675960540771484,1042.0
36,46,-26.624135971069336,44.85557556152344,40.0
36,47,-9.151275634765625,9.853423118591309,20.0
36,48,-30.102930068969727,73.73062896728516,80.0
36,49,-30.643478393554688,79.64981842041016,7994.0
36,50,-5.909358978271484,4.381274700164795,16.0
36,51,-18.801551818847656,109.98983764648438,584.0
36,52,-10.858319282531738,15.098264694213867,15.0
36,53,-47.82559585571289,30.45085334777832,504.0
36,54,-18.700946807861328,42.105960845947266,821.0
36,55,-5.396218776702881,220.57081604003906,39.0
36,56,-28.53420066833496,13.383440971374512,1298.0
36,57,-8.451436996459961,16.72903060913086,7.0
36,58,-15.658324241638184,50.1280632019043,733.0
36,59,-17.61071014404297,18.823732376098633,77.0
36,60,-11.288372993469238,16.8120059967041,1090.0
36,61,-18.677459716796875,41.90864181518555,95.0
36,62,-22.695892333984375,93.61384582519531,1464.0
36,63,-13.59936809539795,15.178403854370117,487.0
36,64,-2.074692487716675,2.82171893119812,2.0
36,65,-4.1974687576293945,8.155840873718262,4.0
36,66,-29.799785614013672,15.015325546264648,2663.0
36,67,-5.904514312744141,19.149127960205078,15.0
36,68,-14.047183990478516,10.393672943115234,231.0
36,69,-21.386760711669922,1247.529052734375,527.0
36,70,-21.23208236694336,20.76262855529785,460.0
36,71,-28.84534454345703,17.895231246948242,1015.0
36,72,-14.196815490722656,1210.038818359375,533.0
36,73,-35.63545227050781,19.484533309936523,586.0
36,74,-12.95455551147461,13.341922760009766,1303.0
36,75,-19.570850372314453,50.10746383666992,380.0
36,76,-4.630475044250488,3.1823463439941406,2.0
36,77,-26.567718505859375,44.49551773071289,42.0
36,78,-5.046913146972656,12.47163200378418,6.0
36,79,-20.40365219116211,9.651104927062988,167.0
36,80,-12.31953239440918,60.73442459106445,45.0
36,81,-23.49506378173828,13.60670280456543,18.0
36,82,-41.98708724975586,25.27399253845215,23.0
36,83,-14.355413436889648,17.656126022338867,1090.0
36,84,-25.943098068237305,7.356783866882324,12.0
36,85,-37.68556213378906,18.15397071838379,73.0
36,86,-24.772592544555664,15.681949615478516,3855.0
36,87,-27.955991744995117,1.7300610542297363,16.0
36,88,-4.02498722076416,3.8253977298736572,2.0
36,89,-4.98660135269165,12.101152420043945,14.0
36,90,-15.994611740112305,206.7555694580078,480.0
36,91,-13.43362045288086,9.38334846496582,95.0
36,92,-39.958946228027344,9.206790924072266,24.0
36,93,-9.792091369628906,11.565458297729492,6.0
36,94,-17.02359390258789,30.105831146240234,87.0
36,95,-15.6231107711792,13.515697479248047,32.0
36,96,-5.6755290031433105,6.631579399108887,5.0
36,97,-13.905027389526367,32.33844757080078,33.0
36,98,-9.465534210205078,6.639966011047363,40.0
36,99,-17.73794174194336,12.603714942932129,98.0
36,100,-22.729034423828125,5.7453293800354,12.0
36,101,-37.6860466003418,14.759109497070312,111.0
36,102,-30.298269271850586,28.97618865966797,159.0
36,103,-17.264114379882812,74.89061737060547,1285.0
36,104,-46.83985900878906,108.20047760009766,1310.0
36,105,-1.7147501707077026,2.3569657802581787,2.0
36,106,-83.79972839355469,5.530059337615967,1787.0
36,107,-7.99259090423584,14.356416702270508,122.0
36,108,-10.145296096801758,29.422666549682617,19.0
36,109,-21.78330421447754,77.99625396728516,282.0
36,110,-19.344444274902344,125.97847747802734,145.0
36,111,-19.95960235595703,27.843523025512695,609.0
36,112,-15.314915657043457,12.838981628417969,29.0
36,113,-6.385512351989746,4.935125350952148,11.0
36,114,-61.79729080200195,5.84529447555542,171.0
36,115,-19.541770935058594,11.504305839538574,562.0
36,116,-32.72935485839844,19.597381591796875,866.0
36,117,-10.578857421875,8.29598331451416,9.0
36,118,-9.451861381530762,23.350549697875977,121.0
36,119,-16.072736740112305,24.89202308654785,64.0
36,120,-16.147281646728516,10.04178237915039,17.0
36,121,-15.787233352661133,23.510488510131836,29.0
36,122,-32.05497741699219,4.293251991271973,629.0
36,123,-21.576128005981445,21.808591842651367,14272.0
36,124,-12.450738906860352,22.481321334838867,46.0
36,125,-12.252662658691406,21.395179748535156,50.0
36,126,-11.83100700378418,10.656834602355957,32.0
36,127,-25.092960357666016,12.296270370483398,1388.0
36,128,-15.418346405029297,21.83838653564453,26.0
36,129,-8.630020141601562,2.608802080154419,4.0
36,130,-35.48997497558594,51.59013748168945,403.0
36,131,-6.987049102783203,10.267837524414062,4.0
36,132,-17.151710510253906,72.81541442871094,18.0
36,133,-41.43898010253906,24.230545043945312,314.0
36,134,-22.5079288482666,90.16000366210938,725.0
36,135,-15.717927932739258,3.705533742904663,5.0
36,136,-27.190160751342773,20.514436721801758,43.0
36,137,-23.24933624267578,18.286571502685547,25.0
36,138,-29.201622009277344,64.82299041748047,322.0
36,139,-22.53944969177246,280.0203857421875,1152.0
36,140,-65.38035583496094,3.7973103523254395,23.0
36,141,-15.620161056518555,182.4945526123047,87.0
36,142,-16.037240982055664,24.7159366607666,72.0
36,143,-7.281273365020752,11.325888633728027,14.0
36,144,-25.879568099975586,3.904315233230591,39.0
36,145,-4.6559224128723145,4.720780372619629,6.0
36,146,-5.850997447967529,18.64352035522461,7.0
36,147,-6.701358795166016,9.335144996643066,18.0
36,148,-23.684476852416992,114.07949829101562,15592.0
36,149,-9.699869155883789,25.362957000732422,6.0
36,150,-24.621200561523438,9.377291679382324,3531.0
36,151,-31.904457092285156,24.299253463745117,269.0
36,152,-13.157490730285645,80.30487823486328,41.0
36,153,-23.495487213134766,13.607346534729004,105.0
36,154,-47.60268020629883,14.077716827392578,1519.0
36,155,-18.006053924560547,13.095826148986816,982.0
36,156,-62.44963836669922,3.8868565559387207,253.0
36,157,-61.17866516113281,4.800325393676758,123.0
36,158,-17.69174575805664,19.079689025878906,493.0
36,159,-26.994333267211914,20.072895050048828,730.0
36,160,-14.928855895996094,41.771484375,939.0
36,161,-12.028955459594727,11.087197303771973,315.0
36,162,-28.859521865844727,11.077988624572754,41.0
36,163,-7.38380241394043,6.334118366241455,4.0
36,164,-11.202238082885742,16.4538516998291,7.0
36,165,-15.162179946899414,156.65719604492188,1410.0
36,166,-6.665333271026611,9.223712921142578,29.0
36,167,-11.04343318939209,4.843479156494141,7.0
36,168,-50.4117546081543,5.687872886657715,91.0
36,169,-27.959802627563477,32.9494743347168,176.0
36,170,-16.996702194213867,16.99269676208496,16.0
36,171,-15.182862281799316,20.833711624145508,104.0
36,172,-8.756148338317871,79.6844253540039,156.0
36,173,-2.7471518516540527,3.9494481086730957,2.0
36,174,-13.516939163208008,29.34830665588379,88.0
36,175,-18.0194091796875,36.74058151245117,80.0
36,176,-26.52576446533203,758.5745239257812,3986.0
36,177,-31.18183708190918,31.96522331237793,988.0
36,178,-17.56268310546875,80.69452667236328,13.0
36,179,-11.339982032775879,43.81577682495117,699.0
36,180,-27.884708404541016,1065.4761962890625,6826.0
36,181,-13.273713111877441,27.616910934448242,366.0
36,182,-28.271169662475586,111.25908660888672,1125.0
36,183,-47.6409797668457,117.22535705566406,890.0
36,184,-6.086614608764648,20.974496841430664,10.0
36,185,-6.069087505340576,2.3797905445098877,6.0
36,186,-7.202629089355469,6.053625106811523,5.0
36,187,-7.053219795227051,10.496829986572266,4.0
36,188,-16.76227569580078,16.341577529907227,23.0
36,189,-50.265281677246094,6.434518814086914,152.0
36,190,-25.132431030273438,65.93954467773438,5602.0
36,191,-14.605977058410645,130.14627075195312,164.0
36,192,-17.567768096923828,8.988724708557129,676.0
36,193,-28.22250747680664,56.361534118652344,1868.0
36,194,-21.032073974609375,192.1004638671875,147.0
36,195,-41.025230407714844,30.531810760498047,88.0
36,196,-13.226618766784668,82.17680358886719,57.0
36,197,-13.197761535644531,14.006933212280273,2383.0
36,198,-22.836090087890625,44.97087097167969,1259.0
36,199,-44.13628387451172,134.83229064941406,9242.0
36,200,-14.685604095458984,11.560575485229492,120.0
36,201,-24.653017044067383,21.793834686279297,438.0
36,202,-10.817323684692383,14.944314002990723,28.0
36,203,-16.60552978515625,5.2622199058532715,20.0
36,204,-20.54720687866211,60.91267395019531,338.0
36,205,-13.415154457092285,9.354515075683594,657.0
36,206,-13.279937744140625,83.65036010742188,104.0
36,207,-13.694738388061523,9.800725936889648,240.0
36,208,-14.421506881713867,122.38465118408203,2024.0
36,209,-12.530501365661621,12.257036209106445,92.0
36,210,-15.141858100891113,155.599609375,515.0
36,211,-14.534978866577148,37.854305267333984,94.0
36,212,-22.57221221923828,25.143558502197266,210.0
36,213,-20.98879623413086,190.0332489013672,470.0
36,214,-14.470314025878906,37.24726867675781,85.0
36,215,-29.19440460205078,38.4477653503418,193.0
36,216,-21.809600830078125,1436.3592529296875,3896.0
36,217,-24.368106842041016,130.79373168945312,627.0
36,218,-20.722400665283203,177.7894744873047,232.0
36,219,-26.406539916992188,6648.724609375,2400.0
36,220,-16.366291046142578,5.137821197509766,66.0
36,221,-9.69311809539795,25.305944442749023,302.0
36,222,-21.937854766845703,240.91970825195312,1726.0
36,223,-15.24919605255127,2047.9571533203125,1937.0
36,224,-21.30356216430664,205.59136962890625,4562.0
36,225,-9.750445365905762,25.794172286987305,20.0
36,226,-29.479236602783203,19.06632423400879,374.0
36,227,-24.703445434570312,15.561925888061523,40.0
36,228,-25.61328125,5103.90283203125,1455.0
36,229,-9.447257995605469,3.855914831161499,18.0
36,230,-27.74724578857422,10.097323417663574,225.0
36,231,-8.652299880981445,8.697842597961426,11.0
36,232,-10.48888874053955,13.766280174255371,51.0
36,233,-25.75653076171875,10.3968505859375,162.0
36,234,-12.29751968383789,60.29041290283203,76.0
36,235,-16.253292083740234,15.012483596801758,55.0
36,236,-21.703401565551758,37.234413146972656,22.0
36,237,-6.812050819396973,9.686018943786621,26.0
36,238,-14.09276008605957,1148.6929931640625,172.0
36,239,-10.095237731933594,12.476032257080078,3.0
36,240,-21.29482650756836,205.1428680419922,3441.0
36,241,-21.730144500732422,11.183733940124512,56.0
36,242,-8.541598320007324,17.23943519592285,131.0
36,243,-14.886510848999023,41.33161544799805,446.0
36,244,-3.756070137023926,3.4974122047424316,4.0
36,245,-9.347909927368164,10.349906921386719,5.0
36,246,-24.192251205444336,126.27352905273438,234.0
36,247,-27.828094482421875,1050.502197265625,3530.0
36,248,-37.52709197998047,42.63643264770508,4932.0
36,249,-28.774791717529297,36.483097076416016,241.0
36,250,-18.720849990844727,107.79297637939453,63.0
36,251,-8.140275955200195,5.093958377838135,23.0
36,252,-13.170302391052246,8.980454444885254,51.0
36,253,-8.034346580505371,4.987173557281494,5.0
36,254,-5.884596347808838,7.110212802886963,16.0
36,255,-25.76643180847168,25.048250198364258,89.0
36,256,-29.502527236938477,136.604248046875,14525.0
36,257,-21.853647232055664,79.10131072998047,1455.0
36,258,-10.799544334411621,36.592674255371094,22.0
36,259,-32.84889221191406,38.46992492675781,437.0
36,260,-27.300737380981445,8957.4912109375,13431.0
36,261,-11.224825859069824,42.16576385498047,36.0
36,262,-9.486724853515625,23.623493194580078,205.0
36,263,-33.10451889038086,248.99176025390625,16609.0
36,264,-40.2618522644043,28.6500244140625,67.0
36,265,-16.980022430419922,16.945524215698242,23.0
36,266,-5.234258651733398,2.8486685752868652,2.0
36,267,-7.362066268920898,11.635051727294922,20.0
36,268,-29.029741287231445,126.25330352783203,1625.0
36,269,-13.05718994140625,77.66436004638672,37.0
36,270,-20.710186004638672,31.553911209106445,642.0
36,271,-10.64096736907959,4.572856903076172,6.0
36,272,-12.727418899536133,8.341445922851562,27.0
36,273,-31.486560821533203,23.304725646972656,127.0
36,274,-5.394840717315674,6.039252758026123,15.0
36,275,-4.056363582611084,2.7568562030792236,3.0
36,276,-11.474061012268066,17.610851287841797,17.0
36,277,-21.043052673339844,13.87906551361084,97.0
36,278,-11.887792587280273,19.529930114746094,15.0
36,279,-28.97353172302246,37.40077590942383,1221.0
36,280,-14.074868202209473,1138.462646484375,1259.0
36,281,-40.62461471557617,18.206127166748047,406.0
36,282,-6.093447208404541,7.6228413581848145,18.0
36,283,-9.456045150756836,23.383132934570312,12.0
36,284,-26.587677001953125,27.756210327148438,50.0
36,285,-18.949859619140625,6.652454376220703,569.0
36,286,-35.82234191894531,35.95377731323242,20103.0
36,287,-27.331974029541016,30.46251106262207,2000.0
36,288,-2.9169883728027344,18.485530853271484,3.0
36,289,-9.044812202453613,20.387815475463867,101.0
36,290,-32.674964904785156,37.73362350463867,181.0
36,291,-17.732297897338867,84.18986511230469,153.0
36,292,-27.332534790039062,928.0946044921875,417.0
36,293,-8.041594505310059,55.74553298950195,247.0
36,294,-3.7441530227661133,3.4835472106933594,3.0
36,295,-16.74233055114746,10.932735443115234,217.0
36,296,-11.222719192504883,42.13616943359375,53.0
36,297,-25.904504776000977,177.84298706054688,2391.0
36,298,-3.9047324657440186,3.675089120864868,4.0
36,299,-8.930171966552734,19.623422622680664,16.0
36,300,-13.730204582214355,15.580822944641113,39.0
36,301,-13.94118881225586,32.63212203979492,73.0
36,302,-8.44161319732666,8.251568794250488,135.0
36,303,-8.900659561157227,19.431325912475586,31.0
36,304,-10.196212768554688,29.926298141479492,122.0
36,305,-30.53769302368164,16.057144165039062,159.0
36,306,-19.55082130432129,132.64883422851562,965.0
36,307,-19.09014892578125,24.087461471557617,15330.0
36,308,-22.306720733642578,24.207786560058594,17014.0
36,309,-27.671661376953125,12.374101638793945,175.0
36,310,-15.200791358947754,12.597082138061523,76.0
36,311,-16.966693878173828,16.90792465209961,52.0
36,312,-24.055706024169922,7.42343807220459,24.0
36,313,-15.50674819946289,6.9472336769104,52.0
36,314,-24.8233585357666,9.55122184753418,92.0
36,315,-17.05896759033203,30.31957244873047,96.0
38,0,-19.229251861572266,122.40227508544922,453.0
38,1,-18.69122314453125,6.482604026794434,1253.0
38,2,-9.691787719726562,127.21694946289062,27.0
38,3,-15.003870010375977,148.60470581054688,121.0
38,4,-19.872528076171875,9.09803581237793,17.0
38,5,-9.074789047241211,9.666799545288086,11.0
38,6,-26.33452606201172,80.56687927246094,336.0
38,7,-15.018699645996094,42.72032928466797,267.0
38,8,-9.192091941833496,21.413694381713867,68.0
38,9,-17.07492446899414,71.43093872070312,517.0
38,10,-17.948200225830078,36.221038818359375,1088.0
38,11,-8.992574691772461,20.035886764526367,67.0
38,12,-4.973501682281494,5.247931003570557,3.0
38,13,-31.162395477294922,85.77870178222656,8110.0
38,14,-22.747360229492188,25.78061294555664,436.0
38,15,-8.620966911315918,8.629976272583008,50.0
38,16,-11.631647109985352,48.289573669433594,49.0
38,17,-9.243535995483398,10.083333969116211,29.0
38,18,-3.51918888092041,5.810080528259277,2.0
38,19,-21.382610321044922,14.480838775634766,149.0
38,20,-33.873104095458984,21.744766235351562,330.0
38,21,-76.82783508300781,38.80186462402344,2014.0
38,22,-7.925289630889893,4.879574298858643,19.0
38,23,-17.021360397338867,8.395283699035645,19.0
38,24,-11.45442008972168,9.883670806884766,13.0
38,25,-17.189611434936523,17.547914505004883,202.0
38,26,-14.307563781738281,117.82351684570312,72.0
38,27,-28.233657836914062,16.833412170410156,52.0
38,28,-11.690424919128418,10.36137580871582,14.0
38,29,-14.745543479919434,19.088930130004883,138.0
38,30,-7.127760410308838,5.941372394561768,4.0
38,31,-20.48190689086914,922.6984252929688,2825.0
38,32,-14.895051956176758,41.41996383666992,33.0
38,33,-15.25258731842041,45.29273986816406,554.0
38,34,-8.372152328491211,8.109515190124512,8.0
38,35,-16.143943786621094,10.036994934082031,32.0
38,36,-22.16672134399414,6.3422064781188965,84.0
38,37,-22.811607360839844,17.312883377075195,420.0
38,38,-18.589942932128906,104.3223648071289,64.0
38,39,-34.17781066894531,71.68104553222656,54.0
38,40,-30.01864242553711,148.875,474.0
38,41,-20.251300811767578,57.41238784790039,510.0
38,42,-16.540508270263672,10.622026443481445,4853.0
38,43,-4.338421821594238,2.9582722187042236,2.0
38,44,-9.484107971191406,6.66467809677124,17.0
38,45,-19.28280258178711,47.302371978759766,1058.0
38,46,-26.474876403808594,43.90925598144531,41.0
38,47,-9.130461692810059,9.802284240722656,19.0
38,48,-29.958410263061523,72.2240219116211,78.0
38,49,-30.44451904296875,77.41781616210938,8084.0
38,50,-5.906815052032471,4.3784894943237305,16.0
38,51,-18.622095108032227,105.16429901123047,554.0
38,52,-10.768842697143555,14.764278411865234,15.0
38,53,-47.86827087402344,30.5438175201416,520.0
38,54,-18.68002700805664,41.93015670776367,812.0
38,55,-5.415808200836182,224.93426513671875,39.0
38,56,-28.54589080810547,13.397673606872559,1287.0
38,57,-8.443753242492676,16.686241149902344,7.0
38,58,-15.727057456970215,50.99687576293945,756.0
38,59,-17.64339828491211,18.92656135559082,76.0
38,60,-11.2409086227417,16.613691329956055,1067.0
38,61,-18.768966674804688,42.682682037353516,91.0
38,62,-22.697662353515625,93.64702606201172,1443.0
38,63,-13.603872299194336,15.192083358764648,492.0
38,64,-2.1185805797576904,2.8843233585357666,2.0
38,65,-4.154077053070068,7.980799198150635,4.0
38,66,-29.939151763916016,15.20677375793457,2811.0
38,67,-5.819640159606934,18.353496551513672,15.0
38,68,-14.078542709350586,10.448139190673828,231.0
38,69,-21.45973777770996,1278.248291015625,531.0
38,70,-21.377197265625,21.197542190551758,460.0
38,71,-28.82767105102539,17.863636016845703,985.0
38,72,-14.07381820678711,1137.8651123046875,529.0
38,73,-35.467979431152344,19.214492797851562,589.0
38,74,-13.033275604248047,13.553640365600586,1327.0
38,75,-19.59049415588379,50.30472183227539,384.0
38,76,-4.687281131744385,3.227863073348999,2.0
38,77,-26.524072647094727,44.21894454956055,42.0
38,78,-5.108193397521973,12.859678268432617,6.0
38,79,-20.30401611328125,9.54485034942627,164.0
38,80,-12.289810180664062,60.13568115234375,44.0
38,81,-23.294761657714844,13.307222366333008,18.0
38,82,-42.09727478027344,25.489124298095703,23.0
38,83,-14.444923400878906,17.97504997253418,1112.0
38,84,-25.97106170654297,7.372626304626465,12.0
38,85,-37.61498260498047,18.055679321289062,73.0
38,86,-24.861244201660156,15.837183952331543,3888.0
38,87,-27.87854766845703,1.7274359464645386,16.0
38,88,-4.041922569274902,3.8470535278320312,2.0
38,89,-4.984200477600098,12.086634635925293,14.0
38,90,-16.09281349182129,213.63546752929688,482.0
38,91,-13.412355422973633,9.350152015686035,100.0
38,92,-39.90917205810547,9.181367874145508,24.0
38,93,-9.814836502075195,11.631409645080566,6.0
38,94,-17.09865379333496,30.56118392944336,88.0
38,95,-15.691388130187988,13.670377731323242,31.0
38,96,-5.762803554534912,6.827335834503174,5.0
38,97,-13.905972480773926,32.346092224121094,30.0
38,98,-9.433565139770508,6.597646713256836,40.0
38,99,-17.734331130981445,12.597217559814453,99.0
38,100,-22.54363250732422,5.663972854614258,12.0
38,101,-37.45656967163086,14.519160270690918,112.0
38,102,-30.27293586730957,28.894742965698242,155.0
38,103,-17.289705276489258,75.37128448486328,1248.0
38,104,-46.940269470214844,109.29241180419922,1319.0
38,105,-1.7402734756469727,2.387237310409546,2.0
38,106,-83.55695343017578,5.502727508544922,1808.0
38,107,-8.096944808959961,14.864584922790527,137.0
38,108,-10.18387222290039,29.80344581604004,19.0
38,109,-21.799163818359375,78.24404907226562,279.0
38,110,-19.33702850341797,125.7451400756836,148.0
38,111,-19.998912811279297,28.02654457092285,614.0
38,112,-15.29971981048584,12.80650520324707,29.0
38,113,-6.3761725425720215,4.923615455627441,10.0
38,114,-61.78983688354492,5.844049453735352,169.0
38,115,-19.52671241760254,11.482671737670898,553.0
38,116,-32.77831268310547,19.684799194335938,843.0
38,117,-10.609601974487305,8.347151756286621,9.0
38,118,-9.59266185760498,24.472593307495117,143.0
38,119,-15.992213249206543,24.494356155395508,59.0
38,120,-16.097169876098633,9.970149993896484,17.0
38,121,-15.99284553527832,24.49744987487793,30.0
38,122,-32.002899169921875,4.283100605010986,628.0
38,123,-21.665082931518555,22.08750343322754,14602.0
38,124,-12.318626403808594,21.750930786132812,46.0
38,125,-12.33851432800293,21.859346389770508,50.0
38,126,-11.785977363586426,10.56128978729248,31.0
38,127,-25.07317352294922,12.271964073181152,1393.0
38,128,-15.390520095825195,21.717187881469727,25.0
38,129,-8.707817077636719,2.631450653076172,4.0
38,130,-35.37290954589844,50.923439025878906,389.0
38,131,-6.953303337097168,10.152985572814941,4.0
38,132,-17.157194137573242,72.9153060913086,18.0
38,133,-41.32024383544922,24.010238647460938,317.0
38,134,-22.526416778564453,90.49398040771484,723.0
38,135,-15.760501861572266,3.718703508377075,5.0
38,136,-27.082393646240234,20.270259857177734,42.0
38,137,-23.134174346923828,18.025218963623047,25.0
38,138,-29.15699005126953,64.4109878540039,313.0
38,139,-22.701374053955078,291.5885009765625,1193.0
38,140,-65.35284423828125,3.7951786518096924,23.0
38,141,-15.645222663879395,184.0254669189453,90.0
38,142,-16.165420532226562,25.357746124267578,75.0
38,143,-7.369790077209473,11.665042877197266,14.0
38,144,-25.864181518554688,3.9011549949645996,38.0
38,145,-4.6385016441345215,4.693446636199951,6.0
38,146,-5.84101676940918,18.550716400146484,7.0
38,147,-6.6097092628479,9.054267883300781,18.0
38,148,-23.515623092651367,110.29124450683594,15056.0
38,149,-9.635890007019043,24.827787399291992,6.0
38,150,-24.62202262878418,9.377991676330566,3499.0
38,151,-31.78549575805664,24.011899948120117,273.0
38,152,-13.177971839904785,80.85498809814453,42.0
38,153,-23.742963790893555,13.986702919006348,105.0
38,154,-47.544769287109375,14.032499313354492,1477.0
38,155,-18.053531646728516,13.18494987487793,979.0
38,156,-62.545196533203125,3.894939422607422,253.0
38,157,-61.0877571105957,4.789149284362793,121.0
38,158,-17.741878509521484,19.239774703979492,504.0
38,159,-27.108856201171875,20.3299503326416,747.0
38,160,-14.963457107543945,42.13439178466797,971.0
38,161,-11.990629196166992,11.00253677368164,316.0
38,162,-28.92182159423828,11.135650634765625,43.0
38,163,-7.374632835388184,6.319614410400391,4.0
38,164,-11.312240600585938,16.912620544433594,7.0
38,165,-15.122687339782715,154.60845947265625,1402.0
38,166,-6.696996688842773,9.32158088684082,31.0
38,167,-10.879671096801758,4.731482982635498,7.0
38,168,-50.269203186035156,5.659982681274414,92.0
38,169,-27.79018783569336,32.25823974609375,164.0
38,170,-17.0178279876709,17.052635192871094,16.0
38,171,-15.14114761352539,20.660621643066406,109.0
38,172,-8.751016616821289,79.48023223876953,155.0
38,173,-2.720082998275757,3.896354913711548,2.0
38,174,-13.511246681213379,29.306568145751953,84.0
38,175,-17.798816680908203,35.15488052368164,79.0
38,176,-26.452754974365234,744.8543701171875,4027.0
38,177,-31.13037872314453,31.78297996520996,1004.0
38,178,-17.51921844482422,79.82243347167969,13.0
38,179,-11.348725318908691,43.943660736083984,696.0
38,180,-27.92958641052246,1077.4976806640625,7100.0
38,181,-13.244207382202148,27.4139461517334,367.0
38,182,-28.255714416503906,110.9728775024414,1138.0
38,183,-47.70073699951172,117.9279556274414,892.0
38,184,-6.120189666748047,21.329580307006836,10.0
38,185,-6.097796440124512,2.389570951461792,6.0
38,186,-7.2132768630981445,6.069760799407959,5.0
38,187,-7.052148818969727,10.493083953857422,4.0
38,188,-16.805892944335938,16.46080780029297,24.0
38,189,-50.35499572753906,6.455935478210449,156.0
38,190,-25.190507888793945,66.58092498779297,5656.0
38,191,-14.730971336364746,135.68331909179688,164.0
38,192,-17.589324951171875,9.012979507446289,690.0
38,193,-27.979232788085938,54.4364128112793,1898.0
38,194,-20.9706974029541,189.17535400390625,148.0
38,195,-40.76183319091797,29.868947982788086,87.0
38,196,-13.197537422180176,81.38401794433594,58.0
38,197,-13.186254501342773,13.974733352661133,2332.0
38,198,-22.7707576751709,44.483848571777344,1254.0
38,199,-44.078102111816406,133.9634246826172,9153.0
38,200,-14.731546401977539,11.649435043334961,122.0
38,201,-24.719013214111328,21.974367141723633,438.0
38,202,-10.779267311096191,14.802807807922363,28.0
38,203,-16.56505584716797,5.240964889526367,20.0
38,204,-20.52002716064453,60.582454681396484,325.0
38,205,-13.449793815612793,9.408675193786621,649.0
38,206,-13.225133895874023,82.13613891601562,102.0
38,207,-13.720677375793457,9.84318733215332,245.0
38,208,-14.284149169921875,116.90750885009766,1949.0
38,209,-12.478578567504883,12.130411148071289,87.0
38,210,-15.124996185302734,154.7274932861328,508.0
38,211,-14.55952262878418,38.0872917175293,99.0
38,212,-22.575817108154297,25.156511306762695,208.0
38,213,-20.881877899169922,185.02102661132812,479.0
38,214,-14.381658554077148,36.43080139160156,87.0
38,215,-28.96942901611328,37.38159942626953,197.0
38,216,-21.92473793029785,1492.55712890625,3918.0
38,217,-24.40841293334961,131.85231018066406,653.0
38,218,-20.718170166015625,177.60154724121094,238.0
38,219,-26.32707977294922,6474.9296875,2375.0
38,220,-16.349727630615234,5.129318714141846,67.0
38,221,-9.671745300292969,25.126298904418945,298.0
38,222,-22.005901336669922,245.05320739746094,1769.0
38,223,-15.263418197631836,2062.572021484375,1929.0
38,224,-21.525718688964844,217.33277893066406,4629.0
38,225,-9.739778518676758,25.70261573791504,19.0
38,226,-29.4664249420166,19.041912078857422,370.0
38,227,-24.87485694885254,15.861156463623047,40.0
38,228,-25.471609115600586,4868.478515625,1394.0
38,229,-9.440933227539062,3.8524322509765625,18.0
38,230,-27.624032974243164,9.994176864624023,225.0
38,231,-8.614986419677734,8.617083549499512,11.0
38,232,-10.460214614868164,13.667948722839355,51.0
38,233,-25.804012298583984,10.441823959350586,171.0
38,234,-12.266777038574219,59.67575454711914,75.0
38,235,-16.197397232055664,14.87327766418457,53.0
38,236,-21.613813400268555,36.682594299316406,22.0
38,237,-6.836888313293457,9.766546249389648,27.0
38,238,-14.036001205444336,1116.552001953125,166.0
38,239,-9.998922348022461,12.17921257019043,3.0
38,240,-21.376317977905273,209.36508178710938,3523.0
38,241,-21.657264709472656,11.093538284301758,53.0
38,242,-8.489359855651855,16.941844940185547,128.0
38,243,-14.834393501281738,40.79658508300781,449.0
38,244,-3.7868564128875732,3.5334880352020264,4.0
38,245,-9.332687377929688,10.310593605041504,4.0
38,246,-24.208141326904297,126.67543029785156,232.0
38,247,-27.72698974609375,1024.2822265625,3510.0
38,248,-37.670963287353516,43.2542839050293,4970.0
38,249,-28.745494842529297,36.3497314453125,228.0
38,250,-18.68544578552246,106.84310150146484,64.0
38,251,-8.128694534301758,5.082172870635986,22.0
38,252,-13.135602951049805,8.928667068481445,50.0
38,253,-8.033466339111328,4.986295700073242,5.0
38,254,-5.717560768127441,6.725146293640137,14.0
38,255,-25.843265533447266,25.28997802734375,89.0
38,256,-29.577640533447266,138.32513427734375,14805.0
38,257,-21.848865509033203,79.02568054199219,1491.0
38,258,-10.825410842895508,36.9095458984375,22.0
38,259,-32.77862548828125,38.170753479003906,433.0
38,260,-27.32103157043457,9018.296875,13512.0
38,261,-11.192893981933594,41.71933364868164,36.0
38,262,-9.583189964294434,24.39545249938965,212.0
38,263,-33.12095260620117,249.6746826171875,16581.0
38,264,-40.24675369262695,28.61400032043457,67.0
38,265,-16.956531524658203,16.87931251525879,23.0
38,266,-5.184736251831055,2.8205933570861816,2.0
38,267,-7.377710342407227,11.695882797241211,21.0
38,268,-29.002628326416016,125.68405151367188,1575.0
38,269,-12.979536056518555,75.67984008789062,37.0
38,270,-20.685556411743164,31.424652099609375,641.0
38,271,-10.502553939819336,4.4833245277404785,6.0
38,272,-12.737215995788574,8.35507583618164,27.0
38,273,-31.37710952758789,23.051044464111328,127.0
38,274,-5.290988922119141,5.833766937255859,13.0
38,275,-4.0112624168396,2.7259461879730225,3.0
38,276,-11.478678703308105,17.631193161010742,17.0
38,277,-21.00185775756836,13.807780265808105,94.0
38,278,-11.846806526184082,19.33083724975586,15.0
38,279,-29.202518463134766,38.48678207397461,1210.0
38,280,-14.111044883728027,1159.242919921875,1289.0
38,281,-40.784027099609375,18.41461944580078,398.0
38,282,-6.07946252822876,7.5873894691467285,18.0
38,283,-9.484131813049316,23.60308074951172,12.0
38,284,-26.824020385742188,28.588443756103516,51.0
38,285,-18.710208892822266,6.494924068450928,544.0
38,286,-35.850364685058594,36.0546760559082,19985.0
38,287,-27.534414291381836,31.243200302124023,2013.0
38,288,-2.9222090244293213,18.582290649414062,3.0
38,289,-8.996984481811523,20.065357208251953,100.0
38,290,-32.470401763916016,36.885643005371094,179.0
38,291,-17.69817352294922,83.47468566894531,155.0
38,292,-27.361812591552734,934.9126586914062,426.0
38,293,-8.028263092041016,55.37518310546875,247.0
38,294,-3.7667856216430664,3.5099267959594727,3.0
38,295,-16.803638458251953,11.028908729553223,224.0
38,296,-11.189249038696289,41.66867446899414,49.0
38,297,-25.932228088378906,178.831787109375,2367.0
38,298,-3.9016308784484863,3.6712920665740967,5.0
38,299,-9.013891220092773,20.178754806518555,17.0
38,300,-13.700824737548828,15.489541053771973,39.0
38,301,-13.977668762207031,32.931087493896484,74.0
38,302,-8.43823528289795,8.244603157043457,136.0
38,303,-8.808870315551758,18.84579849243164,29.0
38,304,-10.154427528381348,29.51236343383789,118.0
38,305,-30.576316833496094,16.11362648010254,157.0
38,306,-19.53484344482422,132.1200408935547,951.0
38,307,-19.070680618286133,24.009431838989258,15293.0
38,308,-22.16486930847168,23.72216796875,16882.0
38,309,-27.802785873413086,12.522485733032227,191.0
38,310,-15.269957542419434,12.74313735961914,75.0
38,311,-17.021106719970703,17.061954498291016,54.0
38,312,-23.893539428710938,7.323792457580566,23.0
38,313,-15.435413360595703,6.885561466217041,51.0
38,314,-24.667430877685547,9.416784286499023,91.0
38,315,-17.04349708557129,30.22591209411621,97.0
40,0,-19.235931396484375,122.60684204101562,455.0
40,1,-18.63089942932129,6.4436163902282715,1214.0
40,2,-9.694679260253906,127.40100860595703,27.0
40,3,-14.968132019042969,146.84498596191406,117.0
40,4,-19.885765075683594,9.111427307128906,18.0
40,5,-9.068575859069824,9.651795387268066,11.0
40,6,-26.3734130859375,81.09075164794922,348.0
40,7,-14.983627319335938,42.34739303588867,260.0
40,8,-9.109601974487305,20.83291244506836,67.0
40,9,-17.069446563720703,71.33318328857422,522.0
40,10,-17.95633316040039,36.279998779296875,1095.0
40,11,-8.99587631225586,20.05794906616211,68.0
40,12,-4.9518632888793945,5.210214614868164,3.0
40,13,-31.08643913269043,84.85295867919922,7954.0
40,14,-22.819337844848633,26.04707145690918,429.0
40,15,-8.511138916015625,8.396246910095215,47.0
40,16,-11.541166305541992,46.85489273071289,49.0
40,17,-9.202372550964355,9.98009967803955,29.0
40,18,-3.4310765266418457,5.559667110443115,2.0
40,19,-21.345712661743164,14.414203643798828,142.0
40,20,-33.8677978515625,21.734281539916992,324.0
40,21,-76.86643981933594,38.87326431274414,2066.0
40,22,-7.892313480377197,4.847497940063477,18.0
40,23,-17.000314712524414,8.3732271194458,18.0
40,24,-11.518088340759277,10.010331153869629,13.0
40,25,-17.171772003173828,17.495820999145508,203.0
40,26,-14.336917877197266,118.9820556640625,74.0
40,27,-28.26571273803711,16.88745880126953,53.0
40,28,-11.790628433227539,10.57111930847168,14.0
40,29,-14.783706665039062,19.23518943786621,138.0
40,30,-7.112776756286621,5.919157981872559,4.0
40,31,-20.329219818115234,876.912109375,2818.0
40,32,-14.800603866577148,40.45341110229492,34.0
40,33,-15.26278018951416,45.40830612182617,552.0
40,34,-8.432689666748047,8.233180046081543,7.0
40,35,-16.12496566772461,10.009819030761719,32.0
40,36,-22.257156372070312,6.390183925628662,81.0
40,37,-22.761962890625,17.205780029296875,423.0
40,38,-18.675203323364258,106.56986999511719,63.0
40,39,-34.17793273925781,71.68213653564453,54.0
40,40,-30.172454833984375,152.7407989501953,482.0
40,41,-20.26263427734375,57.54267883300781,507.0
40,42,-16.61055564880371,10.728851318359375,4823.0
40,43,-4.400214195251465,3.004326820373535,2.0
40,44,-9.496373176574707,6.681046485900879,17.0
40,45,-19.149269104003906,46.05580520629883,1049.0
40,46,-26.47606086730957,43.916690826416016,41.0
40,47,-9.2160005569458,10.01416015625,20.0
40,48,-29.994909286499023,72.60160064697266,80.0
40,49,-30.55988311767578,78.70426940917969,7968.0
40,50,-5.929024696350098,4.402868270874023,16.0
40,51,-18.717851638793945,107.71221160888672,573.0
40,52,-10.780966758728027,14.809097290039062,15.0
40,53,-47.89573287963867,30.60378646850586,512.0
40,54,-18.68719482421875,41.99031066894531,812.0
40,55,-5.355497360229492,211.769287109375,37.0
40,56,-28.65290641784668,13.52865219116211,1321.0
40,57,-8.420902252197266,16.55962371826172,7.0
40,58,-15.793279647827148,51.848182678222656,739.0
40,59,-17.528491973876953,18.567546844482422,74.0
40,60,-11.271384239196777,16.740753173828125,1067.0
40,61,-18.753950119018555,42.554691314697266,97.0
40,62,-22.62204360961914,92.24137878417969,1462.0
40,63,-13.661304473876953,15.367593765258789,493.0
40,64,-2.106430768966675,2.866854429244995,2.0
40,65,-4.144179344177246,7.941400527954102,4.0
40,66,-29.835193634033203,15.063736915588379,2720.0
40,67,-5.879574298858643,18.911821365356445,15.0
40,68,-13.993387222290039,10.30090045928955,226.0
40,69,-21.399253845214844,1252.7354736328125,528.0
40,70,-21.14530372619629,20.506824493408203,450.0
40,71,-28.88389015197754,17.96434783935547,977.0
40,72,-14.134857177734375,1173.1275634765625,514.0
40,73,-35.6060791015625,19.436899185180664,601.0
40,74,-12.982291221618652,13.416135787963867,1290.0
40,75,-19.5822811126709,50.22214889526367,388.0
40,76,-4.698064804077148,3.236576557159424,2.0
40,77,-26.640291213989258,44.95922088623047,42.0
40,78,-5.116990566253662,12.916367530822754,6.0
40,79,-20.3292236328125,9.571621894836426,168.0
40,80,-12.377946853637695,61.92860794067383,46.0
40,81,-23.36009979248047,13.404182434082031,18.0
40,82,-41.86622619628906,25.040111541748047,23.0
40,83,-14.385948181152344,17.764278411865234,1088.0
40,84,-25.894397735595703,7.329276084899902,12.0
40,85,-37.70807647705078,18.18543815612793,73.0
40,86,-24.78826904296875,15.709288597106934,3978.0
40,87,-27.73463249206543,1.722568154335022,16.0
40,88,-4.053450107574463,3.8618643283843994,2.0
40,89,-5.01389217376709,12.267410278320312,14.0
40,90,-16.09351921081543,213.68569946289062,488.0
40,91,-13.379619598388672,9.299276351928711,97.0
40,92,-39.93904113769531,9.196616172790527,22.0
40,93,-9.774110794067383,11.513586044311523,6.0
40,94,-16.99565887451172,29.938095092773438,87.0
40,95,-15.579109191894531,13.416943550109863,31.0
40,96,-5.854551315307617,7.039358615875244,5.0
40,97,-13.856386184692383,31.94758415222168,30.0
40,98,-9.444223403930664,6.6117262840271,36.0
40,99,-17.724855422973633,12.580174446105957,99.0
40,100,-22.803760528564453,5.778449535369873,12.0
40,101,-37.64011764526367,14.710768699645996,113.0
40,102,-30.49620819091797,29.620525360107422,172.0
40,103,-17.23674774169922,74.37998962402344,1261.0
40,104,-46.8739013671875,108.5694808959961,1327.0
40,105,-1.7084962129592896,2.349606990814209,2.0
40,106,-83.5407943725586,5.500913619995117,1806.0
40,107,-8.042579650878906,14.597640037536621,133.0
40,108,-10.182330131530762,29.788127899169922,20.0
40,109,-21.84845733642578,79.01923370361328,282.0
40,110,-19.358291625976562,126.41534423828125,147.0
40,111,-19.98566436767578,27.96472930908203,605.0
40,112,-15.33580207824707,12.883753776550293,29.0
40,113,-6.355533599853516,4.898276329040527,11.0
40,114,-61.521820068359375,5.799468517303467,169.0
40,115,-19.52556610107422,11.481026649475098,561.0
40,116,-32.680992126464844,19.51140594482422,857.0
40,117,-10.554317474365234,8.255366325378418,9.0
40,118,-9.55323314666748,24.153059005737305,132.0
40,119,-15.947423934936523,24.275917053222656,60.0
40,120,-16.140100479125977,10.031485557556152,16.0
40,121,-15.890022277832031,23.998815536499023,30.0
40,122,-31.998672485351562,4.282277584075928,609.0
40,123,-21.552539825439453,21.7352237701416,14331.0
40,124,-12.370484352111816,22.034757614135742,46.0
40,125,-12.23095989227295,21.27941131591797,50.0
40,126,-11.76540756225586,10.51793098449707,31.0
40,127,-25.055219650268555,12.24995231628418,1410.0
40,128,-15.440908432006836,21.937152862548828,26.0
40,129,-8.618622779846191,2.6055004596710205,4.0
40,130,-35.41455078125,51.15959548950195,399.0
40,131,-7.016357898712158,10.368640899658203,4.0
40,132,-17.227506637573242,74.2083511352539,17.0
40,133,-41.45838165283203,24.266727447509766,321.0
40,134,-22.462678909301758,89.34770202636719,719.0
40,135,-15.624160766601562,3.676691770553589,5.0
40,136,-26.92682456970215,19.922893524169922,43.0
40,137,-22.993131637573242,17.71021270751953,24.0
40,138,-29.14049530029297,64.25940704345703,321.0
40,139,-22.557231903076172,281.26800537109375,1168.0
40,140,-65.37297058105469,3.7967376708984375,23.0
40,141,-15.676528930664062,185.95591735839844,92.0
40,142,-16.114147186279297,25.09903335571289,73.0
40,143,-7.3074750900268555,11.42524242401123,14.0
40,144,-25.83591079711914,3.8953542709350586,38.0
40,145,-4.662567615509033,4.73124885559082,6.0
40,146,-5.8329572677612305,18.476112365722656,7.0
40,147,-6.715416431427002,9.37899112701416,18.0
40,148,-23.66495132446289,113.63485717773438,15268.0
40,149,-9.757462501525879,25.854570388793945,6.0
40,150,-24.70701789855957,9.450735092163086,3473.0
40,151,-31.79359245300293,24.031349182128906,271.0
40,152,-13.102864265441895,78.85584259033203,45.0
40,153,-23.572975158691406,13.725008010864258,101.0
40,154,-47.568443298339844,14.050970077514648,1519.0
40,155,-17.97332763671875,13.034740447998047,971.0
40,156,-62.42835998535156,3.885059356689453,249.0
40,157,-61.019309997558594,4.7807512283325195,120.0
40,158,-17.789752960205078,19.39390754699707,505.0
40,159,-26.95525360107422,19.985923767089844,748.0
40,160,-14.887356758117676,41.34035873413086,935.0
40,161,-11.995163917541504,11.012519836425781,312.0
40,162,-28.852792739868164,11.071779251098633,41.0
40,163,-7.360421180725098,6.297201633453369,4.0
40,164,-11.291088104248047,16.823421478271484,7.0
40,165,-15.130815505981445,155.02793884277344,1414.0
40,166,-6.692870616912842,9.308768272399902,31.0
40,167,-10.926006317138672,4.762906074523926,7.0
40,168,-50.292213439941406,5.664475440979004,94.0
40,169,-27.9029598236084,32.716190338134766,174.0
40,170,-17.030189514160156,17.087800979614258,15.0
40,171,-15.180750846862793,20.82491683959961,103.0
40,172,-8.719609260559082,78.24185180664062,151.0
40,173,-2.7561826705932617,3.9673221111297607,2.0
40,174,-13.485851287841797,29.121095657348633,82.0
40,175,-17.93662452697754,36.13727569580078,83.0
40,176,-26.477848052978516,749.541748046875,3987.0
40,177,-31.073875427246094,31.58407211303711,997.0
40,178,-17.409530639648438,77.66329193115234,13.0
40,179,-11.307831764221191,43.34872817993164,700.0
40,180,-27.820358276367188,1048.472412109375,6755.0
40,181,-13.237327575683594,27.366836547851562,354.0
40,182,-28.213945388793945,110.20303344726562,1131.0
40,183,-47.6988525390625,117.90569305419922,899.0
40,184,-6.104873180389404,21.16685676574707,11.0
40,185,-5.980636119842529,2.3499090671539307,6.0
40,186,-7.1631574630737305,5.994182586669922,5.0
40,187,-7.0845136642456055,10.606898307800293,4.0
40,188,-16.781526565551758,16.394092559814453,23.0
40,189,-50.44184112548828,6.476734161376953,156.0
40,190,-25.096277236938477,65.5434341430664,5663.0
40,191,-14.670894622802734,132.99325561523438,163.0
40,192,-17.703227996826172,9.14222240447998,671.0
40,193,-28.067764282226562,55.129268646240234,1927.0
40,194,-20.98328399658203,189.77154541015625,147.0
40,195,-40.79108810424805,29.941858291625977,84.0
40,196,-13.251569747924805,82.86312103271484,57.0
40,197,-13.17800521850586,13.951695442199707,2294.0
40,198,-22.871706008911133,45.238609313964844,1240.0
40,199,-43.972923278808594,132.40699768066406,9252.0
40,200,-14.746406555175781,11.678322792053223,119.0
40,201,-24.682767868041992,21.87503433227539,441.0
40,202,-10.744239807128906,14.673747062683105,26.0
40,203,-16.52897834777832,5.222090721130371,20.0
40,204,-20.555259704589844,61.01087188720703,340.0
40,205,-13.377232551574707,9.295577049255371,635.0
40,206,-13.229957580566406,82.268310546875,104.0
40,207,-13.741519927978516,9.877439498901367,244.0
40,208,-14.322460174560547,118.41000366210938,1946.0
40,209,-12.444650650024414,12.048379898071289,86.0
40,210,-15.094425201416016,153.1587677001953,493.0
40,211,-14.47290325164795,37.27138137817383,89.0
40,212,-22.513256072998047,24.932680130004883,209.0
40,213,-20.83716583251953,182.96437072753906,465.0
40,214,-14.440481185913086,36.97050094604492,86.0
40,215,-28.884294509887695,36.985904693603516,193.0
40,216,-21.852258682250977,1456.92919921875,3926.0
40,217,-24.475637435913086,133.63702392578125,660.0
40,218,-20.64639663696289,174.4431915283203,228.0
40,219,-26.320642471313477,6461.05029296875,2379.0
40,220,-16.39133071899414,5.150702476501465,67.0
40,221,-9.620128631591797,24.69768714904785,291.0
40,222,-22.06875228881836,248.93406677246094,1828.0
40,223,-15.197493553161621,1995.6932373046875,1896.0
40,224,-21.438865661621094,212.66464233398438,4623.0
40,225,-9.68705940246582,25.254892349243164,19.0
40,226,-29.443458557128906,18.998231887817383,368.0
40,227,-24.704204559326172,15.563240051269531,40.0
40,228,-25.584651947021484,5055.42529296875,1429.0
40,229,-9.500029563903809,3.8850934505462646,18.0
40,230,-27.673913955688477,10.035807609558105,219.0
40,231,-8.650861740112305,8.69471549987793,11.0
40,232,-10.636302947998047,14.283082962036133,51.0
40,233,-25.923660278320312,10.556020736694336,166.0
40,234,-12.26849365234375,59.70991134643555,76.0
40,235,-16.164709091186523,14.79246997833252,57.0
40,236,-21.5954532623291,36.57051086425781,22.0
40,237,-6.871657848358154,9.880396842956543,28.0
40,238,-14.011890411376953,1103.17236328125,161.0
40,239,-10.063634872436523,12.377851486206055,3.0
40,240,-21.35247802734375,208.12098693847656,3583.0
40,241,-21.617528915405273,11.04466724395752,54.0
40,242,-8.519004821777344,17.110088348388672,131.0
40,243,-14.771119117736816,40.15631866455078,436.0
40,244,-3.8019847869873047,3.55135178565979,4.0
40,245,-9.394744873046875,10.471803665161133,5.0
40,246,-24.190452575683594,126.22808074951172,228.0
40,247,-27.807443618774414,1045.0927734375,3576.0
40,248,-37.712928771972656,43.436187744140625,4998.0
40,249,-28.649978637695312,35.91831588745117,228.0
40,250,-18.798076629638672,109.89432525634766,64.0
40,251,-8.195873260498047,5.150917053222656,22.0
40,252,-13.150876998901367,8.951425552368164,51.0
40,253,-8.093729972839355,5.046757698059082,5.0
40,254,-5.834738254547119,6.993022441864014,16.0
40,255,-25.764995574951172,25.043752670288086,89.0
40,256,-29.553237915039062,137.76364135742188,14667.0
40,257,-21.849937438964844,79.04264068603516,1473.0
40,258,-10.803857803344727,36.645328521728516,23.0
40,259,-32.83963394165039,38.430381774902344,443.0
40,260,-27.312374114990234,8992.3095703125,13304.0
40,261,-11.173500061035156,41.450496673583984,40.0
40,262,-9.48107624053955,23.579051971435547,206.0
40,263,-33.15385055541992,251.0474395751953,16641.0
40,264,-40.14350128173828,28.368852615356445,67.0
40,265,-17.060016632080078,17.172962188720703,27.0
40,266,-5.1705121994018555,2.8125808238983154,2.0
40,267,-7.409709453582764,11.821303367614746,20.0
40,268,-29.075159072875977,127.21263885498047,1637.0
40,269,-13.006027221679688,76.3510971069336,37.0
40,270,-20.517723083496094,30.557817459106445,609.0
40,271,-10.56599235534668,4.524139404296875,6.0
40,272,-12.649413108825684,8.2337007522583,27.0
40,273,-31.22449493408203,22.70191764831543,129.0
40,274,-5.301080703735352,5.853425025939941,12.0
40,275,-4.040550231933594,2.745978832244873,3.0
40,276,-11.394767761230469,17.265182495117188,16.0
40,277,-21.020320892333984,13.83968448638916,101.0
40,278,-11.86383056640625,19.413286209106445,15.0
40,279,-29.062938690185547,37.82110595703125,1207.0
40,280,-14.066960334777832,1133.9700927734375,1240.0
40,281,-40.69525909423828,18.298229217529297,400.0
40,282,-6.111532211303711,7.66893196105957,18.0
40,283,-9.416748046875,23.07883644104004,12.0
40,284,-26.72109603881836,28.222991943359375,51.0
40,285,-18.884387969970703,6.609042644500732,590.0
40,286,-35.82708740234375,35.970848083496094,20354.0
40,287,-27.497047424316406,31.097606658935547,2074.0
40,288,-2.8790361881256104,17.79711151123047,3.0
40,289,-9.064908981323242,20.52484703063965,101.0
40,290,-32.35883712768555,36.43122863769531,173.0
40,291,-17.67496109008789,82.99166870117188,154.0
40,292,-27.32953643798828,927.399169921875,413.0
40,293,-8.019864082336426,55.143123626708984,242.0
40,294,-3.7293059825897217,3.4663493633270264,3.0
40,295,-16.8785400390625,11.147553443908691,221.0
40,296,-11.121408462524414,40.73697280883789,51.0
40,297,-25.999338150024414,181.24827575683594,2360.0
40,298,-3.881897211074829,3.647221565246582,4.0
40,299,-8.968483924865723,19.875633239746094,16.0
40,300,-13.622090339660645,15.247539520263672,38.0
40,301,-13.960758209228516,32.79216384887695,77.0
40,302,-8.349462509155273,8.063644409179688,131.0
40,303,-8.825492858886719,18.950510025024414,29.0
40,304,-10.159233093261719,29.559669494628906,120.0
40,305,-30.461084365844727,15.945706367492676,158.0
40,306,-19.608013153076172,134.55906677246094,962.0
40,307,-19.072336196899414,24.016056060791016,15087.0
40,308,-22.35004425048828,24.358076095581055,17053.0
40,309,-27.675512313842773,12.378433227539062,187.0
40,310,-15.295919418334961,12.7983980178833,74.0
40,311,-16.98663330078125,16.964204788208008,54.0
40,312,-23.875917434692383,7.313045501708984,22.0
40,313,-15.525943756103516,6.963923454284668,53.0
40,314,-24.77458953857422,9.508968353271484,89.0
40,315,-17.033100128173828,30.16312026977539,97.0
42,0,-19.166160583496094,120.4867935180664,445.0
42,1,-18.626840591430664,6.4410014152526855,1213.0
42,2,-9.689645767211914,127.08077239990234,27.0
42,3,-14.991819381713867,148.0089874267578,121.0
42,4,-19.919082641601562,9.145219802856445,18.0
42,5,-9.085704803466797,9.693215370178223,11.0
42,6,-26.36588478088379,80.98908233642578,334.0
42,7,-14.990562438964844,42.420875549316406,267.0
42,8,-9.117802619934082,20.889936447143555,68.0
42,9,-17.06610107421875,71.27354431152344,521.0
42,10,-17.941394805908203,36.17176818847656,1099.0
42,11,-8.962793350219727,19.837968826293945,63.0
42,12,-4.984004497528076,5.266336441040039,4.0
42,13,-30.981090545654297,83.58549499511719,7878.0
42,14,-22.764883041381836,25.845233917236328,414.0
42,15,-8.644308090209961,8.680481910705566,50.0
42,16,-11.588333129882812,47.59737777709961,50.0
42,17,-9.263944625854492,10.134912490844727,29.0
42,18,-3.4881985187530518,5.7207465171813965,2.0
42,19,-21.469161987304688,14.638357162475586,147.0
42,20,-33.999977111816406,21.99702262878418,326.0
42,21,-76.83349609375,38.81232833862305,2062.0
42,22,-7.972748756408691,4.926110744476318,23.0
42,23,-16.975234985351562,8.347018241882324,19.0
42,24,-11.500656127929688,9.975492477416992,14.0
42,25,-17.21086883544922,17.610197067260742,209.0
42,26,-14.330219268798828,118.71665954589844,74.0
42,27,-28.137563705444336,16.67243003845215,52.0
42,28,-11.709527015686035,10.40103530883789,14.0
42,29,-14.789011001586914,19.25560760498047,139.0
42,30,-7.109322547912598,5.914048671722412,4.0
42,31,-20.287826538085938,864.8958129882812,2767.0
42,32,-14.872974395751953,41.19198226928711,34.0
42,33,-15.310029029846191,45.94786071777344,554.0
42,34,-8.46252727508545,8.294824600219727,7.0
42,35,-16.255130767822266,10.197691917419434,33.0
42,36,-22.18368911743164,6.3511810302734375,82.0
42,37,-22.684459686279297,17.039897918701172,416.0
42,38,-18.638763427734375,105.60343170166016,64.0
42,39,-34.2066650390625,71.94004821777344,53.0
42,40,-30.091880798339844,150.70339965820312,476.0
42,41,-20.271255493164062,57.64198303222656,512.0
42,42,-16.522523880004883,10.594772338867188,4804.0
42,43,-4.248448371887207,2.8924736976623535,2.0
42,44,-9.529579162597656,6.725564479827881,18.0
42,45,-19.231487274169922,46.819393157958984,1048.0
42,46,-26.41111946105957,43.511146545410156,40.0
42,47,-9.17923641204834,9.922541618347168,20.0
42,48,-30.013809204101562,72.79788208007812,80.0
42,49,-30.49386978149414,77.96554565429688,7818.0
42,50,-5.936441898345947,4.41103982925415,16.0
42,51,-18.777551651000977,109.33186340332031,583.0
42,52,-10.767607688903809,14.759721755981445,15.0
42,53,-47.94289016723633,30.70704460144043,509.0
42,54,-18.692710876464844,42.036659240722656,817.0
42,55,-5.354849338531494,211.632080078125,37.0
42,56,-28.579816818237305,13.439058303833008,1270.0
42,57,-8.414481163024902,16.524215698242188,7.0
42,58,-15.793725967407227,51.853973388671875,734.0
42,59,-17.548568725585938,18.629783630371094,75.0
42,60,-11.218504905700684,16.52090072631836,1048.0
42,61,-18.77945327758789,42.77229690551758,97.0
42,62,-22.56780242919922,91.24610137939453,1452.0
42,63,-13.584951400756836,15.134702682495117,482.0
42,64,-2.1171138286590576,2.8822085857391357,2.0
42,65,-4.145021438598633,7.9447455406188965,4.0
42,66,-29.83838653564453,15.068111419677734,2780.0
42,67,-5.8408002853393555,18.548707962036133,15.0
42,68,-14.055058479309082,10.407323837280273,227.0
42,69,-21.419818878173828,1261.3524169921875,530.0
42,70,-21.241077423095703,20.789323806762695,446.0
42,71,-28.634517669677734,17.521902084350586,949.0
42,72,-14.08230209350586,1142.7021484375,531.0
42,73,-35.611419677734375,19.44554901123047,606.0
42,74,-12.908778190612793,13.220328330993652,1305.0
42,75,-19.608577728271484,50.48698043823242,391.0
42,76,-4.626813888549805,3.1794347763061523,2.0
42,77,-26.64466667175293,44.987335205078125,42.0
42,78,-5.134167194366455,13.027774810791016,7.0
42,79,-20.27433967590332,9.513429641723633,165.0
42,80,-12.247129440307617,59.28619384765625,45.0
42,81,-23.53416633605957,13.665948867797852,18.0
42,82,-41.95231628417969,25.20648765563965,23.0
42,83,-14.381757736206055,17.74939727783203,1087.0
42,84,-26.083961486816406,7.4369330406188965,12.0
42,85,-37.64348220825195,18.095304489135742,73.0
42,86,-24.768800735473633,15.67534351348877,3940.0
42,87,-27.749624252319336,1.7230746746063232,16.0
42,88,-4.1060471534729,3.930168867111206,2.0
42,89,-5.042181491851807,12.442160606384277,14.0
42,90,-16.000253677368164,207.144775390625,483.0
42,91,-13.354181289672852,9.259932518005371,97.0
42,92,-39.78118133544922,9.116314888000488,23.0
42,93,-9.716952323913574,11.350231170654297,6.0
42,94,-17.00797462463379,30.011926651000977,88.0
42,95,-15.572020530700684,13.40109920501709,31.0
42,96,-5.77832555770874,6.8627519607543945,5.0
42,97,-13.804449081420898,31.535449981689453,31.0
42,98,-9.416872024536133,6.575656890869141,36.0
42,99,-17.757343292236328,12.63869857788086,99.0
42,100,-22.698240280151367,5.731736660003662,12.0
42,101,-37.495941162109375,14.560050964355469,106.0
42,102,-30.096817016601562,28.33479881286621,149.0
42,103,-17.23694610595703,74.38368225097656,1266.0
42,104,-46.78938674926758,107.6557846069336,1299.0
42,105,-1.730580449104309,2.3756954669952393,2.0
42,106,-83.51132202148438,5.497605800628662,1775.0
42,107,-8.015525817871094,14.466590881347656,121.0
42,108,-10.126667022705078,29.240530014038086,18.0
42,109,-21.7017822265625,76.73487854003906,276.0
42,110,-19.319976806640625,125.21023559570312,145.0
42,111,-19.96615982055664,27.87396812438965,621.0
42,112,-15.420097351074219,13.066035270690918,30.0
42,113,-6.30787992477417,4.840267658233643,10.0
42,114,-61.718040466308594,5.83207368850708,171.0
42,115,-19.5924015045166,11.577345848083496,549.0
42,116,-32.842674255371094,19.800312042236328,861.0
42,117,-10.5989990234375,8.32947063446045,9.0
42,118,-9.528589248657227,23.955461502075195,131.0
42,119,-16.023775100708008,24.64946174621582,59.0
42,120,-16.10601043701172,9.98275089263916,17.0
42,121,-15.945268630981445,24.26545524597168,30.0
42,122,-31.951921463012695,4.273187637329102,637.0
42,123,-21.581981658935547,21.826833724975586,14482.0
42,124,-12.327030181884766,21.79667854309082,46.0
42,125,-12.23770809173584,21.315340042114258,51.0
42,126,-11.648228645324707,10.274300575256348,31.0
42,127,-25.060039520263672,12.25585651397705,1396.0
42,128,-15.398002624511719,21.749711990356445,25.0
42,129,-8.733555793762207,2.638986825942993,4.0
42,130,-35.59794616699219,52.2127799987793,403.0
42,131,-7.036111831665039,10.437139511108398,4.0
42,132,-17.144489288330078,72.68407440185547,17.0
42,133,-41.28196716308594,23.939647674560547,317.0
42,134,-22.542448043823242,90.78459167480469,726.0
42,135,-15.740156173706055,3.712404251098633,4.0
42,136,-27.013484954833984,20.115652084350586,43.0
42,137,-23.176551818847656,18.120954513549805,25.0
42,138,-29.095245361328125,63.84534454345703,319.0
42,139,-22.575946807861328,282.5870666503906,1173.0
42,140,-65.35899353027344,3.7956552505493164,23.0
42,141,-15.661791801452637,185.044677734375,93.0
42,142,-16.1286678314209,25.17203140258789,73.0
42,143,-7.319453239440918,11.47095012664795,14.0
42,144,-25.817119598388672,3.8915040493011475,38.0
42,145,-4.631858825683594,4.683065414428711,6.0
42,146,-5.829397201538086,18.443252563476562,7.0
42,147,-6.661679267883301,9.21248722076416,18.0
42,148,-23.489410400390625,109.7145767211914,15453.0
42,149,-9.688679695129395,25.268535614013672,6.0
42,150,-24.916244506835938,9.632214546203613,3544.0
42,151,-31.879718780517578,24.239215850830078,268.0
42,152,-13.138052940368652,79.78624725341797,42.0
42,153,-23.520639419555664,13.645423889160156,102.0
42,154,-47.407623291015625,13.92599105834961,1498.0
42,155,-18.026012420654297,13.133214950561523,996.0
42,156,-62.641971588134766,3.903142213821411,256.0
42,157,-61.1472282409668,4.796457290649414,125.0
42,158,-17.637479782104492,18.90790367126465,499.0
42,159,-26.95147705078125,19.977540969848633,742.0
42,160,-14.900433540344238,41.47572708129883,952.0
42,161,-12.004714965820312,11.033576965332031,309.0
42,162,-28.935134887695312,11.1480131149292,43.0
42,163,-7.34272575378418,6.269404888153076,4.0
42,164,-11.333885192871094,17.00438690185547,7.0
42,165,-15.126578330993652,154.8091278076172,1411.0
42,166,-6.719779014587402,9.39263916015625,30.0
42,167,-10.913101196289062,4.754133701324463,7.0
42,168,-50.31304168701172,5.668544769287109,93.0
42,169,-27.821340560913086,32.384098052978516,161.0
42,170,-16.994604110717773,16.98675537109375,15.0
42,171,-15.09194564819336,20.458311080932617,105.0
42,172,-8.7573823928833,79.73360443115234,155.0
42,173,-2.724910259246826,3.9057705402374268,2.0
42,174,-13.509441375732422,29.293344497680664,84.0
42,175,-17.865154266357422,35.62440490722656,79.0
42,176,-26.423580169677734,739.44140625,3890.0
42,177,-31.059797286987305,31.534704208374023,977.0
42,178,-17.570770263671875,80.85784912109375,13.0
42,179,-11.325037956237793,43.59806442260742,689.0
42,180,-27.836414337158203,1052.689453125,6664.0
42,181,-13.243520736694336,27.409238815307617,365.0
42,182,-28.3769588470459,113.23815155029297,1159.0
42,183,-47.679412841796875,117.67675018310547,899.0
42,184,-6.114446640014648,21.26841926574707,11.0
42,185,-6.045961856842041,2.3719418048858643,6.0
42,186,-7.210694313049316,6.06584358215332,5.0
42,187,-7.046350955963135,10.472825050354004,4.0
42,188,-16.87258529663086,16.644794464111328,27.0
42,189,-50.39153289794922,6.464677333831787,156.0
42,190,-25.11450958251953,65.74288177490234,5598.0
42,191,-14.615959167480469,130.58004760742188,163.0
42,192,-17.55658721923828,8.976171493530273,656.0
42,193,-28.101890563964844,55.39868927001953,1898.0
42,194,-20.90755271911621,186.2124481201172,147.0
42,195,-40.64499282836914,29.57953643798828,83.0
42,196,-13.270171165466309,83.37849426269531,57.0
42,197,-13.128270149230957,13.813605308532715,2315.0
42,198,-22.751005172729492,44.337642669677734,1242.0
42,199,-43.97670364379883,132.46263122558594,9187.0
42,200,-14.640594482421875,11.474177360534668,120.0
42,201,-24.66204833984375,21.818452835083008,439.0
42,202,-10.799762725830078,14.8788480758667,27.0
42,203,-16.499292373657227,5.206611633300781,20.0
42,204,-20.513641357421875,60.50514221191406,339.0
42,205,-13.427301406860352,9.3734712600708,636.0
42,206,-13.318370819091797,84.72891235351562,106.0
42,207,-13.602294921875,9.650879859924316,241.0
42,208,-14.361186027526855,119.94847106933594,2007.0
42,209,-12.50997543334961,12.206823348999023,90.0
42,210,-15.185372352600098,157.8730010986328,504.0
42,211,-14.53941822052002,37.896339416503906,97.0
42,212,-22.651348114013672,25.42942237854004,212.0
42,213,-20.78852081298828,180.75277709960938,468.0
42,214,-14.398845672607422,36.587677001953125,85.0
42,215,-28.99578285217285,37.50494384765625,193.0
42,216,-21.875703811645508,1468.359619140625,3942.0
42,217,-24.476221084594727,133.6526336669922,661.0
42,218,-20.696575164794922,176.6453094482422,228.0
42,219,-26.387588500976562,6606.85595703125,2374.0
42,220,-16.374649047851562,5.142117023468018,66.0
42,221,-9.643792152404785,24.893268585205078,299.0
42,222,-21.975051879882812,243.17051696777344,1754.0
42,223,-15.308450698852539,2109.540283203125,1983.0
42,224,-21.511260986328125,216.5486602783203,4703.0
42,225,-9.737245559692383,25.680927276611328,20.0
42,226,-29.484455108642578,19.076278686523438,356.0
42,227,-24.744918823242188,15.633803367614746,39.0
42,228,-25.68010139465332,5218.85791015625,1451.0
42,229,-9.449402809143066,3.8570964336395264,18.0
42,230,-27.70665740966797,10.063230514526367,225.0
42,231,-8.6207275390625,8.629459381103516,11.0
42,232,-10.569568634033203,14.04676628112793,50.0
42,233,-25.72669219970703,10.368684768676758,165.0
42,234,-12.243949890136719,59.223384857177734,77.0
42,235,-16.262161254882812,15.03469181060791,59.0
42,236,-21.569072723388672,36.41007614135742,22.0
42,237,-6.810912132263184,9.682342529296875,27.0
42,238,-13.995180130004883,1093.9935302734375,164.0
42,239,-9.987762451171875,12.145279884338379,3.0
42,240,-21.367673873901367,208.91311645507812,3539.0
42,241,-21.57378578186035,10.991116523742676,53.0
42,242,-8.49443244934082,16.97051429748535,128.0
42,243,-14.882396697998047,41.289127349853516,445.0
42,244,-3.7962892055511475,3.5446155071258545,4.0
42,245,-9.276179313659668,10.165959358215332,4.0
42,246,-24.038347244262695,122.4459457397461,233.0
42,247,-27.697561264038086,1016.774169921875,3386.0
42,248,-37.694698333740234,43.3570671081543,4891.0
42,249,-28.74453353881836,36.345367431640625,231.0
42,250,-18.77483367919922,109.25760650634766,66.0
42,251,-8.167947769165039,5.122228145599365,23.0
42,252,-13.17337417602539,8.985052108764648,52.0
42,253,-8.121476173400879,5.074841499328613,5.0
42,254,-5.803233623504639,6.919968605041504,16.0
42,255,-25.891063690185547,25.441532135009766,91.0
42,256,-29.441925048828125,135.23143005371094,14489.0
42,257,-21.860851287841797,79.21537780761719,1481.0
42,258,-10.862066268920898,37.3632926940918,22.0
42,259,-32.835418701171875,38.41238021850586,438.0
42,260,-27.343664169311523,9086.5849609375,13459.0
42,261,-11.201285362243652,41.83618927001953,35.0
42,262,-9.543731689453125,24.076684951782227,211.0
42,263,-33.108604431152344,249.16136169433594,16590.0
42,264,-40.279762268066406,28.69281578063965,69.0
42,265,-17.056291580200195,17.162302017211914,24.0
42,266,-5.235751628875732,2.8495194911956787,2.0
42,267,-7.419841289520264,11.861292839050293,22.0
42,268,-29.21726417541504,130.26150512695312,1625.0
42,269,-13.082755088806152,78.32905578613281,38.0
42,270,-20.602651596069336,30.99342918395996,623.0
42,271,-10.59357738494873,4.542003631591797,6.0
42,272,-12.61552619934082,8.187329292297363,27.0
42,273,-31.414608001708984,23.137645721435547,126.0
42,274,-5.348435878753662,5.946554660797119,12.0
42,275,-4.0412092208862305,2.7464311122894287,3.0
42,276,-11.487388610839844,17.669626235961914,17.0
42,277,-20.966320037841797,13.74657917022705,94.0
42,278,-11.787439346313477,19.046052932739258,15.0
42,279,-29.051593780517578,37.76750946044922,1199.0
42,280,-14.023116111755371,1109.3817138671875,1231.0
42,281,-40.6019287109375,18.176647186279297,399.0
42,282,-6.126314640045166,7.706814765930176,19.0
42,283,-9.418230056762695,23.090240478515625,12.0
42,284,-26.697444915771484,28.139677047729492,51.0
42,285,-18.874683380126953,6.60263204574585,549.0
42,286,-35.772708892822266,35.77577590942383,19742.0
42,287,-27.599224090576172,31.497337341308594,2031.0
42,288,-2.8807153701782227,17.8270206451416,3.0
42,289,-9.051180839538574,20.431140899658203,105.0
42,290,-32.342559814453125,36.36539840698242,173.0
42,291,-17.713186264038086,83.78856658935547,157.0
42,292,-27.279720306396484,915.9209594726562,428.0
42,293,-8.015496253967285,55.0228271484375,245.0
42,294,-3.7112820148468018,3.4455862045288086,3.0
42,295,-16.874752044677734,11.141521453857422,225.0
42,296,-11.086235046386719,40.262142181396484,49.0
42,297,-25.936237335205078,178.97520446777344,2335.0
42,298,-3.8364078998565674,3.5923359394073486,4.0
42,299,-8.945940017700195,19.726837158203125,16.0
42,300,-13.715934753417969,15.536420822143555,39.0
42,301,-13.924371719360352,32.495216369628906,74.0
42,302,-8.394609451293945,8.155172348022461,133.0
42,303,-8.814804077148438,18.88311195373535,29.0
42,304,-10.101770401000977,28.998870849609375,118.0
42,305,-30.591100692749023,16.135297775268555,159.0
42,306,-19.554935455322266,132.78533935546875,953.0
42,307,-19.06691551208496,23.99437141418457,15087.0
42,308,-22.26288604736328,24.056669235229492,16960.0
42,309,-27.787296295166016,12.504865646362305,197.0
42,310,-15.298336029052734,12.803553581237793,72.0
42,311,-16.997865676879883,16.99599266052246,53.0
42,312,-23.936519622802734,7.350070953369141,22.0
42,313,-15.471597671508789,6.916775703430176,52.0
42,314,-24.75079345703125,9.488421440124512,91.0
42,315,-17.022293090820312,30.097993850708008,97.0
44,0,-19.20269012451172,121.5921630859375,447.0
44,1,-18.656356811523438,6.46004056930542,1256.0
44,2,-9.686996459960938,126.91255187988281,27.0
44,3,-14.946574211120605,145.79354858398438,120.0
44,4,-19.691747665405273,8.91711139678955,17.0
44,5,-9.020273208618164,9.535943984985352,11.0
44,6,-26.322004318237305,80.39891052246094,333.0
44,7,-14.948038101196289,41.972286224365234,265.0
44,8,-9.138744354248047,21.036272048950195,66.0
44,9,-17.110767364501953,72.07389068603516,517.0
44,10,-17.963279724121094,36.33043670654297,1099.0
44,11,-9.0374755859375,20.3380184173584,68.0
44,12,-4.915359973907471,5.147202491760254,3.0
44,13,-31.142925262451172,85.54045104980469,7819.0
44,14,-22.773906707763672,25.878572463989258,424.0
44,15,-8.692743301391602,8.78623104095459,50.0
44,16,-11.587358474731445,47.581912994384766,49.0
44,17,-9.280488967895508,10.176918029785156,29.0
44,18,-3.5577375888824463,5.923152446746826,2.0
44,19,-21.34064483642578,14.405075073242188,143.0
44,20,-33.872474670410156,21.74352264404297,323.0
44,21,-76.88983154296875,38.916587829589844,2042.0
44,22,-8.003401756286621,4.9564032554626465,21.0
44,23,-17.008953094482422,8.382272720336914,19.0
44,24,-11.497726440429688,9.969648361206055,13.0
44,25,-17.215171813964844,17.62282943725586,204.0
44,26,-14.429954528808594,122.72974395751953,74.0
44,27,-28.42868995666504,17.164941787719727,53.0
44,28,-11.757308959960938,10.500909805297852,14.0
44,29,-14.767512321472168,19.172988891601562,138.0
44,30,-7.129600524902344,5.944106101989746,4.0
44,31,-20.429967880249023,906.8612670898438,2826.0
44,32,-14.981825828552246,42.32832336425781,33.0
44,33,-15.243315696716309,45.1878776550293,546.0
44,34,-8.457612037658691,8.284638404846191,8.0
44,35,-16.20052719116211,10.118456840515137,32.0
44,36,-22.19163703918457,6.35538911819458,81.0
44,37,-22.669036865234375,17.007078170776367,418.0
44,38,-18.673603057861328,106.5272445678711,64.0
44,39,-34.110687255859375,71.08212280273438,54.0
44,40,-30.138755798339844,151.8853759765625,474.0
44,41,-20.277362823486328,57.71241760253906,516.0
44,42,-16.451448440551758,10.487739562988281,4776.0
44,43,-4.333994388580322,2.9549999237060547,2.0
44,44,-9.549333572387695,6.752188682556152,17.0
44,45,-19.205501556396484,46.576690673828125,1053.0
44,46,-26.425968170166016,43.60354232788086,40.0
44,47,-9.137080192565918,9.818516731262207,20.0
44,48,-29.979400634765625,72.44093322753906,78.0
44,49,-30.47522735595703,77.75818634033203,7705.0
44,50,-5.899689674377441,4.370696544647217,16.0
44,51,-18.701257705688477,107.26628875732422,561.0
44,52,-10.68155288696289,14.445576667785645,15.0
44,53,-47.915924072265625,30.6479549407959,526.0
44,54,-18.640296936035156,41.598297119140625,796.0
44,55,-5.358041286468506,212.30870056152344,38.0
44,56,-28.521251678466797,13.367697715759277,1262.0
44,57,-8.419615745544434,16.55252456665039,7.0
44,58,-15.761974334716797,51.44398880004883,734.0
44,59,-17.655349731445312,18.96430015563965,78.0
44,60,-11.307519912719727,16.892671585083008,1094.0
44,61,-18.65530776977539,41.72336959838867,93.0
44,62,-22.613393783569336,92.08194732666016,1440.0
44,63,-13.589533805847168,15.148578643798828,490.0
44,64,-2.08921480178833,2.84228253364563,2.0
44,65,-4.157667636871338,7.995140075683594,4.0
44,66,-29.941816329956055,15.210456848144531,2744.0
44,67,-5.923819541931152,19.33485984802246,15.0
44,68,-13.99679183959961,10.306747436523438,225.0
44,69,-21.434988021850586,1267.7464599609375,522.0
44,70,-21.129295349121094,20.459980010986328,436.0
44,71,-28.797555923461914,17.809919357299805,991.0
44,72,-14.089116096496582,1146.6019287109375,528.0
44,73,-35.60491943359375,19.435020446777344,606.0
44,74,-12.946020126342773,13.319167137145996,1269.0
44,75,-19.518169403076172,49.58229446411133,377.0
44,76,-4.6068830490112305,3.1636319160461426,2.0
44,77,-26.640592575073242,44.961158752441406,42.0
44,78,-5.108179092407227,12.859585762023926,7.0
44,79,-20.265060424804688,9.503626823425293,165.0
44,80,-12.356208801269531,61.48149871826172,45.0
44,81,-23.520490646362305,13.6451997756958,18.0
44,82,-41.91487121582031,25.13397979736328,22.0
44,83,-14.349357604980469,17.634754180908203,1063.0
44,84,-26.010761260986328,7.395174980163574,13.0
44,85,-37.61851501464844,18.060583114624023,73.0
44,86,-24.699726104736328,15.555497169494629,3969.0
44,87,-28.044065475463867,1.7330513000488281,17.0
44,88,-4.064352512359619,3.8759241104125977,2.0
44,89,-5.042454242706299,12.44385814666748,14.0
44,90,-16.12603187561035,216.01412963867188,492.0
44,91,-13.416803359985352,9.357084274291992,98.0
44,92,-39.86829376220703,9.160541534423828,22.0
44,93,-9.708663940429688,11.326736450195312,6.0
44,94,-17.055110931396484,30.29619598388672,89.0
44,95,-15.504507064819336,13.251152992248535,31.0
44,96,-5.707710266113281,6.703100204467773,5.0
44,97,-13.822806358337402,31.680505752563477,32.0
44,98,-9.419631004333496,6.579285621643066,36.0
44,99,-17.874710083007812,12.852392196655273,99.0
44,100,-22.649654388427734,5.710354804992676,12.0
44,101,-37.448387145996094,14.5106782913208,106.0
44,102,-30.329051971435547,29.075468063354492,151.0
44,103,-17.222265243530273,74.11117553710938,1262.0
44,104,-46.77833557128906,107.53684997558594,1335.0
44,105,-1.735109806060791,2.3810818195343018,2.0
44,106,-83.15049743652344,5.457271575927734,1816.0
44,107,-8.017622947692871,14.476706504821777,125.0
44,108,-10.154254913330078,29.51066017150879,19.0
44,109,-21.765846252441406,77.72441864013672,283.0
44,110,-19.37369155883789,126.90298461914062,150.0
44,111,-20.032024383544922,28.181640625,614.0
44,112,-15.36392879486084,12.944291114807129,29.0
44,113,-6.395174026489258,4.9470601081848145,10.0
44,114,-61.71003723144531,5.830739974975586,168.0
44,115,-19.60985565185547,11.602632522583008,569.0
44,116,-32.68342971801758,19.515731811523438,854.0
44,117,-10.661598205566406,8.434410095214844,9.0
44,118,-9.555713653564453,24.173038482666016,132.0
44,119,-16.107542037963867,25.065902709960938,63.0
44,120,-16.206987380981445,10.127799034118652,17.0
44,121,-15.887621879577637,23.987295150756836,28.0
44,122,-32.002315521240234,4.282987594604492,619.0
44,123,-21.66115951538086,22.075124740600586,14376.0
44,124,-12.392393112182617,22.155776977539062,46.0
44,125,-12.282998085021973,21.558055877685547,50.0
44,126,-11.858638763427734,10.715889930725098,32.0
44,127,-24.981586456298828,12.160082817077637,1369.0
44,128,-15.400500297546387,21.760578155517578,26.0
44,129,-8.610769271850586,2.6032276153564453,4.0
44,130,-35.65840148925781,52.564697265625,407.0
44,131,-6.97589635848999,10.229736328125,4.0
44,132,-17.23465347290039,74.34105682373047,18.0
44,133,-41.446632385253906,24.24480628967285,321.0
44,134,-22.518604278564453,90.3526840209961,730.0
44,135,-15.749173164367676,3.7151944637298584,5.0
44,136,-26.98124122619629,20.043718338012695,40.0
44,137,-23.028074264526367,17.787736892700195,23.0
44,138,-29.022192001342773,63.18251037597656,316.0
44,139,-22.55856704711914,281.3619079589844,1149.0
44,140,-65.51438903808594,3.807711601257324,23.0
44,141,-15.67255687713623,185.70985412597656,95.0
44,142,-16.17333984375,25.397937774658203,75.0
44,143,-7.307785511016846,11.426424026489258,14.0
44,144,-25.763683319091797,3.880575180053711,38.0
44,145,-4.6357741355896,4.689181327819824,6.0
44,146,-5.850157260894775,18.635690689086914,7.0
44,147,-6.648746967315674,9.172859191894531,18.0
44,148,-23.5556583404541,111.17789459228516,15470.0
44,149,-9.709118843078613,25.4412784576416,6.0
44,150,-24.820796966552734,9.548996925354004,3491.0
44,151,-31.919239044189453,24.335201263427734,273.0
44,152,-13.123191833496094,79.39197540283203,43.0
44,153,-23.55630111694336,13.699602127075195,101.0
44,154,-47.38170623779297,13.905954360961914,1466.0
44,155,-17.966991424560547,13.02294921875,971.0
44,156,-62.46818161010742,3.8884241580963135,261.0
44,157,-60.93498229980469,4.770424842834473,122.0
44,158,-17.749448776245117,19.26406478881836,513.0
44,159,-27.00507164001465,20.096860885620117,751.0
44,160,-14.820481300354004,40.654937744140625,911.0
44,161,-12.052017211914062,11.138453483581543,316.0
44,162,-28.924724578857422,11.138344764709473,42.0
44,163,-7.321290969848633,6.235899448394775,4.0
44,164,-11.392328262329102,17.254655838012695,7.0
44,165,-15.096898078918457,153.28509521484375,1390.0
44,166,-6.686466693878174,9.288919448852539,29.0
44,167,-10.83674430847168,4.702556610107422,7.0
44,168,-50.17049789428711,5.640750885009766,91.0
44,169,-27.73331069946289,32.02970886230469,162.0
44,170,-16.96578598022461,16.905364990234375,16.0
44,171,-15.068094253540039,20.360950469970703,104.0
44,172,-8.715590476989746,78.08478546142578,153.0
44,173,-2.695061206817627,3.847911834716797,2.0
44,174,-13.501014709472656,29.23169708251953,85.0
44,175,-17.868547439575195,35.64858627319336,84.0
44,176,-26.479938507080078,749.93359375,3972.0
44,177,-31.091026306152344,31.644309997558594,1011.0
44,178,-17.386547088623047,77.21832275390625,13.0
44,179,-11.288975715637207,43.077117919921875,689.0
44,180,-27.941085815429688,1080.5997314453125,6948.0
44,181,-13.169819831848145,26.908843994140625,346.0
44,182,-28.245386123657227,110.7820053100586,1104.0
44,183,-47.75703811645508,118.59376525878906,924.0
44,184,-6.0963053703308105,21.076374053955078,10.0
44,185,-6.067310333251953,2.3791866302490234,6.0
44,186,-7.222081184387207,6.083135604858398,5.0
44,187,-7.028255462646484,10.409842491149902,4.0
44,188,-16.857168197631836,16.602083206176758,26.0
44,189,-50.3426513671875,6.452983379364014,150.0
44,190,-25.091516494750977,65.49144744873047,5630.0
44,191,-14.560258865356445,128.17799377441406,165.0
44,192,-17.577543258666992,8.999715805053711,664.0
44,193,-28.128917694091797,55.61299514770508,1916.0
44,194,-20.990962982177734,190.13623046875,151.0
44,195,-40.636043548583984,29.55748748779297,83.0
44,196,-13.217216491699219,81.91964721679688,58.0
44,197,-13.168935775756836,13.926411628723145,2281.0
44,198,-22.826702117919922,44.90056228637695,1242.0
44,199,-43.92704772949219,131.73377990722656,9069.0
44,200,-14.662042617797852,11.51526927947998,121.0
44,201,-24.655380249023438,21.800273895263672,437.0
44,202,-10.727446556091309,14.61227035522461,26.0
44,203,-16.456371307373047,5.184312343597412,20.0
44,204,-20.539051055908203,60.81338882446289,337.0
44,205,-13.382913589477539,9.304383277893066,628.0
44,206,-13.338489532470703,85.29904174804688,109.0
44,207,-13.738218307495117,9.8720064163208,241.0
44,208,-14.323284149169922,118.44253540039062,1943.0
44,209,-12.507356643676758,12.200430870056152,87.0
44,210,-15.125349044799805,154.7456512451172,502.0
44,211,-14.575132369995117,38.23621368408203,95.0
44,212,-22.601951599121094,25.250606536865234,209.0
44,213,-20.90277862548828,185.99032592773438,466.0
44,214,-14.419504165649414,36.77712631225586,87.0
44,215,-29.042808532714844,37.72605895996094,196.0
44,216,-21.773788452148438,1419.3145751953125,3784.0
44,217,-24.46306037902832,133.30130004882812,639.0
44,218,-20.748533248901367,178.95480346679688,232.0
44,219,-26.352657318115234,6530.369140625,2353.0
44,220,-16.41667938232422,5.163775444030762,66.0
44,221,-9.643346786499023,24.88957405090332,301.0
44,222,-22.063201904296875,248.58888244628906,1761.0
44,223,-15.277721405029297,2077.375732421875,1946.0
44,224,-21.484054565429688,215.0807647705078,4778.0
44,225,-9.77496337890625,26.00583839416504,20.0
44,226,-29.515214920043945,19.13504409790039,365.0
44,227,-24.657480239868164,15.482650756835938,39.0
44,228,-25.61336326599121,5104.0390625,1452.0
44,229,-9.475997924804688,3.8717784881591797,18.0
44,230,-27.62860870361328,9.997990608215332,223.0
44,231,-8.598578453063965,8.581808090209961,11.0
44,232,-10.587263107299805,14.109040260314941,51.0
44,233,-25.76082992553711,10.400914192199707,169.0
44,234,-12.278356552124023,59.906517028808594,77.0
44,235,-16.262765884399414,15.03620433807373,56.0
44,236,-21.6214599609375,36.729366302490234,22.0
44,237,-6.832925796508789,9.753654479980469,27.0
44,238,-14.02922534942627,1112.7755126953125,164.0
44,239,-10.028366088867188,12.269193649291992,3.0
44,240,-21.413511276245117,211.32090759277344,3505.0
44,241,-21.621925354003906,11.050064086914062,56.0
44,242,-8.511103630065918,17.06508445739746,126.0
44,243,-14.844560623168945,40.900413513183594,441.0
44,244,-3.7733147144317627,3.5175740718841553,4.0
44,245,-9.226332664489746,10.040060997009277,4.0
44,246,-24.156394958496094,125.3711929321289,221.0
44,247,-27.73918342590332,1027.4095458984375,3419.0
44,248,-37.551368713378906,42.740074157714844,4802.0
44,249,-28.725982666015625,36.26118087768555,235.0
44,250,-18.727001190185547,107.95886993408203,65.0
44,251,-8.160957336425781,5.115071773529053,22.0
44,252,-13.164277076721191,8.971440315246582,51.0
44,253,-8.0643310546875,5.0171709060668945,5.0
44,254,-5.764789581298828,6.831857204437256,15.0
44,255,-25.780380249023438,25.091960906982422,89.0
44,256,-29.470470428466797,135.87632751464844,14678.0
44,257,-21.78019905090332,77.9478530883789,1480.0
44,258,-10.865970611572266,37.411949157714844,24.0
44,259,-32.72174072265625,37.93024826049805,430.0
44,260,-27.310205459594727,8985.8115234375,13175.0
44,261,-11.175308227539062,41.47549057006836,35.0
44,262,-9.506342887878418,23.77848243713379,210.0
44,263,-33.06707000732422,247.4425811767578,16335.0
44,264,-40.259857177734375,28.645263671875,67.0
44,265,-17.066844940185547,17.192514419555664,26.0
44,266,-5.203089714050293,2.830965757369995,2.0
44,267,-7.313205718994141,11.447088241577148,16.0
44,268,-29.082622528076172,127.37093353271484,1645.0
44,269,-13.052947998046875,77.55463409423828,37.0
44,270,-20.546403884887695,30.704235076904297,604.0
44,271,-10.491828918457031,4.4764604568481445,6.0
44,272,-12.650745391845703,8.235528945922852,26.0
44,273,-31.36737060546875,23.02860450744629,125.0
44,274,-5.310899257659912,5.872613906860352,12.0
44,275,-4.0470685958862305,2.7504570484161377,3.0
44,276,-11.439254760742188,17.458274841308594,17.0
44,277,-21.00286865234375,13.809525489807129,96.0
44,278,-11.79718017578125,19.09248924255371,15.0
44,279,-28.973766326904297,37.40187072753906,1215.0
44,280,-14.04485034942627,1121.503173828125,1226.0
44,281,-40.61669921875,18.195838928222656,393.0
44,282,-6.071274757385254,7.566708564758301,18.0
44,283,-9.48188304901123,23.58539390563965,12.0
44,284,-26.786380767822266,28.45425033569336,51.0
44,285,-18.761877059936523,6.528568267822266,537.0
44,286,-35.80522537231445,35.89229202270508,19852.0
44,287,-27.541851043701172,31.27225685119629,2014.0
44,288,-2.955596446990967,19.213178634643555,3.0
44,289,-9.031917572021484,20.300373077392578,100.0
44,290,-32.34561538696289,36.37774658203125,174.0
44,291,-17.708110809326172,83.68231964111328,157.0
44,292,-27.269290924072266,913.5359497070312,410.0
44,293,-8.002117156982422,54.655975341796875,240.0
44,294,-3.775144100189209,3.5197198390960693,3.0
44,295,-16.852888107299805,11.106776237487793,226.0
44,296,-11.223796844482422,42.15129852294922,52.0
44,297,-25.744609832763672,172.24569702148438,2257.0
44,298,-3.8639473915100098,3.625464677810669,4.0
44,299,-8.85466194152832,19.135669708251953,16.0
44,300,-13.738116264343262,15.605496406555176,39.0
44,301,-14.001148223876953,33.12495803833008,76.0
44,302,-8.400031089782715,8.16623306274414,134.0
44,303,-8.819509506225586,18.91275405883789,29.0
44,304,-10.103212356567383,29.012813568115234,121.0
44,305,-30.497802734375,15.999019622802734,157.0
44,306,-19.65595245361328,136.1814422607422,964.0
44,307,-19.007694244384766,23.758705139160156,15231.0
44,308,-22.314695358276367,24.235380172729492,16860.0
44,309,-27.65863037109375,12.359450340270996,186.0
44,310,-15.32784652709961,12.866680145263672,74.0
44,311,-16.879499435424805,16.663984298706055,53.0
44,312,-24.004703521728516,7.391952991485596,24.0
44,313,-15.496522903442383,6.938359260559082,52.0
44,314,-24.742647171020508,9.48139476776123,86.0
44,315,-17.075698852539062,30.42119789123535,98.0
46,0,-19.22391700744629,122.2391357421875,447.0
46,1,-18.617931365966797,6.435266017913818,1225.0
46,2,-9.704498291015625,128.02801513671875,27.0
46,3,-15.014704704284668,149.1423797607422,121.0
46,4,-19.61777114868164,8.844115257263184,17.0
46,5,-9.073497772216797,9.663679122924805,11.0
46,6,-26.30392837524414,80.15705871582031,340.0
46,7,-14.975630760192871,42.2628173828125,265.0
46,8,-9.104289054870605,20.796051025390625,67.0
46,9,-17.063865661621094,71.23372650146484,522.0
46,10,-17.931819915771484,36.102569580078125,1093.0
46,11,-8.945382118225098,19.72317123413086,64.0
46,12,-5.007315635681152,5.307415962219238,3.0
46,13,-31.10296630859375,85.05351257324219,7823.0
46,14,-22.7587947845459,25.822765350341797,424.0
46,15,-8.567617416381836,8.515639305114746,47.0
46,16,-11.573787689208984,47.367164611816406,50.0
46,17,-9.23417854309082,10.059773445129395,29.0
46,18,-3.5493721961975098,5.898429870605469,2.0
46,19,-21.390689849853516,14.495471000671387,143.0
46,20,-33.877532958984375,21.753524780273438,324.0
46,21,-76.98965454101562,39.102012634277344,1984.0
46,22,-7.919431686401367,4.8738603591918945,18.0
46,23,-16.961875915527344,8.333091735839844,18.0
46,24,-11.485434532165527,9.945169448852539,13.0
46,25,-17.121959686279297,17.35116958618164,200.0
46,26,-14.364404678344727,120.07722473144531,72.0
46,27,-28.226497650146484,16.82136344909668,52.0
46,28,-11.711356163024902,10.404842376708984,13.0
46,29,-14.892643928527832,19.658872604370117,141.0
46,30,-7.1974687576293945,6.045820236206055,4.0
46,31,-20.406118392944336,899.680419921875,2850.0
46,32,-14.912271499633789,41.598655700683594,34.0
46,33,-15.26555061340332,45.43976593017578,553.0
46,34,-8.475595474243164,8.321969032287598,8.0
46,35,-16.252239227294922,10.193482398986816,33.0
46,36,-22.28423309326172,6.404618740081787,81.0
46,37,-22.7593936920166,17.200254440307617,413.0
46,38,-18.77635955810547,109.29928588867188,67.0
46,39,-34.124263763427734,71.2028579711914,53.0
46,40,-30.17062759399414,152.6943359375,473.0
46,41,-20.282493591308594,57.771671295166016,513.0
46,42,-16.49474334716797,10.552806854248047,4765.0
46,43,-4.296710968017578,2.927584648132324,2.0
46,44,-9.462238311767578,6.635591506958008,17.0
46,45,-19.146724700927734,46.032379150390625,1032.0
46,46,-26.52386474609375,44.217628479003906,41.0
46,47,-9.158191680908203,9.870474815368652,20.0
46,48,-29.989234924316406,72.54277038574219,80.0
46,49,-30.53021812438965,78.37145233154297,8055.0
46,50,-5.911826133728027,4.383977890014648,16.0
46,51,-18.696184158325195,107.13032531738281,565.0
46,52,-10.763777732849121,14.74559497833252,15.0
46,53,-47.96842956542969,30.763118743896484,513.0
46,54,-18.63507843017578,41.554908752441406,792.0
46,55,-5.3502960205078125,210.670654296875,37.0
46,56,-28.531579971313477,13.380254745483398,1254.0
46,57,-8.376773834228516,16.31782341003418,7.0
46,58,-15.811139106750488,52.080196380615234,739.0
46,59,-17.53512954711914,18.58810043334961,75.0
46,60,-11.323708534240723,16.961179733276367,1114.0
46,61,-18.646617889404297,41.65092849731445,92.0
46,62,-22.665821075439453,93.05252075195312,1431.0
46,63,-13.662596702575684,15.371565818786621,495.0
46,64,-2.0829243659973145,2.8333568572998047,2.0
46,65,-4.213847637176514,8.222907066345215,4.0
46,66,-29.81439208984375,15.035280227661133,2726.0
46,67,-5.882494926452637,18.9394588470459,15.0
46,68,-14.001710891723633,10.31519889831543,228.0
46,69,-21.408565521240234,1256.629638671875,532.0
46,70,-21.27416229248047,20.887815475463867,440.0
46,71,-28.74610137939453,17.718515396118164,976.0
46,72,-14.027040481567383,1111.560546875,524.0
46,73,-35.63235092163086,19.4794979095459,600.0
46,74,-12.92261791229248,13.256973266601562,1289.0
46,75,-19.490697860717773,49.31062316894531,377.0
46,76,-4.662156581878662,3.2076518535614014,2.0
46,77,-26.599374771118164,44.69719696044922,41.0
46,78,-5.006405830383301,12.221575736999512,6.0
46,79,-20.232009887695312,9.468790054321289,162.0
46,80,-12.349761962890625,61.349510192871094,44.0
46,81,-23.523759841918945,13.65015983581543,18.0
46,82,-41.99464416503906,25.288686752319336,23.0
46,83,-14.411272048950195,17.854476928710938,1103.0
46,84,-25.87666893005371,7.319287300109863,12.0
46,85,-37.47585678100586,17.863473892211914,73.0
46,86,-24.85309410095215,15.822845458984375,3882.0
46,87,-27.81434440612793,1.7252626419067383,16.0
46,88,-4.095842361450195,3.916822671890259,2.0
46,89,-5.043467998504639,12.450166702270508,14.0
46,90,-16.086973190307617,213.21994018554688,480.0
46,91,-13.354758262634277,9.260825157165527,95.0
46,92,-39.905029296875,9.179256439208984,25.0
46,93,-9.74417781829834,11.427748680114746,6.0
46,94,-17.022598266601562,30.099830627441406,88.0
46,95,-15.551295280456543,13.354887962341309,31.0
46,96,-5.77943754196167,6.865296840667725,5.0
46,97,-13.839866638183594,31.815914154052734,33.0
46,98,-9.479047775268555,6.657936096191406,38.0
46,99,-17.667879104614258,12.478195190429688,99.0
46,100,-22.705669403076172,5.735012531280518,12.0
46,101,-37.4547119140625,14.51723575592041,109.0
46,102,-30.390796661376953,29.275625228881836,170.0
46,103,-17.27593994140625,75.11234283447266,1270.0
46,104,-46.886287689208984,108.70401763916016,1303.0
46,105,-1.7414919137954712,2.3886919021606445,2.0
46,106,-83.27633666992188,5.471304893493652,1762.0
46,107,-8.016006469726562,14.468908309936523,121.0
46,108,-10.142671585083008,29.396942138671875,19.0
46,109,-21.741220474243164,77.34254455566406,275.0
46,110,-19.344924926757812,125.99362182617188,147.0
46,111,-20.00885009765625,28.0730037689209,625.0
46,112,-15.376543045043945,12.971534729003906,29.0
46,113,-6.332271575927734,4.869873046875,10.0
46,114,-61.702911376953125,5.82955265045166,167.0
46,115,-19.56395721435547,11.5362548828125,553.0
46,116,-32.77171325683594,19.672988891601562,841.0
46,117,-10.569392204284668,8.280293464660645,9.0
46,118,-9.54066276550293,24.05206298828125,125.0
46,119,-16.082351684570312,24.93993377685547,63.0
46,120,-16.08755874633789,9.956472396850586,18.0
46,121,-16.021448135375977,24.63799285888672,31.0
46,122,-31.982805252075195,4.279190540313721,630.0
46,123,-21.533872604370117,21.677339553833008,14381.0
46,124,-12.364702224731445,22.002927780151367,47.0
46,125,-12.254480361938477,21.404903411865234,50.0
46,126,-11.795249938964844,10.58089542388916,31.0
46,127,-25.059345245361328,12.255005836486816,1415.0
46,128,-15.416075706481934,21.828474044799805,25.0
46,129,-8.530345916748047,2.5800693035125732,4.0
46,130,-35.478057861328125,51.52186584472656,391.0
46,131,-6.977067947387695,10.233732223510742,4.0
46,132,-17.18353271484375,73.39701080322266,17.0
46,133,-41.451499938964844,24.253889083862305,324.0
46,134,-22.497817993164062,89.97786712646484,722.0
46,135,-15.688076972961426,3.6963274478912354,4.0
46,136,-27.038564682006836,20.171785354614258,42.0
46,137,-23.173261642456055,18.11350440979004,24.0
46,138,-29.111330032348633,63.992218017578125,318.0
46,139,-22.533227920532227,279.5851745605469,1145.0
46,140,-65.28006744384766,3.789546251296997,23.0
46,141,-15.643016815185547,183.89019775390625,91.0
46,142,-16.054529190063477,24.801542282104492,72.0
46,143,-7.308988571166992,11.431008338928223,14.0
46,144,-25.814428329467773,3.8909530639648438,37.0
46,145,-4.625349044799805,4.672914505004883,6.0
46,146,-5.8342461585998535,18.48802375793457,7.0
46,147,-6.712485313415527,9.369832038879395,18.0
46,148,-23.47671890258789,109.43644714355469,14961.0
46,149,-9.711231231689453,25.459196090698242,7.0
46,150,-24.577533721923828,9.340141296386719,3486.0
46,151,-31.831382751464844,24.122339248657227,265.0
46,152,-13.192852020263672,81.25702667236328,44.0
46,153,-23.617488861083984,13.793059349060059,102.0
46,154,-47.31221389770508,13.852371215820312,1490.0
46,155,-18.00328254699707,13.0906400680542,978.0
46,156,-62.453102111816406,3.8871495723724365,249.0
46,157,-61.15259552001953,4.797117233276367,120.0
46,158,-17.76803970336914,19.3238468170166,515.0
46,159,-26.966943740844727,20.01190185546875,740.0
46,160,-14.882584571838379,41.29106521606445,937.0
46,161,-11.947925567626953,10.908966064453125,314.0
46,162,-28.847457885742188,11.066856384277344,43.0
46,163,-7.367283821105957,6.308014392852783,4.0
46,164,-11.290868759155273,16.822498321533203,7.0
46,165,-15.132759094238281,155.12835693359375,1396.0
46,166,-6.664182186126709,9.220175743103027,30.0
46,167,-10.877042770385742,4.72970724105835,7.0
46,168,-50.15715789794922,5.638156890869141,91.0
46,169,-27.921977996826172,32.7940559387207,172.0
46,170,-16.911685943603516,16.753618240356445,15.0
46,171,-15.119285583496094,20.57048225402832,103.0
46,172,-8.750799179077148,79.47158813476562,158.0
46,173,-2.6782655715942383,3.8157331943511963,2.0
46,174,-13.443639755249023,28.815401077270508,81.0
46,175,-17.830724716186523,35.37993621826172,78.0
46,176,-26.500667572021484,753.8300170898438,3998.0
46,177,-31.02632713317871,31.41764259338379,1013.0
46,178,-17.468351364135742,78.81378173828125,13.0
46,179,-11.317375183105469,43.48683547973633,697.0
46,180,-27.905471801757812,1071.0213623046875,6875.0
46,181,-13.2337007522583,27.342031478881836,358.0
46,182,-28.39766502380371,113.62960052490234,1128.0
46,183,-47.718353271484375,118.1358642578125,902.0
46,184,-6.06488561630249,20.747854232788086,11.0
46,185,-6.043876647949219,2.3712351322174072,6.0
46,186,-7.236708164215088,6.10542106628418,5.0
46,187,-7.008142471313477,10.340285301208496,4.0
46,188,-16.846912384033203,16.5737247467041,24.0
46,189,-50.393524169921875,6.46515417098999,156.0
46,190,-25.14410400390625,66.06795501708984,5665.0
46,191,-14.673196792602539,133.09532165527344,164.0
46,192,-17.633438110351562,9.062814712524414,679.0
46,193,-28.002342224121094,54.616424560546875,1867.0
46,194,-20.93621063232422,187.55136108398438,151.0
46,195,-40.85026550292969,30.089879989624023,84.0
46,196,-13.285385131835938,83.8023910522461,58.0
46,197,-13.1094331741333,13.761664390563965,2291.0
46,198,-22.840999603271484,45.007686614990234,1262.0
46,199,-44.017601013183594,133.0658721923828,9246.0
46,200,-14.71766471862793,11.622513771057129,121.0
46,201,-24.691991806030273,21.900270462036133,442.0
46,202,-10.761982917785645,14.738981246948242,26.0
46,203,-16.442363739013672,5.1770548820495605,20.0
46,204,-20.517559051513672,60.55256271362305,337.0
46,205,-13.40955924987793,9.345794677734375,641.0
46,206,-13.178840637207031,80.8783950805664,94.0
46,207,-13.656623840332031,9.738663673400879,237.0
46,208,-14.356742858886719,119.77094268798828,1960.0
46,209,-12.513236045837402,12.2147855758667,91.0
46,210,-15.130853652954102,155.0298614501953,510.0
46,211,-14.528894424438477,37.79676818847656,94.0
46,212,-22.6170654296875,25.30518341064453,208.0
46,213,-20.935026168823242,187.49581909179688,469.0
46,214,-14.388327598571777,36.49159240722656,85.0
46,215,-29.061368942260742,37.81368637084961,191.0
46,216,-21.87260627746582,1466.8446044921875,3827.0
46,217,-24.49332046508789,134.11048889160156,671.0
46,218,-20.66440200805664,175.23019409179688,229.0
46,219,-26.32012939453125,6459.94775390625,2349.0
46,220,-16.41069984436035,5.160688400268555,65.0
46,221,-9.6365966796875,24.833635330200195,300.0
46,222,-22.03632926940918,246.92442321777344,1799.0
46,223,-15.278066635131836,2077.734375,1940.0
46,224,-21.457406997680664,213.65269470214844,4598.0
46,225,-9.73328685760498,25.647058486938477,20.0
46,226,-29.497379302978516,19.100950241088867,379.0
46,227,-24.716938018798828,15.585272789001465,41.0
46,228,-25.565593719482422,5023.4130859375,1426.0
46,229,-9.486499786376953,3.877591609954834,18.0
46,230,-27.637605667114258,10.005488395690918,224.0
46,231,-8.63949203491211,8.670037269592285,11.0
46,232,-10.520076751708984,13.874035835266113,51.0
46,233,-25.72684669494629,10.368830680847168,167.0
46,234,-12.199193000793457,58.346397399902344,76.0
46,235,-16.173023223876953,14.812981605529785,53.0
46,236,-21.59469985961914,36.565914154052734,23.0
46,237,-6.854964256286621,9.825569152832031,27.0
46,238,-14.133597373962402,1172.3887939453125,169.0
46,239,-10.052651405334473,12.343910217285156,3.0
46,240,-21.359420776367188,208.48251342773438,3509.0
46,241,-21.61922836303711,11.0467529296875,53.0
46,242,-8.511109352111816,17.06511688232422,128.0
46,243,-14.752391815185547,39.96875,435.0
46,244,-3.765252113342285,3.5081334114074707,4.0
46,245,-9.347747802734375,10.3494873046875,4.0
46,246,-24.156288146972656,125.36856079101562,227.0
46,247,-27.727989196777344,1024.5382080078125,3453.0
46,248,-37.77677917480469,43.714420318603516,5009.0
46,249,-28.690475463867188,36.1005973815918,227.0
46,250,-18.767791748046875,109.06542205810547,66.0
46,251,-8.136357307434082,5.089967250823975,22.0
46,252,-13.182469367980957,8.998682975769043,51.0
46,253,-8.090496063232422,5.043494701385498,5.0
46,254,-5.71015739440918,6.708569526672363,15.0
46,255,-25.74814224243164,24.991050720214844,89.0
46,256,-29.486543655395508,136.24081420898438,14615.0
46,257,-21.843111038208008,78.93480682373047,1452.0
46,258,-10.877479553222656,37.555755615234375,24.0
46,259,-32.7711181640625,38.13892364501953,426.0
46,260,-27.32379722595215,9026.609375,13411.0
46,261,-11.17779541015625,41.50989532470703,35.0
46,262,-9.51618480682373,23.856618881225586,207.0
46,263,-33.103187561035156,248.93655395507812,16499.0
46,264,-40.21794509887695,28.545391082763672,67.0
46,265,-16.972932815551758,16.925514221191406,25.0
46,266,-5.172998905181885,2.8139798641204834,2.0
46,267,-7.3857035636901855,11.727086067199707,18.0
46,268,-29.069557189941406,127.09392547607422,1579.0
46,269,-13.039873123168945,77.21736145019531,37.0
46,270,-20.516090393066406,30.54950523376465,603.0
46,271,-10.536105155944824,4.50486421585083,6.0
46,272,-12.584860801696777,8.145590782165527,27.0
46,273,-31.481813430786133,23.293664932250977,123.0
46,274,-5.288032531738281,5.82802152633667,12.0
46,275,-4.066850185394287,2.7640931606292725,4.0
46,276,-11.383257865905762,17.215574264526367,16.0
46,277,-20.898334503173828,13.630252838134766,92.0
46,278,-11.807942390441895,19.14392852783203,15.0
46,279,-29.08269500732422,37.91462326049805,1201.0
46,280,-14.078691482543945,1140.64111328125,1260.0
46,281,-40.684349060058594,18.283973693847656,400.0
46,282,-6.0626726150512695,7.545044422149658,18.0
46,283,-9.459226608276367,23.40794563293457,12.0
46,284,-26.838747024536133,28.6411190032959,51.0
46,285,-18.70903778076172,6.4941630363464355,531.0
46,286,-35.812294006347656,35.91767120361328,19942.0
46,287,-27.57485580444336,31.401540756225586,2054.0
46,288,-2.9071600437164307,18.30474090576172,3.0
46,289,-8.976546287536621,19.929119110107422,99.0
46,290,-32.331016540527344,36.31878662109375,174.0
46,291,-17.70391845703125,83.59465789794922,157.0
46,292,-27.25800323486328,910.961669921875,404.0
46,293,-8.022980690002441,55.229122161865234,244.0
46,294,-3.732588529586792,3.470144271850586,3.0
46,295,-16.824230194091797,11.061399459838867,220.0
46,296,-11.14466667175293,41.05402374267578,50.0
46,297,-25.879440307617188,176.9536895751953,2365.0
46,298,-3.8582277297973633,3.6185591220855713,4.0
46,299,-8.878698348999023,19.289600372314453,16.0
46,300,-13.824334144592285,15.876925468444824,39.0
46,301,-13.895483016967773,32.26137924194336,73.0
46,302,-8.395796775817871,8.157593727111816,131.0
46,303,-8.725650787353516,18.3302059173584,28.0
46,304,-10.099425315856934,28.976207733154297,117.0
46,305,-30.480857849121094,15.974393844604492,158.0
46,306,-19.620712280273438,134.98695373535156,962.0
46,307,-19.042911529541016,23.898569107055664,15055.0
46,308,-22.266101837158203,24.067726135253906,16808.0
46,309,-27.677738189697266,12.380938529968262,187.0
46,310,-15.268587112426758,12.740227699279785,72.0
46,311,-16.877580642700195,16.658658981323242,53.0
46,312,-24.153465270996094,7.484160423278809,22.0
46,313,-15.57128620147705,7.003505706787109,53.0
46,314,-24.586475372314453,9.347735404968262,90.0
46,315,-17.0955753326416,30.542375564575195,97.0
48,0,-19.209148406982422,121.78864288330078,444.0
48,1,-18.663782119750977,6.464839458465576,1257.0
48,2,-9.668340682983398,125.7342300415039,27.0
48,3,-15.045075416564941,150.65992736816406,122.0
48,4,-19.757455825805664,8.982452392578125,17.0
48,5,-9.040121078491211,9.583378791809082,10.0
48,6,-26.293224334716797,80.01419067382812,339.0
48,7,-14.960708618164062,42.105445861816406,262.0
48,8,-9.120591163635254,20.909364700317383,65.0
48,9,-17.073978424072266,71.41404724121094,514.0
48,10,-17.88220977783203,35.74612808227539,1093.0
48,11,-8.910057067871094,19.492292404174805,63.0
48,12,-5.006882190704346,5.306649684906006,4.0
48,13,-31.032304763793945,84.19929504394531,7820.0
48,14,-22.84023666381836,26.124956130981445,439.0
48,15,-8.586956024169922,8.55690860748291,50.0
48,16,-11.598082542419434,47.752315521240234,50.0
48,17,-9.265336036682129,10.13843822479248,30.0
48,18,-3.5431861877441406,5.880214214324951,2.0
48,19,-21.358562469482422,14.43737506866455,145.0
48,20,-33.786109924316406,21.573474884033203,317.0
48,21,-76.86974334716797,38.87937927246094,2067.0
48,22,-7.890763282775879,4.8459954261779785,18.0
48,23,-16.932132720947266,8.302166938781738,18.0
48,24,-11.505834579467773,9.98582935333252,13.0
48,25,-17.130725860595703,17.37653923034668,199.0
48,26,-14.32524299621582,118.51993560791016,73.0
48,27,-28.154306411743164,16.700366973876953,52.0
48,28,-11.871915817260742,10.744384765625,14.0
48,29,-14.77917766571045,19.2177734375,138.0
48,30,-7.117574691772461,5.926262378692627,4.0
48,31,-20.363521575927734,886.9959106445312,2821.0
48,32,-14.893197059631348,41.40076446533203,33.0
48,33,-15.234381675720215,45.087066650390625,557.0
48,34,-8.478836059570312,8.328714370727539,8.0
48,35,-16.171062469482422,10.07595443725586,32.0
48,36,-22.227689743041992,6.37451171875,83.0
48,37,-22.768205642700195,17.21921157836914,413.0
48,38,-18.599979400634766,104.58444213867188,64.0
48,39,-34.10881042480469,71.0654525756836,52.0
48,40,-30.14354705810547,152.0066680908203,480.0
48,41,-20.235137939453125,57.22710418701172,507.0
48,42,-16.482601165771484,10.53451919555664,4750.0
48,43,-4.3294878005981445,2.9516725540161133,2.0
48,44,-9.519590377807617,6.712141513824463,18.0
48,45,-19.221946716308594,46.73014450073242,1051.0
48,46,-26.461429595947266,43.82499313354492,40.0
48,47,-9.165470123291016,9.88845157623291,19.0
48,48,-29.898046493530273,71.6039047241211,79.0
48,49,-30.56072998046875,78.71379852294922,8177.0
48,50,-5.884233474731445,4.3538408279418945,16.0
48,51,-18.74774932861328,108.52031707763672,583.0
48,52,-10.790105819702148,14.842971801757812,15.0
48,53,-47.884010314941406,30.57817268371582,509.0
48,54,-18.643535614013672,41.6252555847168,811.0
48,55,-5.388144016265869,218.7969207763672,38.0
48,56,-28.44540023803711,13.275834083557129,1255.0
48,57,-8.419595718383789,16.552413940429688,7.0
48,58,-15.628631591796875,49.7573356628418,736.0
48,59,-17.596858978271484,18.780324935913086,78.0
48,60,-11.198083877563477,16.436771392822266,1042.0
48,61,-18.609296798706055,41.3411979675293,92.0
48,62,-22.66466522216797,93.03103637695312,1441.0
48,63,-13.595961570739746,15.168065071105957,489.0
48,64,-2.0865793228149414,2.8385393619537354,2.0
48,65,-4.163588523864746,8.018844604492188,4.0
48,66,-29.8786563873291,15.123374938964844,2763.0
48,67,-5.959461688995361,19.682518005371094,15.0
48,68,-13.976490020751953,10.271931648254395,231.0
48,69,-21.41547966003418,1259.5289306640625,531.0
48,70,-21.096860885620117,20.365398406982422,448.0
48,71,-28.68495750427246,17.610506057739258,983.0
48,72,-14.052844047546387,1125.9945068359375,521.0
48,73,-35.58673095703125,19.40558433532715,610.0
48,74,-12.922513008117676,13.256695747375488,1271.0
48,75,-19.589570999145508,50.29542922973633,384.0
48,76,-4.664523601531982,3.209550619125366,2.0
48,77,-26.469261169433594,43.874046325683594,41.0
48,78,-5.042293548583984,12.44285774230957,6.0
48,79,-20.13739013671875,9.369762420654297,160.0
48,80,-12.319395065307617,60.73164367675781,44.0
48,81,-23.50393295288086,13.620121955871582,18.0
48,82,-41.939205169677734,25.181076049804688,22.0
48,83,-14.3812837600708,17.74771499633789,1104.0
48,84,-25.92621612548828,7.3472371101379395,13.0
48,85,-37.63987731933594,18.090288162231445,74.0
48,86,-24.88589096069336,15.88061237335205,3862.0
48,87,-27.78917694091797,1.7244113683700562,16.0
48,88,-4.074739933013916,3.8893680572509766,2.0
48,89,-5.01121711730957,12.251012802124023,14.0
48,90,-16.06402587890625,211.5952606201172,478.0
48,91,-13.37048625946045,9.285130500793457,97.0
48,92,-39.79802322387695,9.124849319458008,23.0
48,93,-9.742563247680664,11.423136711120605,6.0
48,94,-17.04367446899414,30.226978302001953,87.0
48,95,-15.51655101776123,13.277777671813965,31.0
48,96,-5.6949005126953125,6.674539089202881,5.0
48,97,-13.897982597351074,32.28154373168945,32.0
48,98,-9.44688892364502,6.615251541137695,39.0
48,99,-17.80208396911621,12.719738006591797,98.0
48,100,-22.75516128540039,5.756887912750244,12.0
48,101,-37.35057067871094,14.409647941589355,110.0
48,102,-30.402517318725586,29.31377410888672,163.0
48,103,-17.24817657470703,74.59281158447266,1260.0
48,104,-46.90790939331055,108.9393310546875,1322.0
48,105,-1.7012349367141724,2.3410918712615967,2.0
48,106,-83.32760620117188,5.477032661437988,1826.0
48,107,-8.0195894241333,14.486202239990234,127.0
48,108,-10.129404067993164,29.267215728759766,19.0
48,109,-21.69744110107422,76.66827392578125,276.0
48,110,-19.416492462158203,128.26817321777344,147.0
48,111,-20.0698184967041,28.359716415405273,614.0
48,112,-15.371803283691406,12.961289405822754,29.0
48,113,-6.36928129196167,4.915140628814697,10.0
48,114,-61.74384307861328,5.8363752365112305,173.0
48,115,-19.578304290771484,11.556962013244629,553.0
48,116,-32.75786209106445,19.648235321044922,854.0
48,117,-10.560014724731445,8.264777183532715,9.0
48,118,-9.477514266967773,23.55107307434082,121.0
48,119,-16.006900787353516,24.566415786743164,60.0
48,120,-16.140766143798828,10.032440185546875,17.0
48,121,-15.982203483581543,24.44536590576172,28.0
48,122,-31.979963302612305,4.278637886047363,625.0
48,123,-21.484027862548828,21.52353286743164,14330.0
48,124,-12.303021430969238,21.666240692138672,45.0
48,125,-12.180298805236816,21.011600494384766,51.0
48,126,-11.738625526428223,10.46174430847168,31.0
48,127,-24.99394989013672,12.175125122070312,1391.0
48,128,-15.445869445800781,21.958927154541016,25.0
48,129,-8.63033390045166,2.6088931560516357,5.0
48,130,-35.503700256347656,51.66888427734375,390.0
48,131,-6.9817705154418945,10.249787330627441,4.0
48,132,-17.17896842956543,73.31330871582031,18.0
48,133,-41.44468688964844,24.241182327270508,323.0
48,134,-22.565357208251953,91.2015151977539,735.0
48,135,-15.718573570251465,3.705733060836792,5.0
48,136,-27.077014923095703,20.258153915405273,42.0
48,137,-22.99413299560547,17.71242904663086,25.0
48,138,-28.95925521850586,62.61697006225586,314.0
48,139,-22.512462615966797,278.1375427246094,1171.0
48,140,-65.33277893066406,3.7936251163482666,23.0
48,141,-15.608433723449707,181.78256225585938,91.0
48,142,-16.07208824157715,24.888795852661133,74.0
48,143,-7.33725643157959,11.539225578308105,14.0
48,144,-25.80868911743164,3.889777660369873,38.0
48,145,-4.6171464920043945,4.660155773162842,6.0
48,146,-5.85611629486084,18.691299438476562,7.0
48,147,-6.696178436279297,9.319039344787598,18.0
48,148,-23.612974166870117,112.45968627929688,15373.0
48,149,-9.694726943969727,25.319522857666016,7.0
48,150,-24.604778289794922,9.363302230834961,3411.0
48,151,-31.887697219848633,24.25856590270996,273.0
48,152,-13.158051490783691,80.31989288330078,43.0
48,153,-23.521875381469727,13.647297859191895,103.0
48,154,-47.60280227661133,14.077815055847168,1475.0
48,155,-18.011749267578125,13.106483459472656,1002.0
48,156,-62.57594299316406,3.8975436687469482,258.0
48,157,-61.03542709350586,4.782727241516113,122.0
48,158,-17.714658737182617,19.15268898010254,511.0
48,159,-26.836931228637695,19.724885940551758,726.0
48,160,-14.868138313293457,41.142208099365234,921.0
48,161,-11.987370491027832,10.995368003845215,316.0
48,162,-28.836490631103516,11.056748390197754,43.0
48,163,-7.378507614135742,6.32573938369751,4.0
48,164,-11.317376136779785,16.934349060058594,7.0
48,165,-15.102926254272461,153.59341430664062,1418.0
48,166,-6.674990177154541,9.253453254699707,31.0
48,167,-10.879801750183105,4.731571197509766,7.0
48,168,-50.22821807861328,5.651988983154297,95.0
48,169,-27.700185775756836,31.897357940673828,169.0
48,170,-17.04154396057129,17.12017250061035,15.0
48,171,-15.150101661682129,20.697650909423828,104.0
48,172,-8.756612777709961,79.70293426513672,153.0
48,173,-2.7285075187683105,3.91280198097229,2.0
48,174,-13.474861145019531,29.04119300842285,83.0
48,175,-17.897960662841797,35.858917236328125,84.0
48,176,-26.39434814453125,734.0573120117188,3913.0
48,177,-31.216045379638672,32.08695602416992,1028.0
48,178,-17.545818328857422,80.35501861572266,13.0
48,179,-11.359611511230469,44.10341262817383,705.0
48,180,-27.871715545654297,1062.0208740234375,6789.0
48,181,-13.202796936035156,27.131603240966797,356.0
48,182,-28.180469512939453,109.5898666381836,1096.0
48,183,-47.80339813232422,119.14481353759766,926.0
48,184,-6.097161293029785,21.08539581298828,10.0
48,185,-6.102344989776611,2.3911242485046387,6.0
48,186,-7.229239463806152,6.094031810760498,5.0
48,187,-7.035491466522217,10.434982299804688,4.0
48,188,-16.825435638427734,16.514509201049805,25.0
48,189,-50.46421813964844,6.482104301452637,155.0
48,190,-25.05866241455078,65.13379669189453,5537.0
48,191,-14.614383697509766,130.51150512695312,163.0
48,192,-17.640117645263672,9.070384979248047,676.0
48,193,-28.11434555053711,55.497337341308594,1870.0
48,194,-20.989028930664062,190.0443115234375,152.0
48,195,-40.87612533569336,30.154787063598633,84.0
48,196,-13.225440979003906,82.14452362060547,58.0
48,197,-13.14193058013916,13.851395606994629,2275.0
48,198,-22.781002044677734,44.559871673583984,1245.0
48,199,-43.9230842590332,131.67575073242188,9361.0
48,200,-14.662961959838867,11.517032623291016,122.0
48,201,-24.645931243896484,21.774539947509766,441.0
48,202,-10.709379196166992,14.546419143676758,26.0
48,203,-16.47754669189453,5.195301532745361,20.0
48,204,-20.545961380004883,60.89751052856445,340.0
48,205,-13.491884231567383,9.4749116897583,650.0
48,206,-13.24167251586914,82.5901870727539,102.0
48,207,-13.647723197937012,9.724227905273438,237.0
48,208,-14.311055183410645,117.96074676513672,1952.0
48,209,-12.539860725402832,12.280003547668457,88.0
48,210,-15.117671012878418,154.3501434326172,503.0
48,211,-14.539871215820312,37.900630950927734,95.0
48,212,-22.574527740478516,25.151874542236328,216.0
48,213,-20.85837173461914,183.9369354248047,475.0
48,214,-14.43679428100586,36.936439514160156,86.0
48,215,-28.883583068847656,36.98261260986328,192.0
48,216,-21.66506004333496,1368.7960205078125,3783.0
48,217,-24.454025268554688,133.0606689453125,674.0
48,218,-20.6282958984375,173.6555938720703,229.0
48,219,-26.296493530273438,6409.25341796875,2355.0
48,220,-16.330780029296875,5.1196088790893555,67.0
48,221,-9.680313110351562,25.198163986206055,300.0
48,222,-22.138534545898438,253.3149871826172,1828.0
48,223,-15.298340797424316,2098.903564453125,2005.0
48,224,-21.419357299804688,211.62997436523438,4545.0
48,225,-9.711759567260742,25.463682174682617,20.0
48,226,-29.444087982177734,18.999427795410156,367.0
48,227,-24.699268341064453,15.554702758789062,40.0
48,228,-25.521759033203125,4950.54345703125,1422.0
48,229,-9.483800888061523,3.8760969638824463,18.0
48,230,-27.684707641601562,10.044839859008789,224.0
48,231,-8.682511329650879,8.763784408569336,11.0
48,232,-10.534158706665039,13.922966003417969,51.0
48,233,-25.75901222229004,10.399195671081543,164.0
48,234,-12.280290603637695,59.94515609741211,76.0
48,235,-16.228429794311523,14.95040512084961,55.0
48,236,-21.555967330932617,36.33062744140625,22.0
48,237,-6.821480751037598,9.716513633728027,27.0
48,238,-14.010383605957031,1102.3414306640625,166.0
48,239,-9.998491287231445,12.177900314331055,3.0
48,240,-21.447336196899414,213.11546325683594,3545.0
48,241,-21.70494270324707,11.152460098266602,56.0
48,242,-8.4733304977417,16.851566314697266,126.0
48,243,-14.771219253540039,40.157325744628906,437.0
48,244,-3.751124858856201,3.491651773452759,4.0
48,245,-9.318967819213867,10.275289535522461,4.0
48,246,-24.04837989807129,122.69187927246094,221.0
48,247,-27.799480438232422,1043.0142822265625,3539.0
48,248,-37.61649703979492,43.01933288574219,5064.0
48,249,-28.753807067871094,36.38751983642578,228.0
48,250,-18.721965789794922,107.82305145263672,66.0
48,251,-8.175661087036133,5.130136489868164,22.0
48,252,-13.061111450195312,8.818502426147461,50.0
48,253,-8.063276290893555,5.016112804412842,5.0
48,254,-5.796925067901611,6.905432224273682,15.0
48,255,-25.654722213745117,24.70091438293457,87.0
48,256,-29.498029708862305,136.50189208984375,14667.0
48,257,-21.803569793701172,78.31302642822266,1442.0
48,258,-10.80475902557373,36.65633773803711,22.0
48,259,-32.74776077270508,38.04007339477539,431.0
48,260,-27.319568634033203,9013.8955078125,13386.0
48,261,-11.207608222961426,41.92445755004883,35.0
48,262,-9.489801406860352,23.647729873657227,208.0
48,263,-33.10579299926758,249.04458618164062,16536.0
48,264,-40.183998107910156,28.46474838256836,68.0
48,265,-16.982765197753906,16.953271865844727,24.0
48,266,-5.2193603515625,2.840193271636963,2.0
48,267,-7.325640678405762,11.494633674621582,19.0
48,268,-29.01337242126465,125.90934753417969,1588.0
48,269,-12.969321250915527,75.42262268066406,37.0
48,270,-20.528316497802734,30.611812591552734,603.0
48,271,-10.491971015930176,4.476551532745361,6.0
48,272,-12.598392486572266,8.163983345031738,26.0
48,273,-31.33173942565918,22.94669532775879,125.0
48,274,-5.2903337478637695,5.832493305206299,12.0
48,275,-4.051403045654297,2.75343918800354,3.0
48,276,-11.523011207580566,17.827688217163086,17.0
48,277,-20.912681579589844,13.654719352722168,90.0
48,278,-11.797088623046875,19.092052459716797,15.0
48,279,-28.92886734008789,37.19254684448242,1194.0
48,280,-14.09891414642334,1152.2330322265625,1270.0
48,281,-40.56629943847656,18.130447387695312,394.0
48,282,-6.080767631530762,7.590689659118652,18.0
48,283,-9.432405471801758,23.199604034423828,12.0
48,284,-26.8320255279541,28.6170654296875,53.0
48,285,-18.74622344970703,6.518356800079346,532.0
48,286,-35.893489837646484,36.21049499511719,20266.0
48,287,-27.45323944091797,30.927783966064453,2025.0
48,288,-2.881983757019043,17.849647521972656,3.0
48,289,-9.012588500976562,20.16999626159668,101.0
48,290,-32.30107879638672,36.198177337646484,178.0
48,291,-17.71074676513672,83.73748779296875,159.0
48,292,-27.25232696533203,909.6698608398438,408.0
48,293,-7.976562976837158,53.96207046508789,237.0
48,294,-3.7864277362823486,3.53298282623291,3.0
48,295,-16.848426818847656,11.099699974060059,222.0
48,296,-11.214200973510742,42.01668930053711,51.0
48,297,-25.804012298583984,174.3042449951172,2318.0
48,298,-3.8175902366638184,3.569873332977295,4.0
48,299,-8.929530143737793,19.619226455688477,15.0
48,300,-13.719913482666016,15.548789024353027,39.0
48,301,-13.931001663208008,32.54912185668945,73.0
48,302,-8.329218864440918,8.022937774658203,128.0
48,303,-8.812992095947266,18.87171173095703,29.0
48,304,-10.054987907409668,28.55016326904297,117.0
48,305,-30.513553619384766,16.02194595336914,158.0
48,306,-19.59140396118164,134.00149536132812,945.0
48,307,-18.98914337158203,23.685359954833984,15236.0
48,308,-22.266231536865234,24.068172454833984,17072.0
48,309,-27.82524871826172,12.548083305358887,188.0
48,310,-15.265156745910645,12.732946395874023,75.0
48,311,-17.000864028930664,17.004487991333008,54.0
48,312,-23.993886947631836,7.385293483734131,22.0
48,313,-15.49163818359375,6.93412446975708,52.0
48,314,-24.874954223632812,9.596125602722168,92.0
48,315,-17.070941925048828,30.392271041870117,97.0
50,0,-19.196178436279297,121.3943862915039,461.0
50,1,-18.59366226196289,6.419666767120361,1227.0
50,2,-9.63774299621582,123.82527923583984,27.0
50,3,-15.024604797363281,149.63539123535156,119.0
50,4,-19.594818115234375,8.821588516235352,16.0
50,5,-9.037508964538574,9.577122688293457,11.0
50,6,-26.358095169067383,80.88398742675781,332.0
50,7,-14.950891494750977,42.002235412597656,255.0
50,8,-9.18393325805664,21.35553550720215,67.0
50,9,-17.110965728759766,72.07746887207031,521.0
50,10,-17.890304565429688,35.80404281616211,1088.0
50,11,-8.987552642822266,20.002370834350586,68.0
50,12,-4.975457191467285,5.251352787017822,3.0
50,13,-31.026140213012695,84.12516784667969,7806.0
50,14,-22.81783676147461,26.041488647460938,429.0
50,15,-8.545820236206055,8.469361305236816,50.0
50,16,-11.544507026672363,46.9071044921875,50.0
50,17,-9.267499923706055,10.143924713134766,29.0
50,18,-3.511950969696045,5.789092540740967,2.0
50,19,-21.335172653198242,14.395225524902344,145.0
50,20,-34.00444030761719,22.005945205688477,327.0
50,21,-76.95233154296875,39.03258514404297,2039.0
50,22,-8.042524337768555,4.995337009429932,23.0
50,23,-17.010499954223633,8.383893966674805,19.0
50,24,-11.468814849853516,9.912166595458984,13.0
50,25,-17.178760528564453,17.516210556030273,202.0
50,26,-14.319740295410156,118.30271911621094,72.0
50,27,-28.1044864654541,16.617372512817383,51.0
50,28,-11.793418884277344,10.577021598815918,14.0
50,29,-14.7761869430542,19.206281661987305,137.0
50,30,-7.18176794052124,6.022136211395264,4.0
50,31,-20.388275146484375,894.344970703125,2804.0
50,32,-14.939312934875488,41.88083267211914,34.0
50,33,-15.259271621704102,45.368492126464844,546.0
50,34,-8.439099311828613,8.246384620666504,8.0
50,35,-16.172456741333008,10.077960014343262,32.0
50,36,-22.150224685668945,6.333493709564209,81.0
50,37,-22.70357894897461,17.080669403076172,415.0
50,38,-18.550004959106445,103.28594207763672,64.0
50,39,-34.277679443359375,72.58148956298828,53.0
50,40,-29.99959373474121,148.40310668945312,475.0
50,41,-20.266345977783203,57.585418701171875,510.0
50,42,-16.528547286987305,10.603891372680664,4726.0
50,43,-4.340509414672852,2.9598166942596436,2.0
50,44,-9.483612060546875,6.6640167236328125,17.0
50,45,-19.167835235595703,46.227142333984375,1045.0
50,46,-26.38678550720215,43.36014938354492,40.0
50,47,-9.212104797363281,10.004411697387695,20.0
50,48,-29.986839294433594,72.51793670654297,76.0
50,49,-30.382343292236328,76.73323059082031,7958.0
50,50,-5.937960624694824,4.412714958190918,16.0
50,51,-18.65650749206543,106.07293701171875,570.0
50,52,-10.714893341064453,14.566485404968262,15.0
50,53,-47.705810546875,30.191425323486328,502.0
50,54,-18.699533462524414,42.09406661987305,820.0
50,55,-5.412042617797852,224.08885192871094,39.0
50,56,-28.545480728149414,13.397171974182129,1276.0
50,57,-8.394309997558594,16.41348648071289,6.0
50,58,-15.692683219909668,50.560508728027344,727.0
50,59,-17.54659652709961,18.623659133911133,75.0
50,60,-11.270639419555664,16.73763656616211,1071.0
50,61,-18.660659790039062,41.768062591552734,94.0
50,62,-22.61690330505371,92.14659881591797,1418.0
50,63,-13.601539611816406,15.184995651245117,494.0
50,64,-2.108175754547119,2.869356870651245,2.0
50,65,-4.183768272399902,8.100162506103516,4.0
50,66,-29.839937210083008,15.070235252380371,2815.0
50,67,-5.864537715911865,18.77016830444336,15.0
50,68,-14.020146369934082,10.346943855285645,228.0
50,69,-21.375926971435547,1243.0322265625,532.0
50,70,-21.139320373535156,20.489303588867188,434.0
50,71,-28.818017959594727,17.846399307250977,997.0
50,72,-14.080961227416992,1141.936279296875,527.0
50,73,-35.538883209228516,19.3283634185791,603.0
50,74,-12.880910873413086,13.146849632263184,1263.0
50,75,-19.48501968383789,49.25465393066406,384.0
50,76,-4.643311500549316,3.192575216293335,2.0
50,77,-26.490524291992188,44.00752639770508,41.0
50,78,-5.0516839027404785,12.501416206359863,6.0
50,79,-20.3653564453125,9.610126495361328,170.0
50,80,-12.284486770629883,60.02907943725586,44.0
50,81,-23.359907150268555,13.403894424438477,18.0
50,82,-41.89188003540039,25.08957290649414,23.0
50,83,-14.336381912231445,17.589046478271484,1086.0
50,84,-25.937362670898438,7.35353946685791,12.0
50,85,-37.59092330932617,18.02229118347168,73.0
50,86,-25.058643341064453,16.188379287719727,3861.0
50,87,-27.96538543701172,1.7303798198699951,16.0
50,88,-3.963406562805176,3.7476744651794434,2.0
50,89,-5.024339199066162,12.331656455993652,14.0
50,90,-16.113149642944336,215.0885772705078,477.0
50,91,-13.373466491699219,9.289745330810547,97.0
50,92,-39.805660247802734,9.1287202835083,23.0
50,93,-9.683303833007812,11.255151748657227,5.0
50,94,-17.068546295166016,30.37771224975586,88.0
50,95,-15.505260467529297,13.252817153930664,31.0
50,96,-5.787317752838135,6.883352756500244,5.0
50,97,-13.807397842407227,31.558704376220703,28.0
50,98,-9.47107219696045,6.647324085235596,38.0
50,99,-17.738269805908203,12.604307174682617,97.0
50,100,-22.630054473876953,5.701752185821533,12.0
50,101,-37.54015350341797,14.60610580444336,111.0
50,102,-30.502967834472656,29.642778396606445,164.0
50,103,-17.196914672851562,73.6429672241211,1258.0
50,104,-46.859031677246094,108.40813446044922,1300.0
50,105,-1.6973438262939453,2.3365414142608643,2.0
50,106,-83.327392578125,5.477007865905762,1790.0
50,107,-8.03793716430664,14.575069427490234,126.0
50,108,-10.141738891601562,29.387802124023438,18.0
50,109,-21.770240783691406,77.7927474975586,274.0
50,110,-19.320220947265625,125.21788024902344,145.0
50,111,-19.910118103027344,27.614830017089844,600.0
50,112,-15.273890495300293,12.751492500305176,29.0
50,113,-6.370115280151367,4.916165351867676,11.0
50,114,-61.61307144165039,5.814608573913574,172.0
50,115,-19.580978393554688,11.56082534790039,560.0
50,116,-32.932090759277344,19.961917877197266,855.0
50,117,-10.569101333618164,8.27981185913086,9.0
50,118,-9.514774322509766,23.84540557861328,128.0
50,119,-16.0087890625,24.575693130493164,61.0
50,120,-16.060306549072266,9.9177827835083,18.0
50,121,-15.930737495422363,24.19503402709961,30.0
50,122,-31.939268112182617,4.270730495452881,616.0
50,123,-21.561622619628906,21.76344871520996,14450.0
50,124,-12.31542682647705,21.733539581298828,46.0
50,125,-12.21875,21.214553833007812,49.0
50,126,-11.70367431640625,10.388869285583496,31.0
50,127,-25.07396697998047,12.27293872833252,1410.0
50,128,-15.416885375976562,21.832008361816406,26.0
50,129,-8.61860466003418,2.6054952144622803,4.0
50,130,-35.519065856933594,51.75716018676758,386.0
50,131,-7.062396049499512,10.528985977172852,4.0
50,132,-17.25640106201172,74.746337890625,18.0
50,133,-41.43254089355469,24.218542098999023,308.0
50,134,-22.578289031982422,91.43770599365234,729.0
50,135,-15.643117904663086,3.682504653930664,5.0
50,136,-27.041912078857422,20.179290771484375,44.0
50,137,-23.101232528686523,17.951148986816406,24.0
50,138,-28.99947738647461,62.977821350097656,306.0
50,139,-22.511615753173828,278.0786437988281,1163.0
50,140,-65.43865966796875,3.801831007003784,23.0
50,141,-15.676664352416992,185.96434020996094,92.0
50,142,-16.089805603027344,24.977140426635742,74.0
50,143,-7.272218227386475,11.291754722595215,14.0
50,144,-25.758331298828125,3.8794822692871094,37.0
50,145,-4.707823753356934,4.803162574768066,6.0
50,146,-5.762041091918945,17.832462310791016,7.0
50,147,-6.665567874908447,9.224434852600098,18.0
50,148,-23.501617431640625,109.98275756835938,15429.0
50,149,-9.738699913024902,25.693376541137695,7.0
50,150,-24.701696395874023,9.446165084838867,3459.0
50,151,-31.74872398376465,23.92376708984375,273.0
50,152,-13.162644386291504,80.44293212890625,45.0
50,153,-23.59691619873047,13.761565208435059,104.0
50,154,-47.48670959472656,13.987310409545898,1505.0
50,155,-17.951133728027344,12.99347972869873,978.0
50,156,-62.541351318359375,3.894613742828369,253.0
50,157,-61.073692321777344,4.787422180175781,122.0
50,158,-17.68521499633789,19.058929443359375,508.0
50,159,-26.930368423461914,19.930734634399414,733.0
50,160,-14.876029968261719,41.22346115112305,930.0
50,161,-12.046808242797852,11.12685489654541,321.0
50,162,-28.763076782226562,10.989311218261719,44.0
50,163,-7.326895236968994,6.24464225769043,4.0
50,164,-11.295524597167969,16.842090606689453,7.0
50,165,-15.096630096435547,153.27134704589844,1404.0
50,166,-6.712314128875732,9.369295120239258,31.0
50,167,-10.881793022155762,4.732917785644531,7.0
50,168,-50.15152359008789,5.63706111907959,93.0
50,169,-27.707275390625,31.92563819885254,161.0
50,170,-17.0216064453125,17.06337547302246,15.0
50,171,-15.135587692260742,20.637659072875977,102.0
50,172,-8.766999244689941,80.11792755126953,156.0
50,173,-2.7201039791107178,3.896395683288574,2.0
50,174,-13.49912166595459,29.21786880493164,85.0
50,175,-17.990345001220703,36.52762985229492,84.0
50,176,-26.488853454589844,751.6068725585938,4012.0
50,177,-31.112606048583984,31.72027587890625,974.0
50,178,-17.50006675720215,79.441162109375,13.0
50,179,-11.30021858215332,43.23885726928711,692.0
50,180,-27.830631256103516,1051.168701171875,6726.0
50,181,-13.284158706665039,27.689125061035156,377.0
50,182,-28.217140197753906,110.26168823242188,1126.0
50,183,-47.568267822265625,116.37606811523438,900.0
50,184,-6.0596513748168945,20.693626403808594,10.0
50,185,-6.041853904724121,2.3705499172210693,6.0
50,186,-7.15260124206543,5.978384017944336,5.0
50,187,-7.088912010192871,10.622459411621094,4.0
50,188,-16.892316818237305,16.699623107910156,24.0
50,189,-50.2703742980957,6.435733318328857,155.0
50,190,-25.168668746948242,66.33900451660156,5668.0
50,191,-14.686893463134766,133.7043914794922,164.0
50,192,-17.679630279541016,9.11529541015625,667.0
50,193,-28.1068058013916,55.43758773803711,1894.0
50,194,-20.900249481201172,185.8727569580078,146.0
50,195,-40.852745056152344,30.096094131469727,85.0
50,196,-13.258464813232422,83.05378723144531,59.0
50,197,-13.160045623779297,13.901671409606934,2324.0
50,198,-22.856361389160156,45.123069763183594,1231.0
50,199,-43.96261978149414,132.2554931640625,9175.0
50,200,-14.654341697692871,11.500496864318848,118.0
50,201,-24.710525512695312,21.951066970825195,438.0
50,202,-10.709480285644531,14.546785354614258,25.0
50,203,-16.42970848083496,5.170507431030273,20.0
50,204,-20.516769409179688,60.543006896972656,337.0
50,205,-13.385309219360352,9.308097839355469,653.0
50,206,-13.307106018066406,84.4113540649414,104.0
50,207,-13.648543357849121,9.725557327270508,240.0
50,208,-14.320133209228516,118.3182373046875,1988.0
50,209,-12.477347373962402,12.127427101135254,87.0
50,210,-15.039399147033691,150.3751220703125,491.0
50,211,-14.530407905578613,37.811073303222656,94.0
50,212,-22.601442337036133,25.248769760131836,208.0
50,213,-20.83608055114746,182.9147491455078,458.0
50,214,-14.360960006713867,36.242774963378906,85.0
50,215,-28.929460525512695,37.19530487060547,190.0
50,216,-21.681734085083008,1376.425048828125,3791.0
50,217,-24.390302658081055,131.37559509277344,664.0
50,218,-20.751651763916016,179.09437561035156,238.0
50,219,-26.318248748779297,6455.9013671875,2377.0
50,220,-16.290447235107422,5.099001407623291,66.0
50,221,-9.69079875946045,25.28639030456543,300.0
50,222,-22.001354217529297,244.77481079101562,1740.0
50,223,-15.234536170959473,2033.0003662109375,1915.0
50,224,-21.521625518798828,217.11048889160156,4661.0
50,225,-9.78836441040039,26.12226676940918,20.0
50,226,-29.4437255859375,18.998741149902344,358.0
50,227,-24.65792465209961,15.483414649963379,40.0
50,228,-25.533781051635742,4970.42236328125,1397.0
50,229,-9.472541809082031,3.8698673248291016,18.0
50,230,-27.711713790893555,10.06747055053711,222.0
50,231,-8.612149238586426,8.61097240447998,11.0
50,232,-10.454000473022461,13.646732330322266,51.0
50,233,-25.820301055908203,10.457297325134277,164.0
50,234,-12.273097038269043,59.801605224609375,78.0
50,235,-16.359081268310547,15.279524803161621,55.0
50,236,-21.424524307250977,35.54338455200195,22.0
50,237,-6.775569915771484,9.568946838378906,27.0
50,238,-14.121952056884766,1165.582275390625,171.0
50,239,-9.938027381896973,11.995203018188477,3.0
50,240,-21.303504943847656,205.58843994140625,3465.0
50,241,-21.662363052368164,11.099823951721191,54.0
50,242,-8.541699409484863,17.240013122558594,131.0
50,243,-14.776758193969727,40.21296691894531,447.0
50,244,-3.7405846118927,3.4794061183929443,5.0
50,245,-9.392555236816406,10.466073036193848,5.0
50,246,-23.980533599853516,121.03827667236328,214.0
50,247,-27.753902435302734,1031.1971435546875,3437.0
50,248,-37.62238693237305,43.04468536376953,4928.0
50,249,-28.669174194335938,36.00460433959961,231.0
50,250,-18.787944793701172,109.6163101196289,67.0
50,251,-8.143693923950195,5.097441673278809,22.0
50,252,-13.106578826904297,8.885581016540527,51.0
50,253,-8.102977752685547,5.056100368499756,5.0
50,254,-5.601056098937988,6.468982219696045,14.0
50,255,-25.7890625,25.11920738220215,89.0
50,256,-29.559242248535156,137.90159606933594,14538.0
50,257,-21.86005401611328,79.20272064208984,1475.0
50,258,-10.805608749389648,36.66672134399414,23.0
50,259,-32.807350158691406,38.29276657104492,440.0
50,260,-27.39813232421875,9253.068359375,13604.0
50,261,-11.218915939331055,42.0827751159668,35.0
50,262,-9.464399337768555,23.448341369628906,211.0
50,263,-33.06470489501953,247.34500122070312,16786.0
50,264,-40.0234260559082,28.08639907836914,67.0
50,265,-17.060243606567383,17.17361068725586,25.0
50,266,-5.255021572113037,2.860522508621216,2.0
50,267,-7.340183734893799,11.550491333007812,17.0
50,268,-29.060962677001953,126.91200256347656,1614.0
50,269,-13.000626564025879,76.21379089355469,37.0
50,270,-20.576398849487305,30.85811424255371,612.0
50,271,-10.613433837890625,4.554905891418457,6.0
50,272,-12.747491836547852,8.369399070739746,27.0
50,273,-31.18470001220703,22.611757278442383,126.0
50,274,-5.303261756896973,5.857682228088379,12.0
50,275,-4.056992053985596,2.757289171218872,3.0
50,276,-11.459064483642578,17.54494857788086,17.0
50,277,-21.027965545654297,13.85291576385498,94.0
50,278,-11.814718246459961,19.1763858795166,15.0
50,279,-29.076629638671875,37.885887145996094,1197.0
50,280,-14.104677200317383,1155.5579833984375,1303.0
50,281,-40.678367614746094,18.27616310119629,404.0
50,282,-6.06898832321167,7.560945510864258,18.0
50,283,-9.453131675720215,23.360437393188477,12.0
50,284,-26.865089416503906,28.73558235168457,52.0
50,285,-18.886016845703125,6.610119342803955,567.0
50,286,-35.792659759521484,35.84722137451172,19935.0
50,287,-27.46412467956543,30.969894409179688,2021.0
50,288,-2.9288759231567383,18.70659065246582,3.0
50,289,-9.045888900756836,20.395132064819336,101.0
50,290,-32.32307434082031,36.286746978759766,173.0
50,291,-17.684982299804688,83.1998519897461,158.0
50,292,-27.27859878540039,915.6642456054688,413.0
50,293,-8.012833595275879,54.949623107910156,243.0
50,294,-3.7812325954437256,3.5268702507019043,3.0
50,295,-16.834949493408203,11.078350067138672,220.0
50,296,-11.183616638183594,41.590511322021484,52.0
50,297,-25.84052276611328,175.58172607421875,2295.0
50,298,-3.8296244144439697,3.5842220783233643,4.0
50,299,-8.887527465820312,19.346452713012695,16.0
50,300,-13.658636093139648,15.359391212463379,38.0
50,301,-13.941226959228516,32.6324348449707,74.0
50,302,-8.398759841918945,8.1636381149292,133.0
50,303,-8.828935623168945,18.972274780273438,28.0
50,304,-10.11396312713623,29.11696434020996,123.0
50,305,-30.58354949951172,16.124225616455078,158.0
50,306,-19.618789672851562,134.9220733642578,969.0
50,307,-19.079313278198242,24.044004440307617,15317.0
50,308,-22.194793701171875,23.823795318603516,17004.0
50,309,-27.66069984436035,12.361775398254395,173.0
50,310,-15.216619491577148,12.630358695983887,74.0
50,311,-16.953678131103516,16.87128448486328,52.0
50,312,-23.89634132385254,7.325502395629883,23.0
50,313,-15.496886253356934,6.9386749267578125,52.0
50,314,-24.654420852661133,9.405654907226562,89.0
50,315,-17.07666778564453,30.427095413208008,96.0
