step,probe_index,mcqa_accuracy,predicted_idx,predicted_label,correct_idx
0,0,0.0,2,C,1
0,1,0.0,2,C,1
0,2,0.0,2,C,4
0,3,0.0,1,B,2
0,4,1.0,1,B,1
0,5,0.0,2,C,0
0,6,0.0,3,D,0
0,7,0.0,0,A,4
0,8,1.0,2,C,2
0,9,0.0,4,E,2
0,10,0.0,4,E,0
0,11,1.0,0,A,0
0,12,1.0,4,E,4
0,13,1.0,1,B,1
0,14,0.0,4,E,3
0,15,0.0,4,E,3
0,16,1.0,2,C,2
0,17,0.0,1,B,3
0,18,1.0,4,E,4
0,19,1.0,0,A,0
0,20,0.0,0,A,4
0,21,0.0,0,A,2
0,22,0.0,4,E,1
0,23,0.0,3,D,1
0,24,0.0,2,C,3
0,25,0.0,0,A,1
0,26,0.0,2,C,3
0,27,1.0,0,A,0
0,28,0.0,1,B,0
0,29,0.0,1,B,2
0,30,0.0,0,A,3
0,31,0.0,1,B,4
0,32,0.0,3,D,0
0,33,1.0,0,A,0
0,34,0.0,3,D,4
0,35,1.0,1,B,1
0,36,0.0,3,D,4
0,37,0.0,1,B,0
0,38,0.0,3,D,1
0,39,0.0,1,B,3
0,40,1.0,0,A,0
0,41,0.0,1,B,3
0,42,0.0,1,B,3
0,43,0.0,1,B,3
0,44,0.0,0,A,1
0,45,0.0,1,B,3
0,46,1.0,1,B,1
0,47,0.0,0,A,2
0,48,1.0,1,B,1
0,49,1.0,3,D,3
0,50,0.0,1,B,4
0,51,0.0,0,A,1
0,52,0.0,1,B,0
0,53,1.0,3,D,3
0,54,1.0,2,C,2
0,55,0.0,2,C,1
0,56,0.0,1,B,2
0,57,0.0,0,A,4
0,58,0.0,2,C,0
0,59,1.0,1,B,1
0,60,1.0,0,A,0
0,61,1.0,0,A,0
0,62,1.0,1,B,1
0,63,1.0,2,C,2
0,64,0.0,0,A,4
0,65,1.0,3,D,3
0,66,0.0,2,C,0
0,67,0.0,0,A,4
0,68,0.0,0,A,4
0,69,1.0,2,C,2
0,70,1.0,1,B,1
0,71,0.0,4,E,2
0,72,1.0,1,B,1
0,73,0.0,1,B,4
0,74,1.0,0,A,0
0,75,1.0,2,C,2
0,76,0.0,0,A,4
0,77,0.0,1,B,2
0,78,0.0,0,A,4
0,79,0.0,0,A,1
0,80,0.0,0,A,4
0,81,0.0,3,D,2
0,82,0.0,2,C,4
0,83,1.0,3,D,3
0,84,0.0,2,C,3
0,85,1.0,1,B,1
0,86,0.0,2,C,4
0,87,0.0,1,B,2
0,88,0.0,0,A,1
0,89,0.0,0,A,4
0,90,0.0,3,D,1
0,91,1.0,1,B,1
0,92,0.0,2,C,1
0,93,1.0,0,A,0
0,94,0.0,1,B,0
0,95,0.0,1,B,2
0,96,1.0,0,A,0
0,97,0.0,3,D,2
0,98,0.0,1,B,3
0,99,0.0,2,C,3
0,100,0.0,2,C,1
0,101,0.0,1,B,2
0,102,1.0,1,B,1
0,103,1.0,1,B,1
0,104,0.0,2,C,3
0,105,0.0,2,C,4
0,106,0.0,1,B,0
0,107,1.0,1,B,1
0,108,0.0,1,B,3
0,109,0.0,3,D,1
0,110,0.0,3,D,2
0,111,1.0,3,D,3
0,112,1.0,1,B,1
0,113,0.0,4,E,2
0,114,0.0,0,A,2
0,115,0.0,0,A,4
0,116,1.0,2,C,2
0,117,0.0,4,E,1
0,118,1.0,3,D,3
0,119,0.0,1,B,2
0,120,1.0,1,B,1
0,121,0.0,0,A,2
0,122,0.0,1,B,3
0,123,0.0,1,B,3
0,124,1.0,3,D,3
0,125,1.0,4,E,4
0,126,0.0,2,C,4
0,127,1.0,3,D,3
0,128,1.0,4,E,4
0,129,0.0,0,A,1
0,130,1.0,4,E,4
0,131,0.0,1,B,3
0,132,0.0,4,E,3
0,133,0.0,1,B,0
0,134,0.0,3,D,1
0,135,0.0,0,A,4
0,136,1.0,4,E,4
0,137,0.0,2,C,1
0,138,0.0,0,A,1
0,139,1.0,4,E,4
0,140,1.0,4,E,4
0,141,0.0,0,A,3
0,142,0.0,1,B,0
0,143,0.0,0,A,4
0,144,0.0,0,A,3
0,145,0.0,0,A,1
0,146,0.0,1,B,2
0,147,0.0,0,A,1
0,148,0.0,0,A,4
0,149,0.0,0,A,4
0,150,1.0,1,B,1
0,151,0.0,1,B,2
0,152,0.0,2,C,3
0,153,1.0,2,C,2
0,154,0.0,0,A,3
0,155,0.0,3,D,2
0,156,0.0,0,A,4
0,157,0.0,3,D,2
0,158,0.0,4,E,3
0,159,1.0,0,A,0
0,160,0.0,3,D,4
0,161,0.0,2,C,3
0,162,0.0,3,D,4
0,163,0.0,1,B,3
0,164,0.0,1,B,4
0,165,0.0,1,B,0
0,166,0.0,0,A,4
0,167,0.0,0,A,3
0,168,0.0,4,E,2
0,169,1.0,0,A,0
0,170,1.0,3,D,3
0,171,1.0,1,B,1
0,172,0.0,1,B,3
0,173,0.0,1,B,3
0,174,0.0,2,C,4
0,175,0.0,1,B,3
0,176,0.0,1,B,2
0,177,1.0,4,E,4
0,178,0.0,3,D,2
0,179,1.0,0,A,0
0,180,1.0,0,A,0
0,181,0.0,1,B,4
0,182,0.0,4,E,0
0,183,1.0,1,B,1
0,184,0.0,2,C,1
0,185,0.0,1,B,0
0,186,0.0,1,B,4
0,187,0.0,0,A,3
0,188,0.0,2,C,1
0,189,0.0,4,E,0
0,190,1.0,3,D,3
0,191,0.0,1,B,2
0,192,0.0,3,D,0
0,193,0.0,1,B,2
0,194,0.0,1,B,4
0,195,1.0,3,D,3
0,196,0.0,2,C,1
0,197,0.0,1,B,3
0,198,0.0,1,B,4
0,199,0.0,0,A,2
0,200,1.0,4,E,4
0,201,1.0,1,B,1
0,202,1.0,3,D,3
0,203,1.0,3,D,3
0,204,0.0,3,D,0
0,205,0.0,2,C,3
0,206,0.0,3,D,0
0,207,0.0,0,A,3
0,208,0.0,2,C,4
0,209,0.0,0,A,2
0,210,1.0,3,D,3
0,211,1.0,1,B,1
4,0,0.0,2,C,1
4,1,0.0,2,C,1
4,2,0.0,2,C,4
4,3,0.0,1,B,2
4,4,1.0,1,B,1
4,5,0.0,2,C,0
4,6,0.0,3,D,0
4,7,0.0,0,A,4
4,8,1.0,2,C,2
4,9,0.0,4,E,2
4,10,0.0,4,E,0
4,11,1.0,0,A,0
4,12,1.0,4,E,4
4,13,0.0,3,D,1
4,14,0.0,4,E,3
4,15,0.0,4,E,3
4,16,1.0,2,C,2
4,17,0.0,1,B,3
4,18,1.0,4,E,4
4,19,1.0,0,A,0
4,20,0.0,0,A,4
4,21,0.0,0,A,2
4,22,0.0,4,E,1
4,23,0.0,3,D,1
4,24,0.0,2,C,3
4,25,0.0,0,A,1
4,26,0.0,2,C,3
4,27,1.0,0,A,0
4,28,0.0,1,B,0
4,29,0.0,1,B,2
4,30,0.0,0,A,3
4,31,0.0,1,B,4
4,32,0.0,3,D,0
4,33,1.0,0,A,0
4,34,0.0,3,D,4
4,35,1.0,1,B,1
4,36,0.0,3,D,4
4,37,0.0,1,B,0
4,38,0.0,3,D,1
4,39,0.0,1,B,3
4,40,1.0,0,A,0
4,41,0.0,1,B,3
4,42,0.0,1,B,3
4,43,0.0,1,B,3
4,44,0.0,0,A,1
4,45,0.0,1,B,3
4,46,1.0,1,B,1
4,47,0.0,0,A,2
4,48,1.0,1,B,1
4,49,1.0,3,D,3
4,50,0.0,1,B,4
4,51,0.0,0,A,1
4,52,0.0,1,B,0
4,53,1.0,3,D,3
4,54,1.0,2,C,2
4,55,0.0,2,C,1
4,56,0.0,1,B,2
4,57,0.0,0,A,4
4,58,0.0,2,C,0
4,59,1.0,1,B,1
4,60,1.0,0,A,0
4,61,1.0,0,A,0
4,62,1.0,1,B,1
4,63,1.0,2,C,2
4,64,0.0,0,A,4
4,65,1.0,3,D,3
4,66,0.0,2,C,0
4,67,0.0,0,A,4
4,68,0.0,0,A,4
4,69,1.0,2,C,2
4,70,1.0,1,B,1
4,71,0.0,4,E,2
4,72,1.0,1,B,1
4,73,0.0,1,B,4
4,74,1.0,0,A,0
4,75,1.0,2,C,2
4,76,0.0,0,A,4
4,77,0.0,1,B,2
4,78,0.0,0,A,4
4,79,0.0,0,A,1
4,80,0.0,0,A,4
4,81,0.0,4,E,2
4,82,0.0,2,C,4
4,83,1.0,3,D,3
4,84,0.0,2,C,3
4,85,1.0,1,B,1
4,86,0.0,2,C,4
4,87,0.0,1,B,2
4,88,0.0,0,A,1
4,89,0.0,0,A,4
4,90,0.0,3,D,1
4,91,1.0,1,B,1
4,92,0.0,2,C,1
4,93,1.0,0,A,0
4,94,0.0,1,B,0
4,95,0.0,1,B,2
4,96,1.0,0,A,0
4,97,0.0,3,D,2
4,98,0.0,1,B,3
4,99,0.0,2,C,3
4,100,0.0,2,C,1
4,101,0.0,1,B,2
4,102,1.0,1,B,1
4,103,1.0,1,B,1
4,104,0.0,2,C,3
4,105,0.0,2,C,4
4,106,0.0,1,B,0
4,107,1.0,1,B,1
4,108,0.0,1,B,3
4,109,0.0,3,D,1
4,110,0.0,3,D,2
4,111,1.0,3,D,3
4,112,1.0,1,B,1
4,113,0.0,4,E,2
4,114,0.0,0,A,2
4,115,0.0,0,A,4
4,116,1.0,2,C,2
4,117,0.0,4,E,1
4,118,1.0,3,D,3
4,119,0.0,1,B,2
4,120,1.0,1,B,1
4,121,0.0,0,A,2
4,122,0.0,0,A,3
4,123,0.0,1,B,3
4,124,1.0,3,D,3
4,125,1.0,4,E,4
4,126,0.0,2,C,4
4,127,1.0,3,D,3
4,128,1.0,4,E,4
4,129,0.0,0,A,1
4,130,1.0,4,E,4
4,131,0.0,1,B,3
4,132,0.0,4,E,3
4,133,0.0,1,B,0
4,134,0.0,3,D,1
4,135,0.0,0,A,4
4,136,1.0,4,E,4
4,137,0.0,2,C,1
4,138,0.0,0,A,1
4,139,1.0,4,E,4
4,140,1.0,4,E,4
4,141,0.0,0,A,3
4,142,0.0,1,B,0
4,143,0.0,0,A,4
4,144,0.0,0,A,3
4,145,0.0,0,A,1
4,146,0.0,1,B,2
4,147,0.0,0,A,1
4,148,0.0,0,A,4
4,149,0.0,1,B,4
4,150,1.0,1,B,1
4,151,0.0,1,B,2
4,152,0.0,2,C,3
4,153,1.0,2,C,2
4,154,0.0,0,A,3
4,155,0.0,3,D,2
4,156,0.0,0,A,4
4,157,0.0,3,D,2
4,158,0.0,4,E,3
4,159,1.0,0,A,0
4,160,0.0,3,D,4
4,161,0.0,2,C,3
4,162,0.0,3,D,4
4,163,0.0,1,B,3
4,164,0.0,1,B,4
4,165,0.0,1,B,0
4,166,0.0,0,A,4
4,167,0.0,0,A,3
4,168,0.0,4,E,2
4,169,1.0,0,A,0
4,170,1.0,3,D,3
4,171,1.0,1,B,1
4,172,0.0,1,B,3
4,173,0.0,1,B,3
4,174,0.0,2,C,4
4,175,0.0,1,B,3
4,176,0.0,1,B,2
4,177,1.0,4,E,4
4,178,0.0,3,D,2
4,179,1.0,0,A,0
4,180,1.0,0,A,0
4,181,0.0,1,B,4
4,182,0.0,4,E,0
4,183,1.0,1,B,1
4,184,0.0,2,C,1
4,185,0.0,1,B,0
4,186,0.0,1,B,4
4,187,0.0,0,A,3
4,188,0.0,2,C,1
4,189,0.0,4,E,0
4,190,1.0,3,D,3
4,191,0.0,1,B,2
4,192,0.0,3,D,0
4,193,0.0,1,B,2
4,194,0.0,1,B,4
4,195,1.0,3,D,3
4,196,0.0,2,C,1
4,197,0.0,1,B,3
4,198,0.0,1,B,4
4,199,0.0,0,A,2
4,200,1.0,4,E,4
4,201,1.0,1,B,1
4,202,1.0,3,D,3
4,203,1.0,3,D,3
4,204,0.0,3,D,0
4,205,0.0,2,C,3
4,206,0.0,3,D,0
4,207,0.0,0,A,3
4,208,0.0,2,C,4
4,209,0.0,0,A,2
4,210,1.0,3,D,3
4,211,1.0,1,B,1
8,0,0.0,2,C,1
8,1,0.0,2,C,1
8,2,0.0,2,C,4
8,3,0.0,1,B,2
8,4,1.0,1,B,1
8,5,1.0,0,A,0
8,6,0.0,3,D,0
8,7,0.0,0,A,4
8,8,1.0,2,C,2
8,9,0.0,4,E,2
8,10,0.0,4,E,0
8,11,1.0,0,A,0
8,12,1.0,4,E,4
8,13,1.0,1,B,1
8,14,0.0,4,E,3
8,15,0.0,4,E,3
8,16,0.0,0,A,2
8,17,0.0,1,B,3
8,18,1.0,4,E,4
8,19,1.0,0,A,0
8,20,0.0,0,A,4
8,21,0.0,0,A,2
8,22,0.0,4,E,1
8,23,0.0,3,D,1
8,24,0.0,2,C,3
8,25,0.0,0,A,1
8,26,0.0,2,C,3
8,27,1.0,0,A,0
8,28,0.0,1,B,0
8,29,0.0,1,B,2
8,30,1.0,3,D,3
8,31,0.0,0,A,4
8,32,0.0,3,D,0
8,33,1.0,0,A,0
8,34,0.0,3,D,4
8,35,1.0,1,B,1
8,36,0.0,3,D,4
8,37,0.0,1,B,0
8,38,0.0,3,D,1
8,39,0.0,1,B,3
8,40,1.0,0,A,0
8,41,0.0,1,B,3
8,42,0.0,1,B,3
8,43,0.0,1,B,3
8,44,0.0,3,D,1
8,45,0.0,1,B,3
8,46,1.0,1,B,1
8,47,0.0,0,A,2
8,48,1.0,1,B,1
8,49,1.0,3,D,3
8,50,0.0,1,B,4
8,51,0.0,0,A,1
8,52,0.0,1,B,0
8,53,1.0,3,D,3
8,54,1.0,2,C,2
8,55,0.0,2,C,1
8,56,0.0,1,B,2
8,57,0.0,1,B,4
8,58,0.0,2,C,0
8,59,1.0,1,B,1
8,60,1.0,0,A,0
8,61,1.0,0,A,0
8,62,0.0,2,C,1
8,63,0.0,4,E,2
8,64,0.0,0,A,4
8,65,1.0,3,D,3
8,66,0.0,2,C,0
8,67,0.0,0,A,4
8,68,0.0,0,A,4
8,69,1.0,2,C,2
8,70,1.0,1,B,1
8,71,0.0,4,E,2
8,72,1.0,1,B,1
8,73,0.0,1,B,4
8,74,1.0,0,A,0
8,75,1.0,2,C,2
8,76,0.0,0,A,4
8,77,0.0,1,B,2
8,78,0.0,0,A,4
8,79,0.0,0,A,1
8,80,0.0,0,A,4
8,81,0.0,4,E,2
8,82,0.0,2,C,4
8,83,1.0,3,D,3
8,84,0.0,2,C,3
8,85,1.0,1,B,1
8,86,0.0,2,C,4
8,87,0.0,4,E,2
8,88,0.0,0,A,1
8,89,0.0,0,A,4
8,90,0.0,3,D,1
8,91,1.0,1,B,1
8,92,0.0,2,C,1
8,93,1.0,0,A,0
8,94,0.0,1,B,0
8,95,0.0,1,B,2
8,96,1.0,0,A,0
8,97,0.0,3,D,2
8,98,0.0,1,B,3
8,99,0.0,2,C,3
8,100,0.0,2,C,1
8,101,0.0,1,B,2
8,102,1.0,1,B,1
8,103,1.0,1,B,1
8,104,0.0,2,C,3
8,105,0.0,2,C,4
8,106,0.0,1,B,0
8,107,1.0,1,B,1
8,108,0.0,0,A,3
8,109,0.0,3,D,1
8,110,0.0,3,D,2
8,111,1.0,3,D,3
8,112,1.0,1,B,1
8,113,0.0,4,E,2
8,114,0.0,0,A,2
8,115,1.0,4,E,4
8,116,1.0,2,C,2
8,117,0.0,4,E,1
8,118,0.0,1,B,3
8,119,0.0,4,E,2
8,120,1.0,1,B,1
8,121,1.0,2,C,2
8,122,0.0,0,A,3
8,123,0.0,1,B,3
8,124,1.0,3,D,3
8,125,1.0,4,E,4
8,126,0.0,2,C,4
8,127,1.0,3,D,3
8,128,1.0,4,E,4
8,129,0.0,0,A,1
8,130,1.0,4,E,4
8,131,0.0,1,B,3
8,132,0.0,4,E,3
8,133,0.0,1,B,0
8,134,0.0,3,D,1
8,135,0.0,0,A,4
8,136,0.0,2,C,4
8,137,0.0,4,E,1
8,138,1.0,1,B,1
8,139,1.0,4,E,4
8,140,1.0,4,E,4
8,141,0.0,0,A,3
8,142,0.0,1,B,0
8,143,1.0,4,E,4
8,144,0.0,0,A,3
8,145,1.0,1,B,1
8,146,0.0,1,B,2
8,147,0.0,0,A,1
8,148,0.0,0,A,4
8,149,0.0,1,B,4
8,150,1.0,1,B,1
8,151,1.0,2,C,2
8,152,0.0,2,C,3
8,153,1.0,2,C,2
8,154,0.0,0,A,3
8,155,0.0,3,D,2
8,156,0.0,0,A,4
8,157,0.0,3,D,2
8,158,0.0,4,E,3
8,159,1.0,0,A,0
8,160,0.0,0,A,4
8,161,0.0,2,C,3
8,162,0.0,3,D,4
8,163,0.0,1,B,3
8,164,0.0,1,B,4
8,165,0.0,1,B,0
8,166,0.0,0,A,4
8,167,0.0,0,A,3
8,168,0.0,4,E,2
8,169,0.0,1,B,0
8,170,1.0,3,D,3
8,171,1.0,1,B,1
8,172,0.0,1,B,3
8,173,0.0,1,B,3
8,174,0.0,2,C,4
8,175,0.0,1,B,3
8,176,0.0,1,B,2
8,177,1.0,4,E,4
8,178,0.0,3,D,2
8,179,1.0,0,A,0
8,180,1.0,0,A,0
8,181,0.0,1,B,4
8,182,0.0,4,E,0
8,183,1.0,1,B,1
8,184,0.0,2,C,1
8,185,0.0,1,B,0
8,186,0.0,1,B,4
8,187,0.0,0,A,3
8,188,0.0,2,C,1
8,189,0.0,4,E,0
8,190,1.0,3,D,3
8,191,0.0,1,B,2
8,192,0.0,3,D,0
8,193,1.0,2,C,2
8,194,0.0,1,B,4
8,195,0.0,2,C,3
8,196,0.0,2,C,1
8,197,0.0,1,B,3
8,198,0.0,1,B,4
8,199,0.0,0,A,2
8,200,1.0,4,E,4
8,201,1.0,1,B,1
8,202,1.0,3,D,3
8,203,1.0,3,D,3
8,204,0.0,3,D,0
8,205,0.0,2,C,3
8,206,0.0,3,D,0
8,207,0.0,0,A,3
8,208,0.0,2,C,4
8,209,0.0,0,A,2
8,210,1.0,3,D,3
8,211,1.0,1,B,1
12,0,0.0,2,C,1
12,1,0.0,2,C,1
12,2,0.0,2,C,4
12,3,0.0,1,B,2
12,4,1.0,1,B,1
12,5,0.0,2,C,0
12,6,0.0,3,D,0
12,7,0.0,0,A,4
12,8,1.0,2,C,2
12,9,0.0,4,E,2
12,10,0.0,4,E,0
12,11,1.0,0,A,0
12,12,1.0,4,E,4
12,13,0.0,0,A,1
12,14,0.0,4,E,3
12,15,0.0,4,E,3
12,16,1.0,2,C,2
12,17,0.0,1,B,3
12,18,1.0,4,E,4
12,19,1.0,0,A,0
12,20,0.0,0,A,4
12,21,0.0,0,A,2
12,22,0.0,4,E,1
12,23,0.0,3,D,1
12,24,0.0,2,C,3
12,25,0.0,0,A,1
12,26,0.0,4,E,3
12,27,1.0,0,A,0
12,28,0.0,1,B,0
12,29,0.0,1,B,2
12,30,0.0,0,A,3
12,31,0.0,0,A,4
12,32,0.0,3,D,0
12,33,1.0,0,A,0
12,34,0.0,3,D,4
12,35,0.0,0,A,1
12,36,0.0,3,D,4
12,37,0.0,1,B,0
12,38,0.0,3,D,1
12,39,0.0,1,B,3
12,40,0.0,4,E,0
12,41,0.0,1,B,3
12,42,0.0,1,B,3
12,43,0.0,1,B,3
12,44,0.0,0,A,1
12,45,0.0,1,B,3
12,46,1.0,1,B,1
12,47,1.0,2,C,2
12,48,1.0,1,B,1
12,49,1.0,3,D,3
12,50,0.0,1,B,4
12,51,0.0,0,A,1
12,52,0.0,1,B,0
12,53,1.0,3,D,3
12,54,1.0,2,C,2
12,55,0.0,4,E,1
12,56,0.0,1,B,2
12,57,0.0,1,B,4
12,58,0.0,2,C,0
12,59,1.0,1,B,1
12,60,1.0,0,A,0
12,61,1.0,0,A,0
12,62,0.0,2,C,1
12,63,0.0,4,E,2
12,64,0.0,1,B,4
12,65,1.0,3,D,3
12,66,0.0,2,C,0
12,67,0.0,0,A,4
12,68,0.0,0,A,4
12,69,1.0,2,C,2
12,70,1.0,1,B,1
12,71,0.0,4,E,2
12,72,0.0,2,C,1
12,73,0.0,1,B,4
12,74,1.0,0,A,0
12,75,1.0,2,C,2
12,76,0.0,0,A,4
12,77,1.0,2,C,2
12,78,0.0,0,A,4
12,79,0.0,3,D,1
12,80,0.0,0,A,4
12,81,0.0,4,E,2
12,82,0.0,2,C,4
12,83,1.0,3,D,3
12,84,0.0,2,C,3
12,85,1.0,1,B,1
12,86,0.0,2,C,4
12,87,0.0,4,E,2
12,88,0.0,0,A,1
12,89,0.0,0,A,4
12,90,0.0,3,D,1
12,91,1.0,1,B,1
12,92,0.0,2,C,1
12,93,1.0,0,A,0
12,94,1.0,0,A,0
12,95,0.0,1,B,2
12,96,1.0,0,A,0
12,97,0.0,3,D,2
12,98,0.0,1,B,3
12,99,0.0,2,C,3
12,100,0.0,3,D,1
12,101,0.0,1,B,2
12,102,1.0,1,B,1
12,103,1.0,1,B,1
12,104,0.0,2,C,3
12,105,0.0,2,C,4
12,106,0.0,1,B,0
12,107,1.0,1,B,1
12,108,0.0,2,C,3
12,109,0.0,3,D,1
12,110,0.0,3,D,2
12,111,1.0,3,D,3
12,112,1.0,1,B,1
12,113,0.0,4,E,2
12,114,0.0,0,A,2
12,115,0.0,0,A,4
12,116,1.0,2,C,2
12,117,0.0,4,E,1
12,118,1.0,3,D,3
12,119,0.0,4,E,2
12,120,1.0,1,B,1
12,121,1.0,2,C,2
12,122,0.0,0,A,3
12,123,0.0,1,B,3
12,124,1.0,3,D,3
12,125,1.0,4,E,4
12,126,0.0,2,C,4
12,127,1.0,3,D,3
12,128,1.0,4,E,4
12,129,0.0,0,A,1
12,130,1.0,4,E,4
12,131,0.0,1,B,3
12,132,1.0,3,D,3
12,133,0.0,1,B,0
12,134,0.0,3,D,1
12,135,0.0,0,A,4
12,136,0.0,2,C,4
12,137,0.0,4,E,1
12,138,0.0,0,A,1
12,139,1.0,4,E,4
12,140,0.0,3,D,4
12,141,0.0,0,A,3
12,142,0.0,1,B,0
12,143,0.0,0,A,4
12,144,0.0,0,A,3
12,145,0.0,0,A,1
12,146,0.0,1,B,2
12,147,1.0,1,B,1
12,148,0.0,0,A,4
12,149,0.0,1,B,4
12,150,1.0,1,B,1
12,151,1.0,2,C,2
12,152,0.0,2,C,3
12,153,1.0,2,C,2
12,154,0.0,0,A,3
12,155,0.0,3,D,2
12,156,0.0,0,A,4
12,157,1.0,2,C,2
12,158,0.0,4,E,3
12,159,1.0,0,A,0
12,160,0.0,0,A,4
12,161,0.0,2,C,3
12,162,0.0,3,D,4
12,163,0.0,1,B,3
12,164,0.0,1,B,4
12,165,0.0,1,B,0
12,166,0.0,0,A,4
12,167,0.0,0,A,3
12,168,0.0,4,E,2
12,169,0.0,1,B,0
12,170,1.0,3,D,3
12,171,1.0,1,B,1
12,172,0.0,1,B,3
12,173,0.0,1,B,3
12,174,0.0,2,C,4
12,175,0.0,4,E,3
12,176,0.0,1,B,2
12,177,1.0,4,E,4
12,178,0.0,3,D,2
12,179,1.0,0,A,0
12,180,1.0,0,A,0
12,181,0.0,2,C,4
12,182,0.0,4,E,0
12,183,1.0,1,B,1
12,184,0.0,2,C,1
12,185,0.0,2,C,0
12,186,0.0,1,B,4
12,187,0.0,0,A,3
12,188,0.0,2,C,1
12,189,0.0,4,E,0
12,190,1.0,3,D,3
12,191,0.0,1,B,2
12,192,0.0,3,D,0
12,193,1.0,2,C,2
12,194,0.0,1,B,4
12,195,0.0,2,C,3
12,196,0.0,2,C,1
12,197,0.0,2,C,3
12,198,0.0,1,B,4
12,199,0.0,0,A,2
12,200,1.0,4,E,4
12,201,1.0,1,B,1
12,202,0.0,4,E,3
12,203,1.0,3,D,3
12,204,0.0,2,C,0
12,205,0.0,2,C,3
12,206,0.0,3,D,0
12,207,0.0,0,A,3
12,208,0.0,2,C,4
12,209,0.0,3,D,2
12,210,1.0,3,D,3
12,211,0.0,0,A,1
16,0,0.0,2,C,1
16,1,0.0,2,C,1
16,2,0.0,2,C,4
16,3,0.0,1,B,2
16,4,1.0,1,B,1
16,5,0.0,2,C,0
16,6,0.0,3,D,0
16,7,0.0,0,A,4
16,8,1.0,2,C,2
16,9,0.0,4,E,2
16,10,0.0,4,E,0
16,11,1.0,0,A,0
16,12,1.0,4,E,4
16,13,1.0,1,B,1
16,14,0.0,4,E,3
16,15,0.0,4,E,3
16,16,1.0,2,C,2
16,17,0.0,1,B,3
16,18,1.0,4,E,4
16,19,1.0,0,A,0
16,20,1.0,4,E,4
16,21,0.0,0,A,2
16,22,0.0,4,E,1
16,23,0.0,2,C,1
16,24,0.0,2,C,3
16,25,0.0,0,A,1
16,26,0.0,4,E,3
16,27,0.0,1,B,0
16,28,0.0,1,B,0
16,29,0.0,1,B,2
16,30,0.0,0,A,3
16,31,0.0,1,B,4
16,32,0.0,3,D,0
16,33,1.0,0,A,0
16,34,0.0,3,D,4
16,35,0.0,4,E,1
16,36,0.0,3,D,4
16,37,0.0,1,B,0
16,38,0.0,3,D,1
16,39,0.0,1,B,3
16,40,0.0,4,E,0
16,41,0.0,1,B,3
16,42,0.0,1,B,3
16,43,0.0,1,B,3
16,44,0.0,0,A,1
16,45,0.0,1,B,3
16,46,1.0,1,B,1
16,47,1.0,2,C,2
16,48,1.0,1,B,1
16,49,1.0,3,D,3
16,50,0.0,1,B,4
16,51,0.0,0,A,1
16,52,0.0,1,B,0
16,53,1.0,3,D,3
16,54,1.0,2,C,2
16,55,0.0,4,E,1
16,56,0.0,1,B,2
16,57,0.0,1,B,4
16,58,0.0,2,C,0
16,59,1.0,1,B,1
16,60,1.0,0,A,0
16,61,1.0,0,A,0
16,62,0.0,2,C,1
16,63,0.0,4,E,2
16,64,0.0,0,A,4
16,65,1.0,3,D,3
16,66,0.0,2,C,0
16,67,0.0,0,A,4
16,68,0.0,0,A,4
16,69,1.0,2,C,2
16,70,0.0,4,E,1
16,71,0.0,4,E,2
16,72,1.0,1,B,1
16,73,0.0,1,B,4
16,74,1.0,0,A,0
16,75,1.0,2,C,2
16,76,0.0,0,A,4
16,77,1.0,2,C,2
16,78,0.0,0,A,4
16,79,0.0,3,D,1
16,80,0.0,0,A,4
16,81,0.0,4,E,2
16,82,0.0,2,C,4
16,83,1.0,3,D,3
16,84,0.0,2,C,3
16,85,0.0,4,E,1
16,86,0.0,2,C,4
16,87,0.0,4,E,2
16,88,0.0,0,A,1
16,89,0.0,1,B,4
16,90,0.0,3,D,1
16,91,1.0,1,B,1
16,92,0.0,2,C,1
16,93,1.0,0,A,0
16,94,1.0,0,A,0
16,95,0.0,1,B,2
16,96,1.0,0,A,0
16,97,0.0,3,D,2
16,98,0.0,1,B,3
16,99,0.0,2,C,3
16,100,0.0,3,D,1
16,101,1.0,2,C,2
16,102,1.0,1,B,1
16,103,1.0,1,B,1
16,104,0.0,2,C,3
16,105,0.0,2,C,4
16,106,0.0,1,B,0
16,107,1.0,1,B,1
16,108,0.0,2,C,3
16,109,0.0,3,D,1
16,110,0.0,3,D,2
16,111,1.0,3,D,3
16,112,1.0,1,B,1
16,113,0.0,4,E,2
16,114,0.0,0,A,2
16,115,0.0,2,C,4
16,116,1.0,2,C,2
16,117,0.0,4,E,1
16,118,1.0,3,D,3
16,119,0.0,4,E,2
16,120,0.0,4,E,1
16,121,1.0,2,C,2
16,122,0.0,4,E,3
16,123,0.0,1,B,3
16,124,1.0,3,D,3
16,125,1.0,4,E,4
16,126,0.0,2,C,4
16,127,1.0,3,D,3
16,128,1.0,4,E,4
16,129,0.0,0,A,1
16,130,1.0,4,E,4
16,131,0.0,2,C,3
16,132,1.0,3,D,3
16,133,0.0,1,B,0
16,134,1.0,1,B,1
16,135,0.0,0,A,4
16,136,0.0,2,C,4
16,137,0.0,4,E,1
16,138,0.0,0,A,1
16,139,1.0,4,E,4
16,140,0.0,3,D,4
16,141,0.0,0,A,3
16,142,0.0,2,C,0
16,143,0.0,0,A,4
16,144,0.0,0,A,3
16,145,0.0,0,A,1
16,146,0.0,1,B,2
16,147,0.0,0,A,1
16,148,0.0,0,A,4
16,149,0.0,1,B,4
16,150,1.0,1,B,1
16,151,1.0,2,C,2
16,152,0.0,2,C,3
16,153,1.0,2,C,2
16,154,0.0,0,A,3
16,155,0.0,1,B,2
16,156,0.0,0,A,4
16,157,1.0,2,C,2
16,158,0.0,4,E,3
16,159,0.0,4,E,0
16,160,0.0,0,A,4
16,161,0.0,2,C,3
16,162,0.0,3,D,4
16,163,0.0,1,B,3
16,164,0.0,1,B,4
16,165,0.0,1,B,0
16,166,1.0,4,E,4
16,167,0.0,1,B,3
16,168,0.0,4,E,2
16,169,0.0,1,B,0
16,170,1.0,3,D,3
16,171,1.0,1,B,1
16,172,0.0,1,B,3
16,173,0.0,0,A,3
16,174,0.0,2,C,4
16,175,0.0,4,E,3
16,176,0.0,1,B,2
16,177,1.0,4,E,4
16,178,0.0,3,D,2
16,179,1.0,0,A,0
16,180,1.0,0,A,0
16,181,0.0,2,C,4
16,182,0.0,4,E,0
16,183,1.0,1,B,1
16,184,0.0,2,C,1
16,185,0.0,2,C,0
16,186,0.0,1,B,4
16,187,0.0,0,A,3
16,188,0.0,2,C,1
16,189,0.0,4,E,0
16,190,1.0,3,D,3
16,191,0.0,1,B,2
16,192,0.0,3,D,0
16,193,1.0,2,C,2
16,194,0.0,1,B,4
16,195,0.0,2,C,3
16,196,0.0,2,C,1
16,197,0.0,2,C,3
16,198,0.0,1,B,4
16,199,0.0,0,A,2
16,200,1.0,4,E,4
16,201,1.0,1,B,1
16,202,1.0,3,D,3
16,203,1.0,3,D,3
16,204,1.0,0,A,0
16,205,0.0,2,C,3
16,206,0.0,3,D,0
16,207,0.0,0,A,3
16,208,0.0,2,C,4
16,209,0.0,3,D,2
16,210,1.0,3,D,3
16,211,0.0,0,A,1
20,0,0.0,2,C,1
20,1,0.0,2,C,1
20,2,0.0,2,C,4
20,3,0.0,1,B,2
20,4,1.0,1,B,1
20,5,0.0,2,C,0
20,6,0.0,3,D,0
20,7,1.0,4,E,4
20,8,1.0,2,C,2
20,9,0.0,4,E,2
20,10,0.0,4,E,0
20,11,1.0,0,A,0
20,12,1.0,4,E,4
20,13,1.0,1,B,1
20,14,0.0,4,E,3
20,15,0.0,4,E,3
20,16,1.0,2,C,2
20,17,0.0,1,B,3
20,18,1.0,4,E,4
20,19,1.0,0,A,0
20,20,0.0,0,A,4
20,21,0.0,0,A,2
20,22,0.0,4,E,1
20,23,0.0,2,C,1
20,24,0.0,2,C,3
20,25,1.0,1,B,1
20,26,0.0,2,C,3
20,27,0.0,1,B,0
20,28,0.0,1,B,0
20,29,0.0,1,B,2
20,30,0.0,2,C,3
20,31,0.0,0,A,4
20,32,0.0,3,D,0
20,33,1.0,0,A,0
20,34,0.0,3,D,4
20,35,0.0,4,E,1
20,36,0.0,3,D,4
20,37,0.0,1,B,0
20,38,0.0,3,D,1
20,39,0.0,1,B,3
20,40,0.0,4,E,0
20,41,0.0,1,B,3
20,42,0.0,1,B,3
20,43,0.0,1,B,3
20,44,0.0,0,A,1
20,45,0.0,1,B,3
20,46,1.0,1,B,1
20,47,1.0,2,C,2
20,48,1.0,1,B,1
20,49,1.0,3,D,3
20,50,0.0,1,B,4
20,51,0.0,0,A,1
20,52,0.0,1,B,0
20,53,1.0,3,D,3
20,54,1.0,2,C,2
20,55,0.0,4,E,1
20,56,0.0,1,B,2
20,57,0.0,1,B,4
20,58,0.0,2,C,0
20,59,1.0,1,B,1
20,60,1.0,0,A,0
20,61,1.0,0,A,0
20,62,0.0,2,C,1
20,63,0.0,4,E,2
20,64,0.0,0,A,4
20,65,1.0,3,D,3
20,66,0.0,2,C,0
20,67,0.0,0,A,4
20,68,0.0,0,A,4
20,69,1.0,2,C,2
20,70,0.0,4,E,1
20,71,0.0,4,E,2
20,72,0.0,2,C,1
20,73,0.0,1,B,4
20,74,1.0,0,A,0
20,75,1.0,2,C,2
20,76,0.0,0,A,4
20,77,1.0,2,C,2
20,78,0.0,0,A,4
20,79,0.0,3,D,1
20,80,0.0,0,A,4
20,81,0.0,4,E,2
20,82,0.0,2,C,4
20,83,1.0,3,D,3
20,84,0.0,2,C,3
20,85,0.0,4,E,1
20,86,0.0,2,C,4
20,87,0.0,4,E,2
20,88,0.0,0,A,1
20,89,0.0,1,B,4
20,90,0.0,3,D,1
20,91,1.0,1,B,1
20,92,0.0,2,C,1
20,93,1.0,0,A,0
20,94,1.0,0,A,0
20,95,0.0,1,B,2
20,96,1.0,0,A,0
20,97,0.0,3,D,2
20,98,0.0,1,B,3
20,99,0.0,2,C,3
20,100,0.0,3,D,1
20,101,1.0,2,C,2
20,102,1.0,1,B,1
20,103,1.0,1,B,1
20,104,0.0,2,C,3
20,105,0.0,2,C,4
20,106,0.0,1,B,0
20,107,1.0,1,B,1
20,108,0.0,2,C,3
20,109,0.0,3,D,1
20,110,0.0,3,D,2
20,111,1.0,3,D,3
20,112,1.0,1,B,1
20,113,0.0,4,E,2
20,114,1.0,2,C,2
20,115,0.0,2,C,4
20,116,1.0,2,C,2
20,117,1.0,1,B,1
20,118,1.0,3,D,3
20,119,0.0,4,E,2
20,120,0.0,4,E,1
20,121,1.0,2,C,2
20,122,0.0,4,E,3
20,123,0.0,1,B,3
20,124,1.0,3,D,3
20,125,1.0,4,E,4
20,126,0.0,2,C,4
20,127,1.0,3,D,3
20,128,1.0,4,E,4
20,129,0.0,0,A,1
20,130,1.0,4,E,4
20,131,0.0,1,B,3
20,132,1.0,3,D,3
20,133,0.0,1,B,0
20,134,1.0,1,B,1
20,135,0.0,0,A,4
20,136,0.0,2,C,4
20,137,0.0,4,E,1
20,138,1.0,1,B,1
20,139,1.0,4,E,4
20,140,0.0,3,D,4
20,141,0.0,0,A,3
20,142,0.0,2,C,0
20,143,0.0,0,A,4
20,144,0.0,0,A,3
20,145,0.0,0,A,1
20,146,0.0,1,B,2
20,147,0.0,0,A,1
20,148,0.0,0,A,4
20,149,0.0,1,B,4
20,150,1.0,1,B,1
20,151,1.0,2,C,2
20,152,0.0,2,C,3
20,153,1.0,2,C,2
20,154,0.0,0,A,3
20,155,0.0,1,B,2
20,156,0.0,0,A,4
20,157,1.0,2,C,2
20,158,0.0,4,E,3
20,159,0.0,4,E,0
20,160,0.0,0,A,4
20,161,0.0,2,C,3
20,162,0.0,3,D,4
20,163,0.0,1,B,3
20,164,0.0,1,B,4
20,165,0.0,1,B,0
20,166,1.0,4,E,4
20,167,0.0,1,B,3
20,168,0.0,4,E,2
20,169,0.0,1,B,0
20,170,1.0,3,D,3
20,171,1.0,1,B,1
20,172,0.0,1,B,3
20,173,0.0,0,A,3
20,174,0.0,2,C,4
20,175,0.0,4,E,3
20,176,0.0,1,B,2
20,177,1.0,4,E,4
20,178,0.0,3,D,2
20,179,1.0,0,A,0
20,180,1.0,0,A,0
20,181,0.0,2,C,4
20,182,0.0,4,E,0
20,183,1.0,1,B,1
20,184,0.0,2,C,1
20,185,0.0,2,C,0
20,186,0.0,1,B,4
20,187,0.0,0,A,3
20,188,0.0,2,C,1
20,189,0.0,4,E,0
20,190,1.0,3,D,3
20,191,0.0,1,B,2
20,192,0.0,3,D,0
20,193,1.0,2,C,2
20,194,1.0,4,E,4
20,195,0.0,2,C,3
20,196,0.0,2,C,1
20,197,0.0,0,A,3
20,198,0.0,1,B,4
20,199,0.0,0,A,2
20,200,1.0,4,E,4
20,201,1.0,1,B,1
20,202,1.0,3,D,3
20,203,1.0,3,D,3
20,204,1.0,0,A,0
20,205,0.0,2,C,3
20,206,0.0,3,D,0
20,207,0.0,0,A,3
20,208,0.0,2,C,4
20,209,0.0,3,D,2
20,210,1.0,3,D,3
20,211,0.0,0,A,1
24,0,0.0,2,C,1
24,1,0.0,2,C,1
24,2,0.0,2,C,4
24,3,0.0,1,B,2
24,4,1.0,1,B,1
24,5,0.0,2,C,0
24,6,0.0,3,D,0
24,7,1.0,4,E,4
24,8,1.0,2,C,2
24,9,0.0,4,E,2
24,10,0.0,4,E,0
24,11,1.0,0,A,0
24,12,1.0,4,E,4
24,13,0.0,0,A,1
24,14,0.0,4,E,3
24,15,0.0,4,E,3
24,16,1.0,2,C,2
24,17,0.0,1,B,3
24,18,1.0,4,E,4
24,19,1.0,0,A,0
24,20,0.0,0,A,4
24,21,0.0,0,A,2
24,22,0.0,4,E,1
24,23,0.0,3,D,1
24,24,0.0,2,C,3
24,25,1.0,1,B,1
24,26,0.0,2,C,3
24,27,1.0,0,A,0
24,28,0.0,1,B,0
24,29,0.0,1,B,2
24,30,0.0,2,C,3
24,31,0.0,1,B,4
24,32,0.0,3,D,0
24,33,1.0,0,A,0
24,34,0.0,3,D,4
24,35,0.0,4,E,1
24,36,0.0,3,D,4
24,37,0.0,1,B,0
24,38,0.0,3,D,1
24,39,0.0,1,B,3
24,40,0.0,4,E,0
24,41,0.0,1,B,3
24,42,0.0,1,B,3
24,43,0.0,1,B,3
24,44,0.0,0,A,1
24,45,0.0,1,B,3
24,46,1.0,1,B,1
24,47,1.0,2,C,2
24,48,1.0,1,B,1
24,49,1.0,3,D,3
24,50,0.0,1,B,4
24,51,0.0,0,A,1
24,52,0.0,1,B,0
24,53,1.0,3,D,3
24,54,1.0,2,C,2
24,55,0.0,4,E,1
24,56,0.0,1,B,2
24,57,0.0,1,B,4
24,58,0.0,2,C,0
24,59,1.0,1,B,1
24,60,1.0,0,A,0
24,61,1.0,0,A,0
24,62,0.0,2,C,1
24,63,0.0,4,E,2
24,64,0.0,0,A,4
24,65,1.0,3,D,3
24,66,0.0,2,C,0
24,67,0.0,0,A,4
24,68,0.0,0,A,4
24,69,1.0,2,C,2
24,70,1.0,1,B,1
24,71,0.0,4,E,2
24,72,0.0,2,C,1
24,73,0.0,1,B,4
24,74,1.0,0,A,0
24,75,1.0,2,C,2
24,76,0.0,0,A,4
24,77,1.0,2,C,2
24,78,0.0,0,A,4
24,79,0.0,3,D,1
24,80,0.0,0,A,4
24,81,0.0,4,E,2
24,82,0.0,2,C,4
24,83,1.0,3,D,3
24,84,0.0,2,C,3
24,85,1.0,1,B,1
24,86,0.0,2,C,4
24,87,0.0,4,E,2
24,88,0.0,0,A,1
24,89,0.0,1,B,4
24,90,0.0,3,D,1
24,91,1.0,1,B,1
24,92,0.0,2,C,1
24,93,1.0,0,A,0
24,94,0.0,1,B,0
24,95,0.0,1,B,2
24,96,0.0,3,D,0
24,97,0.0,3,D,2
24,98,0.0,1,B,3
24,99,1.0,3,D,3
24,100,0.0,3,D,1
24,101,0.0,1,B,2
24,102,1.0,1,B,1
24,103,1.0,1,B,1
24,104,0.0,2,C,3
24,105,0.0,2,C,4
24,106,0.0,1,B,0
24,107,1.0,1,B,1
24,108,0.0,2,C,3
24,109,0.0,3,D,1
24,110,0.0,3,D,2
24,111,1.0,3,D,3
24,112,1.0,1,B,1
24,113,0.0,4,E,2
24,114,1.0,2,C,2
24,115,0.0,2,C,4
24,116,1.0,2,C,2
24,117,1.0,1,B,1
24,118,1.0,3,D,3
24,119,0.0,4,E,2
24,120,0.0,4,E,1
24,121,1.0,2,C,2
24,122,0.0,1,B,3
24,123,0.0,1,B,3
24,124,1.0,3,D,3
24,125,1.0,4,E,4
24,126,0.0,2,C,4
24,127,1.0,3,D,3
24,128,1.0,4,E,4
24,129,0.0,0,A,1
24,130,1.0,4,E,4
24,131,0.0,1,B,3
24,132,1.0,3,D,3
24,133,0.0,1,B,0
24,134,1.0,1,B,1
24,135,1.0,4,E,4
24,136,0.0,2,C,4
24,137,0.0,4,E,1
24,138,1.0,1,B,1
24,139,1.0,4,E,4
24,140,0.0,3,D,4
24,141,0.0,0,A,3
24,142,0.0,1,B,0
24,143,0.0,0,A,4
24,144,0.0,0,A,3
24,145,0.0,0,A,1
24,146,0.0,1,B,2
24,147,0.0,0,A,1
24,148,0.0,0,A,4
24,149,0.0,0,A,4
24,150,1.0,1,B,1
24,151,1.0,2,C,2
24,152,0.0,2,C,3
24,153,1.0,2,C,2
24,154,0.0,0,A,3
24,155,0.0,1,B,2
24,156,0.0,0,A,4
24,157,1.0,2,C,2
24,158,0.0,4,E,3
24,159,1.0,0,A,0
24,160,0.0,0,A,4
24,161,0.0,2,C,3
24,162,0.0,3,D,4
24,163,0.0,1,B,3
24,164,0.0,1,B,4
24,165,0.0,1,B,0
24,166,1.0,4,E,4
24,167,0.0,1,B,3
24,168,0.0,4,E,2
24,169,0.0,1,B,0
24,170,1.0,3,D,3
24,171,1.0,1,B,1
24,172,0.0,1,B,3
24,173,0.0,0,A,3
24,174,0.0,2,C,4
24,175,0.0,4,E,3
24,176,0.0,1,B,2
24,177,1.0,4,E,4
24,178,0.0,3,D,2
24,179,1.0,0,A,0
24,180,1.0,0,A,0
24,181,0.0,2,C,4
24,182,0.0,4,E,0
24,183,1.0,1,B,1
24,184,0.0,2,C,1
24,185,1.0,0,A,0
24,186,0.0,1,B,4
24,187,0.0,0,A,3
24,188,0.0,2,C,1
24,189,0.0,4,E,0
24,190,1.0,3,D,3
24,191,0.0,1,B,2
24,192,0.0,3,D,0
24,193,1.0,2,C,2
24,194,1.0,4,E,4
24,195,0.0,2,C,3
24,196,0.0,2,C,1
24,197,0.0,0,A,3
24,198,0.0,1,B,4
24,199,0.0,0,A,2
24,200,1.0,4,E,4
24,201,1.0,1,B,1
24,202,1.0,3,D,3
24,203,1.0,3,D,3
24,204,1.0,0,A,0
24,205,0.0,2,C,3
24,206,0.0,3,D,0
24,207,0.0,0,A,3
24,208,0.0,2,C,4
24,209,0.0,3,D,2
24,210,1.0,3,D,3
24,211,1.0,1,B,1
28,0,0.0,2,C,1
28,1,0.0,2,C,1
28,2,0.0,2,C,4
28,3,0.0,1,B,2
28,4,1.0,1,B,1
28,5,0.0,2,C,0
28,6,0.0,3,D,0
28,7,1.0,4,E,4
28,8,1.0,2,C,2
28,9,0.0,4,E,2
28,10,0.0,4,E,0
28,11,1.0,0,A,0
28,12,1.0,4,E,4
28,13,0.0,0,A,1
28,14,0.0,4,E,3
28,15,0.0,4,E,3
28,16,1.0,2,C,2
28,17,0.0,1,B,3
28,18,1.0,4,E,4
28,19,1.0,0,A,0
28,20,0.0,0,A,4
28,21,0.0,0,A,2
28,22,0.0,4,E,1
28,23,0.0,2,C,1
28,24,0.0,2,C,3
28,25,1.0,1,B,1
28,26,0.0,2,C,3
28,27,1.0,0,A,0
28,28,0.0,1,B,0
28,29,0.0,1,B,2
28,30,0.0,2,C,3
28,31,0.0,1,B,4
28,32,0.0,3,D,0
28,33,1.0,0,A,0
28,34,0.0,3,D,4
28,35,0.0,4,E,1
28,36,0.0,3,D,4
28,37,0.0,1,B,0
28,38,0.0,3,D,1
28,39,0.0,1,B,3
28,40,0.0,4,E,0
28,41,0.0,1,B,3
28,42,0.0,1,B,3
28,43,0.0,1,B,3
28,44,0.0,0,A,1
28,45,0.0,1,B,3
28,46,1.0,1,B,1
28,47,1.0,2,C,2
28,48,1.0,1,B,1
28,49,1.0,3,D,3
28,50,0.0,1,B,4
28,51,0.0,0,A,1
28,52,0.0,1,B,0
28,53,1.0,3,D,3
28,54,1.0,2,C,2
28,55,0.0,2,C,1
28,56,0.0,1,B,2
28,57,0.0,1,B,4
28,58,0.0,2,C,0
28,59,1.0,1,B,1
28,60,1.0,0,A,0
28,61,1.0,0,A,0
28,62,0.0,2,C,1
28,63,0.0,4,E,2
28,64,0.0,2,C,4
28,65,1.0,3,D,3
28,66,0.0,2,C,0
28,67,0.0,0,A,4
28,68,0.0,0,A,4
28,69,1.0,2,C,2
28,70,1.0,1,B,1
28,71,0.0,4,E,2
28,72,1.0,1,B,1
28,73,0.0,1,B,4
28,74,1.0,0,A,0
28,75,1.0,2,C,2
28,76,0.0,1,B,4
28,77,0.0,1,B,2
28,78,0.0,0,A,4
28,79,0.0,3,D,1
28,80,0.0,0,A,4
28,81,0.0,4,E,2
28,82,0.0,2,C,4
28,83,1.0,3,D,3
28,84,0.0,2,C,3
28,85,1.0,1,B,1
28,86,0.0,2,C,4
28,87,0.0,4,E,2
28,88,0.0,0,A,1
28,89,0.0,1,B,4
28,90,0.0,3,D,1
28,91,1.0,1,B,1
28,92,0.0,2,C,1
28,93,1.0,0,A,0
28,94,0.0,1,B,0
28,95,0.0,1,B,2
28,96,0.0,3,D,0
28,97,0.0,3,D,2
28,98,0.0,1,B,3
28,99,1.0,3,D,3
28,100,0.0,3,D,1
28,101,0.0,1,B,2
28,102,1.0,1,B,1
28,103,1.0,1,B,1
28,104,0.0,2,C,3
28,105,0.0,2,C,4
28,106,0.0,1,B,0
28,107,1.0,1,B,1
28,108,0.0,2,C,3
28,109,0.0,3,D,1
28,110,0.0,3,D,2
28,111,1.0,3,D,3
28,112,1.0,1,B,1
28,113,0.0,4,E,2
28,114,1.0,2,C,2
28,115,0.0,2,C,4
28,116,1.0,2,C,2
28,117,1.0,1,B,1
28,118,1.0,3,D,3
28,119,0.0,4,E,2
28,120,0.0,4,E,1
28,121,1.0,2,C,2
28,122,0.0,1,B,3
28,123,0.0,1,B,3
28,124,1.0,3,D,3
28,125,1.0,4,E,4
28,126,0.0,2,C,4
28,127,1.0,3,D,3
28,128,1.0,4,E,4
28,129,0.0,0,A,1
28,130,1.0,4,E,4
28,131,0.0,1,B,3
28,132,1.0,3,D,3
28,133,0.0,1,B,0
28,134,1.0,1,B,1
28,135,1.0,4,E,4
28,136,0.0,2,C,4
28,137,0.0,4,E,1
28,138,1.0,1,B,1
28,139,1.0,4,E,4
28,140,0.0,3,D,4
28,141,0.0,0,A,3
28,142,0.0,1,B,0
28,143,0.0,0,A,4
28,144,0.0,0,A,3
28,145,0.0,0,A,1
28,146,0.0,1,B,2
28,147,0.0,0,A,1
28,148,0.0,0,A,4
28,149,0.0,0,A,4
28,150,1.0,1,B,1
28,151,1.0,2,C,2
28,152,0.0,2,C,3
28,153,1.0,2,C,2
28,154,0.0,0,A,3
28,155,0.0,1,B,2
28,156,0.0,1,B,4
28,157,1.0,2,C,2
28,158,0.0,4,E,3
28,159,1.0,0,A,0
28,160,0.0,0,A,4
28,161,0.0,2,C,3
28,162,0.0,3,D,4
28,163,0.0,1,B,3
28,164,0.0,1,B,4
28,165,0.0,1,B,0
28,166,1.0,4,E,4
28,167,0.0,1,B,3
28,168,0.0,4,E,2
28,169,0.0,1,B,0
28,170,1.0,3,D,3
28,171,1.0,1,B,1
28,172,1.0,3,D,3
28,173,0.0,0,A,3
28,174,0.0,2,C,4
28,175,0.0,4,E,3
28,176,0.0,1,B,2
28,177,1.0,4,E,4
28,178,0.0,3,D,2
28,179,0.0,3,D,0
28,180,1.0,0,A,0
28,181,0.0,2,C,4
28,182,0.0,4,E,0
28,183,1.0,1,B,1
28,184,0.0,2,C,1
28,185,0.0,1,B,0
28,186,0.0,1,B,4
28,187,0.0,0,A,3
28,188,0.0,2,C,1
28,189,0.0,4,E,0
28,190,1.0,3,D,3
28,191,0.0,1,B,2
28,192,0.0,3,D,0
28,193,1.0,2,C,2
28,194,0.0,1,B,4
28,195,0.0,2,C,3
28,196,0.0,2,C,1
28,197,0.0,0,A,3
28,198,0.0,1,B,4
28,199,0.0,0,A,2
28,200,1.0,4,E,4
28,201,1.0,1,B,1
28,202,1.0,3,D,3
28,203,1.0,3,D,3
28,204,0.0,3,D,0
28,205,0.0,2,C,3
28,206,0.0,3,D,0
28,207,0.0,0,A,3
28,208,0.0,2,C,4
28,209,0.0,3,D,2
28,210,1.0,3,D,3
28,211,1.0,1,B,1
32,0,0.0,2,C,1
32,1,0.0,2,C,1
32,2,0.0,2,C,4
32,3,0.0,1,B,2
32,4,1.0,1,B,1
32,5,0.0,1,B,0
32,6,0.0,3,D,0
32,7,0.0,2,C,4
32,8,1.0,2,C,2
32,9,1.0,2,C,2
32,10,0.0,4,E,0
32,11,1.0,0,A,0
32,12,1.0,4,E,4
32,13,1.0,1,B,1
32,14,0.0,4,E,3
32,15,0.0,4,E,3
32,16,1.0,2,C,2
32,17,0.0,1,B,3
32,18,1.0,4,E,4
32,19,1.0,0,A,0
32,20,0.0,0,A,4
32,21,0.0,0,A,2
32,22,1.0,1,B,1
32,23,0.0,2,C,1
32,24,0.0,2,C,3
32,25,1.0,1,B,1
32,26,0.0,2,C,3
32,27,1.0,0,A,0
32,28,0.0,1,B,0
32,29,0.0,1,B,2
32,30,0.0,2,C,3
32,31,0.0,1,B,4
32,32,0.0,1,B,0
32,33,1.0,0,A,0
32,34,0.0,3,D,4
32,35,0.0,3,D,1
32,36,0.0,3,D,4
32,37,0.0,1,B,0
32,38,0.0,3,D,1
32,39,0.0,1,B,3
32,40,0.0,4,E,0
32,41,0.0,1,B,3
32,42,0.0,1,B,3
32,43,0.0,1,B,3
32,44,0.0,0,A,1
32,45,0.0,1,B,3
32,46,1.0,1,B,1
32,47,1.0,2,C,2
32,48,1.0,1,B,1
32,49,1.0,3,D,3
32,50,0.0,1,B,4
32,51,0.0,0,A,1
32,52,0.0,1,B,0
32,53,1.0,3,D,3
32,54,1.0,2,C,2
32,55,0.0,2,C,1
32,56,0.0,1,B,2
32,57,0.0,1,B,4
32,58,0.0,2,C,0
32,59,1.0,1,B,1
32,60,1.0,0,A,0
32,61,1.0,0,A,0
32,62,0.0,2,C,1
32,63,0.0,4,E,2
32,64,0.0,2,C,4
32,65,1.0,3,D,3
32,66,0.0,2,C,0
32,67,0.0,0,A,4
32,68,0.0,0,A,4
32,69,1.0,2,C,2
32,70,1.0,1,B,1
32,71,0.0,4,E,2
32,72,1.0,1,B,1
32,73,0.0,1,B,4
32,74,1.0,0,A,0
32,75,1.0,2,C,2
32,76,0.0,1,B,4
32,77,0.0,1,B,2
32,78,0.0,0,A,4
32,79,0.0,3,D,1
32,80,0.0,0,A,4
32,81,0.0,4,E,2
32,82,0.0,2,C,4
32,83,1.0,3,D,3
32,84,0.0,2,C,3
32,85,1.0,1,B,1
32,86,0.0,2,C,4
32,87,0.0,4,E,2
32,88,0.0,0,A,1
32,89,0.0,1,B,4
32,90,0.0,3,D,1
32,91,1.0,1,B,1
32,92,0.0,2,C,1
32,93,1.0,0,A,0
32,94,0.0,1,B,0
32,95,0.0,1,B,2
32,96,0.0,3,D,0
32,97,0.0,3,D,2
32,98,1.0,3,D,3
32,99,1.0,3,D,3
32,100,0.0,2,C,1
32,101,0.0,1,B,2
32,102,1.0,1,B,1
32,103,1.0,1,B,1
32,104,0.0,2,C,3
32,105,0.0,2,C,4
32,106,0.0,1,B,0
32,107,1.0,1,B,1
32,108,0.0,1,B,3
32,109,0.0,3,D,1
32,110,0.0,3,D,2
32,111,0.0,1,B,3
32,112,1.0,1,B,1
32,113,0.0,4,E,2
32,114,1.0,2,C,2
32,115,0.0,2,C,4
32,116,1.0,2,C,2
32,117,1.0,1,B,1
32,118,1.0,3,D,3
32,119,0.0,1,B,2
32,120,0.0,4,E,1
32,121,1.0,2,C,2
32,122,0.0,1,B,3
32,123,0.0,1,B,3
32,124,1.0,3,D,3
32,125,1.0,4,E,4
32,126,0.0,2,C,4
32,127,1.0,3,D,3
32,128,1.0,4,E,4
32,129,0.0,0,A,1
32,130,1.0,4,E,4
32,131,0.0,1,B,3
32,132,1.0,3,D,3
32,133,0.0,1,B,0
32,134,1.0,1,B,1
32,135,0.0,3,D,4
32,136,0.0,2,C,4
32,137,0.0,3,D,1
32,138,1.0,1,B,1
32,139,1.0,4,E,4
32,140,0.0,3,D,4
32,141,0.0,0,A,3
32,142,0.0,1,B,0
32,143,0.0,0,A,4
32,144,0.0,0,A,3
32,145,1.0,1,B,1
32,146,0.0,1,B,2
32,147,0.0,0,A,1
32,148,0.0,0,A,4
32,149,0.0,0,A,4
32,150,1.0,1,B,1
32,151,1.0,2,C,2
32,152,0.0,2,C,3
32,153,1.0,2,C,2
32,154,0.0,0,A,3
32,155,0.0,1,B,2
32,156,0.0,1,B,4
32,157,1.0,2,C,2
32,158,0.0,4,E,3
32,159,1.0,0,A,0
32,160,0.0,0,A,4
32,161,0.0,2,C,3
32,162,0.0,3,D,4
32,163,0.0,1,B,3
32,164,0.0,1,B,4
32,165,0.0,1,B,0
32,166,0.0,0,A,4
32,167,0.0,1,B,3
32,168,0.0,3,D,2
32,169,0.0,1,B,0
32,170,1.0,3,D,3
32,171,1.0,1,B,1
32,172,1.0,3,D,3
32,173,0.0,1,B,3
32,174,0.0,2,C,4
32,175,0.0,4,E,3
32,176,0.0,1,B,2
32,177,1.0,4,E,4
32,178,0.0,3,D,2
32,179,0.0,3,D,0
32,180,1.0,0,A,0
32,181,0.0,1,B,4
32,182,0.0,4,E,0
32,183,1.0,1,B,1
32,184,0.0,2,C,1
32,185,0.0,1,B,0
32,186,0.0,1,B,4
32,187,0.0,0,A,3
32,188,0.0,2,C,1
32,189,0.0,4,E,0
32,190,1.0,3,D,3
32,191,0.0,1,B,2
32,192,0.0,3,D,0
32,193,1.0,2,C,2
32,194,0.0,1,B,4
32,195,0.0,2,C,3
32,196,0.0,2,C,1
32,197,0.0,2,C,3
32,198,0.0,1,B,4
32,199,0.0,0,A,2
32,200,1.0,4,E,4
32,201,1.0,1,B,1
32,202,1.0,3,D,3
32,203,1.0,3,D,3
32,204,0.0,3,D,0
32,205,0.0,2,C,3
32,206,0.0,3,D,0
32,207,0.0,0,A,3
32,208,0.0,2,C,4
32,209,0.0,3,D,2
32,210,1.0,3,D,3
32,211,1.0,1,B,1
36,0,0.0,2,C,1
36,1,0.0,2,C,1
36,2,0.0,2,C,4
36,3,0.0,1,B,2
36,4,1.0,1,B,1
36,5,0.0,1,B,0
36,6,0.0,3,D,0
36,7,0.0,2,C,4
36,8,1.0,2,C,2
36,9,1.0,2,C,2
36,10,0.0,4,E,0
36,11,1.0,0,A,0
36,12,1.0,4,E,4
36,13,0.0,0,A,1
36,14,0.0,4,E,3
36,15,0.0,4,E,3
36,16,1.0,2,C,2
36,17,0.0,1,B,3
36,18,1.0,4,E,4
36,19,1.0,0,A,0
36,20,0.0,0,A,4
36,21,0.0,0,A,2
36,22,1.0,1,B,1
36,23,0.0,2,C,1
36,24,0.0,2,C,3
36,25,1.0,1,B,1
36,26,0.0,2,C,3
36,27,1.0,0,A,0
36,28,0.0,1,B,0
36,29,0.0,1,B,2
36,30,1.0,3,D,3
36,31,0.0,1,B,4
36,32,0.0,1,B,0
36,33,1.0,0,A,0
36,34,0.0,3,D,4
36,35,0.0,3,D,1
36,36,0.0,3,D,4
36,37,0.0,1,B,0
36,38,0.0,3,D,1
36,39,0.0,1,B,3
36,40,0.0,4,E,0
36,41,0.0,1,B,3
36,42,0.0,1,B,3
36,43,0.0,1,B,3
36,44,0.0,3,D,1
36,45,0.0,1,B,3
36,46,1.0,1,B,1
36,47,1.0,2,C,2
36,48,1.0,1,B,1
36,49,1.0,3,D,3
36,50,0.0,1,B,4
36,51,0.0,0,A,1
36,52,0.0,1,B,0
36,53,1.0,3,D,3
36,54,1.0,2,C,2
36,55,0.0,2,C,1
36,56,0.0,1,B,2
36,57,0.0,1,B,4
36,58,0.0,2,C,0
36,59,1.0,1,B,1
36,60,1.0,0,A,0
36,61,1.0,0,A,0
36,62,0.0,2,C,1
36,63,0.0,4,E,2
36,64,0.0,2,C,4
36,65,1.0,3,D,3
36,66,0.0,2,C,0
36,67,0.0,0,A,4
36,68,0.0,0,A,4
36,69,1.0,2,C,2
36,70,1.0,1,B,1
36,71,0.0,4,E,2
36,72,1.0,1,B,1
36,73,0.0,1,B,4
36,74,1.0,0,A,0
36,75,1.0,2,C,2
36,76,0.0,1,B,4
36,77,0.0,1,B,2
36,78,0.0,0,A,4
36,79,0.0,3,D,1
36,80,0.0,0,A,4
36,81,0.0,3,D,2
36,82,0.0,2,C,4
36,83,1.0,3,D,3
36,84,0.0,2,C,3
36,85,1.0,1,B,1
36,86,0.0,2,C,4
36,87,0.0,4,E,2
36,88,0.0,0,A,1
36,89,0.0,1,B,4
36,90,0.0,3,D,1
36,91,1.0,1,B,1
36,92,0.0,2,C,1
36,93,1.0,0,A,0
36,94,0.0,1,B,0
36,95,0.0,1,B,2
36,96,0.0,3,D,0
36,97,0.0,3,D,2
36,98,1.0,3,D,3
36,99,1.0,3,D,3
36,100,0.0,2,C,1
36,101,0.0,1,B,2
36,102,1.0,1,B,1
36,103,1.0,1,B,1
36,104,0.0,2,C,3
36,105,0.0,2,C,4
36,106,0.0,1,B,0
36,107,1.0,1,B,1
36,108,0.0,2,C,3
36,109,0.0,3,D,1
36,110,0.0,3,D,2
36,111,1.0,3,D,3
36,112,1.0,1,B,1
36,113,0.0,4,E,2
36,114,1.0,2,C,2
36,115,0.0,2,C,4
36,116,1.0,2,C,2
36,117,1.0,1,B,1
36,118,1.0,3,D,3
36,119,0.0,1,B,2
36,120,0.0,4,E,1
36,121,1.0,2,C,2
36,122,0.0,1,B,3
36,123,0.0,1,B,3
36,124,1.0,3,D,3
36,125,1.0,4,E,4
36,126,0.0,2,C,4
36,127,1.0,3,D,3
36,128,1.0,4,E,4
36,129,0.0,0,A,1
36,130,1.0,4,E,4
36,131,0.0,1,B,3
36,132,1.0,3,D,3
36,133,0.0,1,B,0
36,134,1.0,1,B,1
36,135,0.0,3,D,4
36,136,0.0,2,C,4
36,137,0.0,3,D,1
36,138,1.0,1,B,1
36,139,1.0,4,E,4
36,140,0.0,3,D,4
36,141,0.0,0,A,3
36,142,0.0,1,B,0
36,143,0.0,3,D,4
36,144,0.0,0,A,3
36,145,1.0,1,B,1
36,146,0.0,1,B,2
36,147,0.0,0,A,1
36,148,0.0,0,A,4
36,149,0.0,0,A,4
36,150,1.0,1,B,1
36,151,1.0,2,C,2
36,152,0.0,2,C,3
36,153,1.0,2,C,2
36,154,0.0,0,A,3
36,155,0.0,1,B,2
36,156,0.0,1,B,4
36,157,1.0,2,C,2
36,158,0.0,4,E,3
36,159,1.0,0,A,0
36,160,0.0,0,A,4
36,161,1.0,3,D,3
36,162,0.0,3,D,4
36,163,1.0,3,D,3
36,164,0.0,1,B,4
36,165,0.0,1,B,0
36,166,0.0,0,A,4
36,167,0.0,1,B,3
36,168,0.0,3,D,2
36,169,0.0,1,B,0
36,170,1.0,3,D,3
36,171,1.0,1,B,1
36,172,1.0,3,D,3
36,173,0.0,1,B,3
36,174,0.0,2,C,4
36,175,0.0,4,E,3
36,176,0.0,1,B,2
36,177,1.0,4,E,4
36,178,0.0,3,D,2
36,179,0.0,3,D,0
36,180,1.0,0,A,0
36,181,0.0,1,B,4
36,182,0.0,4,E,0
36,183,1.0,1,B,1
36,184,0.0,2,C,1
36,185,0.0,1,B,0
36,186,0.0,1,B,4
36,187,0.0,0,A,3
36,188,0.0,2,C,1
36,189,0.0,4,E,0
36,190,1.0,3,D,3
36,191,0.0,1,B,2
36,192,0.0,3,D,0
36,193,1.0,2,C,2
36,194,0.0,1,B,4
36,195,0.0,2,C,3
36,196,0.0,2,C,1
36,197,0.0,1,B,3
36,198,0.0,1,B,4
36,199,0.0,0,A,2
36,200,1.0,4,E,4
36,201,1.0,1,B,1
36,202,1.0,3,D,3
36,203,1.0,3,D,3
36,204,0.0,3,D,0
36,205,1.0,3,D,3
36,206,0.0,3,D,0
36,207,0.0,0,A,3
36,208,0.0,2,C,4
36,209,0.0,3,D,2
36,210,1.0,3,D,3
36,211,1.0,1,B,1
40,0,0.0,2,C,1
40,1,0.0,2,C,1
40,2,0.0,2,C,4
40,3,0.0,1,B,2
40,4,1.0,1,B,1
40,5,0.0,1,B,0
40,6,0.0,3,D,0
40,7,0.0,2,C,4
40,8,1.0,2,C,2
40,9,1.0,2,C,2
40,10,0.0,4,E,0
40,11,0.0,3,D,0
40,12,1.0,4,E,4
40,13,0.0,0,A,1
40,14,1.0,3,D,3
40,15,0.0,4,E,3
40,16,1.0,2,C,2
40,17,0.0,1,B,3
40,18,1.0,4,E,4
40,19,1.0,0,A,0
40,20,0.0,0,A,4
40,21,0.0,0,A,2
40,22,1.0,1,B,1
40,23,0.0,2,C,1
40,24,0.0,2,C,3
40,25,1.0,1,B,1
40,26,0.0,2,C,3
40,27,1.0,0,A,0
40,28,0.0,1,B,0
40,29,0.0,1,B,2
40,30,1.0,3,D,3
40,31,0.0,1,B,4
40,32,0.0,1,B,0
40,33,1.0,0,A,0
40,34,0.0,3,D,4
40,35,0.0,3,D,1
40,36,0.0,3,D,4
40,37,0.0,1,B,0
40,38,0.0,3,D,1
40,39,0.0,1,B,3
40,40,0.0,4,E,0
40,41,0.0,1,B,3
40,42,0.0,1,B,3
40,43,0.0,1,B,3
40,44,0.0,0,A,1
40,45,0.0,1,B,3
40,46,1.0,1,B,1
40,47,1.0,2,C,2
40,48,1.0,1,B,1
40,49,1.0,3,D,3
40,50,0.0,1,B,4
40,51,0.0,0,A,1
40,52,0.0,1,B,0
40,53,1.0,3,D,3
40,54,1.0,2,C,2
40,55,0.0,2,C,1
40,56,0.0,1,B,2
40,57,0.0,1,B,4
40,58,0.0,2,C,0
40,59,1.0,1,B,1
40,60,1.0,0,A,0
40,61,1.0,0,A,0
40,62,1.0,1,B,1
40,63,0.0,4,E,2
40,64,0.0,1,B,4
40,65,1.0,3,D,3
40,66,0.0,2,C,0
40,67,0.0,0,A,4
40,68,0.0,0,A,4
40,69,1.0,2,C,2
40,70,1.0,1,B,1
40,71,0.0,4,E,2
40,72,1.0,1,B,1
40,73,0.0,1,B,4
40,74,1.0,0,A,0
40,75,1.0,2,C,2
40,76,0.0,1,B,4
40,77,0.0,1,B,2
40,78,0.0,0,A,4
40,79,0.0,3,D,1
40,80,0.0,0,A,4
40,81,0.0,3,D,2
40,82,0.0,2,C,4
40,83,1.0,3,D,3
40,84,0.0,2,C,3
40,85,1.0,1,B,1
40,86,0.0,2,C,4
40,87,0.0,4,E,2
40,88,0.0,0,A,1
40,89,0.0,0,A,4
40,90,0.0,3,D,1
40,91,1.0,1,B,1
40,92,0.0,2,C,1
40,93,1.0,0,A,0
40,94,0.0,1,B,0
40,95,0.0,1,B,2
40,96,0.0,3,D,0
40,97,0.0,3,D,2
40,98,1.0,3,D,3
40,99,1.0,3,D,3
40,100,0.0,2,C,1
40,101,0.0,1,B,2
40,102,1.0,1,B,1
40,103,1.0,1,B,1
40,104,0.0,2,C,3
40,105,0.0,2,C,4
40,106,0.0,1,B,0
40,107,1.0,1,B,1
40,108,0.0,2,C,3
40,109,0.0,3,D,1
40,110,0.0,3,D,2
40,111,1.0,3,D,3
40,112,1.0,1,B,1
40,113,0.0,1,B,2
40,114,1.0,2,C,2
40,115,0.0,2,C,4
40,116,1.0,2,C,2
40,117,1.0,1,B,1
40,118,1.0,3,D,3
40,119,0.0,1,B,2
40,120,0.0,4,E,1
40,121,1.0,2,C,2
40,122,0.0,1,B,3
40,123,0.0,1,B,3
40,124,1.0,3,D,3
40,125,1.0,4,E,4
40,126,0.0,2,C,4
40,127,1.0,3,D,3
40,128,1.0,4,E,4
40,129,0.0,0,A,1
40,130,1.0,4,E,4
40,131,0.0,1,B,3
40,132,1.0,3,D,3
40,133,0.0,1,B,0
40,134,0.0,3,D,1
40,135,0.0,3,D,4
40,136,0.0,2,C,4
40,137,0.0,3,D,1
40,138,1.0,1,B,1
40,139,1.0,4,E,4
40,140,1.0,4,E,4
40,141,0.0,0,A,3
40,142,0.0,1,B,0
40,143,0.0,3,D,4
40,144,0.0,0,A,3
40,145,1.0,1,B,1
40,146,0.0,1,B,2
40,147,0.0,0,A,1
40,148,0.0,0,A,4
40,149,0.0,0,A,4
40,150,1.0,1,B,1
40,151,0.0,1,B,2
40,152,0.0,2,C,3
40,153,1.0,2,C,2
40,154,0.0,0,A,3
40,155,0.0,1,B,2
40,156,0.0,1,B,4
40,157,0.0,3,D,2
40,158,1.0,3,D,3
40,159,1.0,0,A,0
40,160,0.0,0,A,4
40,161,1.0,3,D,3
40,162,0.0,3,D,4
40,163,1.0,3,D,3
40,164,0.0,1,B,4
40,165,0.0,1,B,0
40,166,0.0,0,A,4
40,167,0.0,1,B,3
40,168,0.0,1,B,2
40,169,0.0,1,B,0
40,170,1.0,3,D,3
40,171,1.0,1,B,1
40,172,1.0,3,D,3
40,173,0.0,1,B,3
40,174,0.0,2,C,4
40,175,0.0,4,E,3
40,176,0.0,1,B,2
40,177,0.0,2,C,4
40,178,0.0,3,D,2
40,179,0.0,3,D,0
40,180,1.0,0,A,0
40,181,0.0,1,B,4
40,182,0.0,4,E,0
40,183,1.0,1,B,1
40,184,0.0,2,C,1
40,185,0.0,3,D,0
40,186,0.0,2,C,4
40,187,0.0,0,A,3
40,188,0.0,2,C,1
40,189,0.0,4,E,0
40,190,1.0,3,D,3
40,191,0.0,1,B,2
40,192,0.0,3,D,0
40,193,0.0,1,B,2
40,194,0.0,1,B,4
40,195,0.0,2,C,3
40,196,0.0,2,C,1
40,197,0.0,1,B,3
40,198,0.0,1,B,4
40,199,0.0,0,A,2
40,200,1.0,4,E,4
40,201,1.0,1,B,1
40,202,1.0,3,D,3
40,203,1.0,3,D,3
40,204,0.0,3,D,0
40,205,1.0,3,D,3
40,206,0.0,3,D,0
40,207,0.0,0,A,3
40,208,0.0,2,C,4
40,209,0.0,3,D,2
40,210,1.0,3,D,3
40,211,1.0,1,B,1
44,0,0.0,2,C,1
44,1,0.0,2,C,1
44,2,0.0,2,C,4
44,3,0.0,1,B,2
44,4,1.0,1,B,1
44,5,0.0,1,B,0
44,6,0.0,3,D,0
44,7,0.0,2,C,4
44,8,1.0,2,C,2
44,9,1.0,2,C,2
44,10,0.0,4,E,0
44,11,0.0,3,D,0
44,12,1.0,4,E,4
44,13,1.0,1,B,1
44,14,1.0,3,D,3
44,15,0.0,4,E,3
44,16,1.0,2,C,2
44,17,0.0,1,B,3
44,18,1.0,4,E,4
44,19,1.0,0,A,0
44,20,0.0,0,A,4
44,21,0.0,0,A,2
44,22,1.0,1,B,1
44,23,0.0,2,C,1
44,24,0.0,2,C,3
44,25,1.0,1,B,1
44,26,0.0,2,C,3
44,27,1.0,0,A,0
44,28,0.0,1,B,0
44,29,0.0,1,B,2
44,30,1.0,3,D,3
44,31,0.0,1,B,4
44,32,0.0,1,B,0
44,33,1.0,0,A,0
44,34,0.0,3,D,4
44,35,0.0,3,D,1
44,36,0.0,3,D,4
44,37,0.0,1,B,0
44,38,0.0,3,D,1
44,39,0.0,1,B,3
44,40,0.0,4,E,0
44,41,0.0,1,B,3
44,42,0.0,1,B,3
44,43,0.0,1,B,3
44,44,0.0,0,A,1
44,45,0.0,1,B,3
44,46,1.0,1,B,1
44,47,1.0,2,C,2
44,48,1.0,1,B,1
44,49,1.0,3,D,3
44,50,0.0,1,B,4
44,51,0.0,0,A,1
44,52,0.0,1,B,0
44,53,1.0,3,D,3
44,54,1.0,2,C,2
44,55,0.0,2,C,1
44,56,0.0,1,B,2
44,57,0.0,1,B,4
44,58,0.0,2,C,0
44,59,1.0,1,B,1
44,60,1.0,0,A,0
44,61,1.0,0,A,0
44,62,1.0,1,B,1
44,63,0.0,4,E,2
44,64,0.0,1,B,4
44,65,1.0,3,D,3
44,66,0.0,2,C,0
44,67,0.0,0,A,4
44,68,0.0,0,A,4
44,69,1.0,2,C,2
44,70,1.0,1,B,1
44,71,0.0,4,E,2
44,72,1.0,1,B,1
44,73,0.0,1,B,4
44,74,1.0,0,A,0
44,75,1.0,2,C,2
44,76,0.0,1,B,4
44,77,0.0,1,B,2
44,78,0.0,0,A,4
44,79,0.0,3,D,1
44,80,0.0,0,A,4
44,81,0.0,3,D,2
44,82,0.0,2,C,4
44,83,1.0,3,D,3
44,84,0.0,2,C,3
44,85,1.0,1,B,1
44,86,0.0,2,C,4
44,87,0.0,4,E,2
44,88,0.0,0,A,1
44,89,0.0,0,A,4
44,90,0.0,3,D,1
44,91,1.0,1,B,1
44,92,0.0,2,C,1
44,93,1.0,0,A,0
44,94,0.0,1,B,0
44,95,0.0,1,B,2
44,96,0.0,3,D,0
44,97,0.0,3,D,2
44,98,1.0,3,D,3
44,99,1.0,3,D,3
44,100,0.0,2,C,1
44,101,0.0,1,B,2
44,102,1.0,1,B,1
44,103,1.0,1,B,1
44,104,0.0,2,C,3
44,105,0.0,2,C,4
44,106,0.0,1,B,0
44,107,1.0,1,B,1
44,108,0.0,2,C,3
44,109,0.0,3,D,1
44,110,0.0,3,D,2
44,111,1.0,3,D,3
44,112,1.0,1,B,1
44,113,0.0,1,B,2
44,114,1.0,2,C,2
44,115,0.0,2,C,4
44,116,1.0,2,C,2
44,117,1.0,1,B,1
44,118,1.0,3,D,3
44,119,0.0,1,B,2
44,120,0.0,4,E,1
44,121,1.0,2,C,2
44,122,0.0,1,B,3
44,123,0.0,1,B,3
44,124,1.0,3,D,3
44,125,1.0,4,E,4
44,126,0.0,2,C,4
44,127,1.0,3,D,3
44,128,1.0,4,E,4
44,129,0.0,0,A,1
44,130,1.0,4,E,4
44,131,0.0,1,B,3
44,132,1.0,3,D,3
44,133,0.0,1,B,0
44,134,0.0,3,D,1
44,135,0.0,3,D,4
44,136,0.0,2,C,4
44,137,0.0,3,D,1
44,138,1.0,1,B,1
44,139,1.0,4,E,4
44,140,1.0,4,E,4
44,141,0.0,0,A,3
44,142,0.0,1,B,0
44,143,0.0,3,D,4
44,144,0.0,0,A,3
44,145,1.0,1,B,1
44,146,0.0,1,B,2
44,147,0.0,0,A,1
44,148,0.0,0,A,4
44,149,0.0,0,A,4
44,150,1.0,1,B,1
44,151,0.0,1,B,2
44,152,0.0,2,C,3
44,153,1.0,2,C,2
44,154,0.0,0,A,3
44,155,0.0,1,B,2
44,156,0.0,1,B,4
44,157,0.0,3,D,2
44,158,1.0,3,D,3
44,159,1.0,0,A,0
44,160,0.0,0,A,4
44,161,1.0,3,D,3
44,162,0.0,3,D,4
44,163,1.0,3,D,3
44,164,0.0,1,B,4
44,165,0.0,1,B,0
44,166,0.0,0,A,4
44,167,0.0,1,B,3
44,168,0.0,1,B,2
44,169,0.0,1,B,0
44,170,1.0,3,D,3
44,171,1.0,1,B,1
44,172,1.0,3,D,3
44,173,0.0,1,B,3
44,174,0.0,2,C,4
44,175,0.0,4,E,3
44,176,0.0,1,B,2
44,177,0.0,2,C,4
44,178,0.0,3,D,2
44,179,0.0,3,D,0
44,180,1.0,0,A,0
44,181,0.0,1,B,4
44,182,0.0,4,E,0
44,183,1.0,1,B,1
44,184,0.0,2,C,1
44,185,0.0,3,D,0
44,186,0.0,2,C,4
44,187,0.0,0,A,3
44,188,0.0,2,C,1
44,189,0.0,4,E,0
44,190,1.0,3,D,3
44,191,0.0,1,B,2
44,192,0.0,3,D,0
44,193,0.0,1,B,2
44,194,0.0,1,B,4
44,195,0.0,2,C,3
44,196,0.0,2,C,1
44,197,0.0,1,B,3
44,198,0.0,1,B,4
44,199,0.0,0,A,2
44,200,1.0,4,E,4
44,201,1.0,1,B,1
44,202,1.0,3,D,3
44,203,1.0,3,D,3
44,204,0.0,3,D,0
44,205,1.0,3,D,3
44,206,0.0,3,D,0
44,207,0.0,0,A,3
44,208,0.0,2,C,4
44,209,0.0,3,D,2
44,210,1.0,3,D,3
44,211,1.0,1,B,1
48,0,0.0,2,C,1
48,1,0.0,2,C,1
48,2,0.0,2,C,4
48,3,0.0,1,B,2
48,4,1.0,1,B,1
48,5,0.0,1,B,0
48,6,0.0,3,D,0
48,7,0.0,2,C,4
48,8,1.0,2,C,2
48,9,1.0,2,C,2
48,10,0.0,4,E,0
48,11,0.0,3,D,0
48,12,1.0,4,E,4
48,13,1.0,1,B,1
48,14,1.0,3,D,3
48,15,1.0,3,D,3
48,16,1.0,2,C,2
48,17,0.0,1,B,3
48,18,1.0,4,E,4
48,19,1.0,0,A,0
48,20,1.0,4,E,4
48,21,0.0,0,A,2
48,22,1.0,1,B,1
48,23,0.0,2,C,1
48,24,0.0,2,C,3
48,25,1.0,1,B,1
48,26,0.0,2,C,3
48,27,1.0,0,A,0
48,28,0.0,1,B,0
48,29,0.0,1,B,2
48,30,1.0,3,D,3
48,31,0.0,1,B,4
48,32,0.0,1,B,0
48,33,1.0,0,A,0
48,34,0.0,3,D,4
48,35,0.0,3,D,1
48,36,0.0,3,D,4
48,37,0.0,1,B,0
48,38,0.0,3,D,1
48,39,0.0,1,B,3
48,40,0.0,4,E,0
48,41,0.0,1,B,3
48,42,0.0,1,B,3
48,43,0.0,1,B,3
48,44,0.0,3,D,1
48,45,0.0,1,B,3
48,46,1.0,1,B,1
48,47,1.0,2,C,2
48,48,1.0,1,B,1
48,49,1.0,3,D,3
48,50,0.0,1,B,4
48,51,0.0,0,A,1
48,52,0.0,1,B,0
48,53,1.0,3,D,3
48,54,1.0,2,C,2
48,55,0.0,2,C,1
48,56,0.0,1,B,2
48,57,0.0,1,B,4
48,58,0.0,2,C,0
48,59,1.0,1,B,1
48,60,1.0,0,A,0
48,61,1.0,0,A,0
48,62,1.0,1,B,1
48,63,0.0,4,E,2
48,64,0.0,1,B,4
48,65,1.0,3,D,3
48,66,0.0,2,C,0
48,67,0.0,0,A,4
48,68,0.0,0,A,4
48,69,1.0,2,C,2
48,70,1.0,1,B,1
48,71,0.0,4,E,2
48,72,1.0,1,B,1
48,73,0.0,1,B,4
48,74,1.0,0,A,0
48,75,1.0,2,C,2
48,76,0.0,1,B,4
48,77,0.0,1,B,2
48,78,0.0,0,A,4
48,79,0.0,3,D,1
48,80,0.0,0,A,4
48,81,0.0,3,D,2
48,82,0.0,2,C,4
48,83,1.0,3,D,3
48,84,0.0,2,C,3
48,85,1.0,1,B,1
48,86,0.0,2,C,4
48,87,0.0,4,E,2
48,88,0.0,0,A,1
48,89,0.0,0,A,4
48,90,0.0,3,D,1
48,91,1.0,1,B,1
48,92,0.0,2,C,1
48,93,1.0,0,A,0
48,94,0.0,1,B,0
48,95,0.0,1,B,2
48,96,0.0,3,D,0
48,97,0.0,3,D,2
48,98,1.0,3,D,3
48,99,1.0,3,D,3
48,100,0.0,2,C,1
48,101,0.0,1,B,2
48,102,1.0,1,B,1
48,103,1.0,1,B,1
48,104,0.0,2,C,3
48,105,0.0,2,C,4
48,106,0.0,1,B,0
48,107,1.0,1,B,1
48,108,0.0,1,B,3
48,109,0.0,3,D,1
48,110,0.0,3,D,2
48,111,1.0,3,D,3
48,112,1.0,1,B,1
48,113,0.0,1,B,2
48,114,1.0,2,C,2
48,115,0.0,2,C,4
48,116,1.0,2,C,2
48,117,1.0,1,B,1
48,118,1.0,3,D,3
48,119,0.0,1,B,2
48,120,0.0,4,E,1
48,121,1.0,2,C,2
48,122,0.0,1,B,3
48,123,0.0,1,B,3
48,124,1.0,3,D,3
48,125,1.0,4,E,4
48,126,0.0,2,C,4
48,127,1.0,3,D,3
48,128,1.0,4,E,4
48,129,0.0,0,A,1
48,130,1.0,4,E,4
48,131,0.0,1,B,3
48,132,1.0,3,D,3
48,133,0.0,1,B,0
48,134,0.0,3,D,1
48,135,0.0,3,D,4
48,136,0.0,2,C,4
48,137,0.0,3,D,1
48,138,1.0,1,B,1
48,139,1.0,4,E,4
48,140,1.0,4,E,4
48,141,0.0,0,A,3
48,142,0.0,1,B,0
48,143,0.0,3,D,4
48,144,0.0,0,A,3
48,145,1.0,1,B,1
48,146,0.0,1,B,2
48,147,0.0,0,A,1
48,148,0.0,0,A,4
48,149,0.0,0,A,4
48,150,1.0,1,B,1
48,151,0.0,1,B,2
48,152,0.0,2,C,3
48,153,1.0,2,C,2
48,154,0.0,0,A,3
48,155,0.0,1,B,2
48,156,0.0,1,B,4
48,157,1.0,2,C,2
48,158,1.0,3,D,3
48,159,1.0,0,A,0
48,160,0.0,0,A,4
48,161,1.0,3,D,3
48,162,0.0,3,D,4
48,163,1.0,3,D,3
48,164,0.0,1,B,4
48,165,0.0,1,B,0
48,166,0.0,0,A,4
48,167,0.0,1,B,3
48,168,0.0,1,B,2
48,169,0.0,1,B,0
48,170,1.0,3,D,3
48,171,1.0,1,B,1
48,172,1.0,3,D,3
48,173,0.0,1,B,3
48,174,0.0,2,C,4
48,175,0.0,4,E,3
48,176,0.0,1,B,2
48,177,1.0,4,E,4
48,178,0.0,3,D,2
48,179,1.0,0,A,0
48,180,1.0,0,A,0
48,181,0.0,1,B,4
48,182,0.0,4,E,0
48,183,1.0,1,B,1
48,184,0.0,2,C,1
48,185,0.0,3,D,0
48,186,0.0,2,C,4
48,187,0.0,0,A,3
48,188,0.0,2,C,1
48,189,0.0,4,E,0
48,190,1.0,3,D,3
48,191,0.0,1,B,2
48,192,0.0,3,D,0
48,193,0.0,1,B,2
48,194,0.0,1,B,4
48,195,0.0,2,C,3
48,196,0.0,2,C,1
48,197,0.0,1,B,3
48,198,0.0,1,B,4
48,199,0.0,0,A,2
48,200,1.0,4,E,4
48,201,1.0,1,B,1
48,202,1.0,3,D,3
48,203,1.0,3,D,3
48,204,0.0,3,D,0
48,205,1.0,3,D,3
48,206,0.0,3,D,0
48,207,0.0,0,A,3
48,208,0.0,2,C,4
48,209,0.0,3,D,2
48,210,1.0,3,D,3
48,211,1.0,1,B,1
52,0,0.0,2,C,1
52,1,0.0,2,C,1
52,2,0.0,2,C,4
52,3,0.0,1,B,2
52,4,1.0,1,B,1
52,5,0.0,1,B,0
52,6,0.0,3,D,0
52,7,0.0,2,C,4
52,8,1.0,2,C,2
52,9,1.0,2,C,2
52,10,0.0,4,E,0
52,11,0.0,3,D,0
52,12,1.0,4,E,4
52,13,1.0,1,B,1
52,14,1.0,3,D,3
52,15,0.0,4,E,3
52,16,1.0,2,C,2
52,17,0.0,1,B,3
52,18,1.0,4,E,4
52,19,1.0,0,A,0
52,20,1.0,4,E,4
52,21,0.0,0,A,2
52,22,1.0,1,B,1
52,23,0.0,2,C,1
52,24,0.0,2,C,3
52,25,1.0,1,B,1
52,26,0.0,2,C,3
52,27,1.0,0,A,0
52,28,0.0,1,B,0
52,29,0.0,1,B,2
52,30,1.0,3,D,3
52,31,0.0,1,B,4
52,32,0.0,1,B,0
52,33,1.0,0,A,0
52,34,0.0,3,D,4
52,35,0.0,3,D,1
52,36,0.0,3,D,4
52,37,0.0,1,B,0
52,38,0.0,3,D,1
52,39,0.0,1,B,3
52,40,0.0,4,E,0
52,41,0.0,1,B,3
52,42,0.0,1,B,3
52,43,0.0,1,B,3
52,44,0.0,3,D,1
52,45,0.0,1,B,3
52,46,1.0,1,B,1
52,47,1.0,2,C,2
52,48,1.0,1,B,1
52,49,1.0,3,D,3
52,50,0.0,1,B,4
52,51,0.0,0,A,1
52,52,0.0,1,B,0
52,53,1.0,3,D,3
52,54,1.0,2,C,2
52,55,0.0,2,C,1
52,56,0.0,1,B,2
52,57,0.0,1,B,4
52,58,0.0,2,C,0
52,59,1.0,1,B,1
52,60,1.0,0,A,0
52,61,1.0,0,A,0
52,62,1.0,1,B,1
52,63,0.0,4,E,2
52,64,0.0,1,B,4
52,65,1.0,3,D,3
52,66,0.0,2,C,0
52,67,0.0,0,A,4
52,68,0.0,0,A,4
52,69,1.0,2,C,2
52,70,1.0,1,B,1
52,71,0.0,4,E,2
52,72,1.0,1,B,1
52,73,0.0,1,B,4
52,74,1.0,0,A,0
52,75,1.0,2,C,2
52,76,0.0,1,B,4
52,77,0.0,1,B,2
52,78,0.0,0,A,4
52,79,0.0,3,D,1
52,80,0.0,0,A,4
52,81,0.0,3,D,2
52,82,0.0,2,C,4
52,83,1.0,3,D,3
52,84,0.0,2,C,3
52,85,1.0,1,B,1
52,86,0.0,2,C,4
52,87,0.0,4,E,2
52,88,0.0,0,A,1
52,89,0.0,1,B,4
52,90,0.0,3,D,1
52,91,1.0,1,B,1
52,92,0.0,2,C,1
52,93,1.0,0,A,0
52,94,0.0,1,B,0
52,95,0.0,1,B,2
52,96,0.0,3,D,0
52,97,0.0,3,D,2
52,98,1.0,3,D,3
52,99,1.0,3,D,3
52,100,0.0,2,C,1
52,101,0.0,1,B,2
52,102,1.0,1,B,1
52,103,1.0,1,B,1
52,104,0.0,2,C,3
52,105,0.0,2,C,4
52,106,0.0,1,B,0
52,107,1.0,1,B,1
52,108,0.0,1,B,3
52,109,0.0,3,D,1
52,110,0.0,3,D,2
52,111,1.0,3,D,3
52,112,1.0,1,B,1
52,113,0.0,1,B,2
52,114,1.0,2,C,2
52,115,0.0,2,C,4
52,116,1.0,2,C,2
52,117,0.0,2,C,1
52,118,1.0,3,D,3
52,119,0.0,1,B,2
52,120,0.0,4,E,1
52,121,1.0,2,C,2
52,122,0.0,1,B,3
52,123,0.0,1,B,3
52,124,1.0,3,D,3
52,125,1.0,4,E,4
52,126,0.0,2,C,4
52,127,1.0,3,D,3
52,128,1.0,4,E,4
52,129,0.0,0,A,1
52,130,1.0,4,E,4
52,131,0.0,1,B,3
52,132,1.0,3,D,3
52,133,0.0,1,B,0
52,134,0.0,3,D,1
52,135,0.0,3,D,4
52,136,0.0,2,C,4
52,137,0.0,3,D,1
52,138,1.0,1,B,1
52,139,1.0,4,E,4
52,140,1.0,4,E,4
52,141,0.0,0,A,3
52,142,0.0,1,B,0
52,143,0.0,3,D,4
52,144,0.0,0,A,3
52,145,1.0,1,B,1
52,146,0.0,1,B,2
52,147,0.0,0,A,1
52,148,0.0,0,A,4
52,149,0.0,1,B,4
52,150,1.0,1,B,1
52,151,0.0,1,B,2
52,152,0.0,2,C,3
52,153,1.0,2,C,2
52,154,0.0,0,A,3
52,155,0.0,1,B,2
52,156,0.0,1,B,4
52,157,1.0,2,C,2
52,158,1.0,3,D,3
52,159,1.0,0,A,0
52,160,0.0,0,A,4
52,161,1.0,3,D,3
52,162,0.0,3,D,4
52,163,1.0,3,D,3
52,164,0.0,1,B,4
52,165,0.0,1,B,0
52,166,0.0,0,A,4
52,167,0.0,1,B,3
52,168,0.0,1,B,2
52,169,0.0,1,B,0
52,170,1.0,3,D,3
52,171,1.0,1,B,1
52,172,1.0,3,D,3
52,173,0.0,1,B,3
52,174,0.0,2,C,4
52,175,0.0,4,E,3
52,176,0.0,1,B,2
52,177,1.0,4,E,4
52,178,0.0,3,D,2
52,179,1.0,0,A,0
52,180,1.0,0,A,0
52,181,0.0,1,B,4
52,182,0.0,4,E,0
52,183,1.0,1,B,1
52,184,0.0,2,C,1
52,185,0.0,3,D,0
52,186,0.0,2,C,4
52,187,0.0,0,A,3
52,188,0.0,2,C,1
52,189,0.0,4,E,0
52,190,1.0,3,D,3
52,191,0.0,1,B,2
52,192,0.0,3,D,0
52,193,0.0,1,B,2
52,194,0.0,1,B,4
52,195,0.0,2,C,3
52,196,0.0,2,C,1
52,197,0.0,1,B,3
52,198,0.0,1,B,4
52,199,0.0,0,A,2
52,200,1.0,4,E,4
52,201,1.0,1,B,1
52,202,1.0,3,D,3
52,203,1.0,3,D,3
52,204,0.0,3,D,0
52,205,1.0,3,D,3
52,206,0.0,3,D,0
52,207,0.0,0,A,3
52,208,0.0,2,C,4
52,209,0.0,3,D,2
52,210,1.0,3,D,3
52,211,1.0,1,B,1
56,0,0.0,2,C,1
56,1,0.0,2,C,1
56,2,0.0,2,C,4
56,3,0.0,1,B,2
56,4,1.0,1,B,1
56,5,0.0,1,B,0
56,6,0.0,3,D,0
56,7,0.0,2,C,4
56,8,1.0,2,C,2
56,9,1.0,2,C,2
56,10,0.0,4,E,0
56,11,0.0,3,D,0
56,12,1.0,4,E,4
56,13,1.0,1,B,1
56,14,1.0,3,D,3
56,15,0.0,4,E,3
56,16,1.0,2,C,2
56,17,0.0,1,B,3
56,18,1.0,4,E,4
56,19,1.0,0,A,0
56,20,1.0,4,E,4
56,21,0.0,0,A,2
56,22,1.0,1,B,1
56,23,0.0,2,C,1
56,24,0.0,2,C,3
56,25,1.0,1,B,1
56,26,0.0,2,C,3
56,27,1.0,0,A,0
56,28,0.0,1,B,0
56,29,0.0,1,B,2
56,30,1.0,3,D,3
56,31,0.0,1,B,4
56,32,0.0,1,B,0
56,33,1.0,0,A,0
56,34,0.0,3,D,4
56,35,0.0,3,D,1
56,36,0.0,3,D,4
56,37,0.0,1,B,0
56,38,0.0,3,D,1
56,39,0.0,1,B,3
56,40,0.0,4,E,0
56,41,0.0,1,B,3
56,42,0.0,1,B,3
56,43,0.0,1,B,3
56,44,0.0,3,D,1
56,45,0.0,1,B,3
56,46,1.0,1,B,1
56,47,1.0,2,C,2
56,48,1.0,1,B,1
56,49,1.0,3,D,3
56,50,0.0,1,B,4
56,51,0.0,0,A,1
56,52,0.0,1,B,0
56,53,1.0,3,D,3
56,54,1.0,2,C,2
56,55,0.0,2,C,1
56,56,0.0,1,B,2
56,57,0.0,1,B,4
56,58,0.0,2,C,0
56,59,1.0,1,B,1
56,60,1.0,0,A,0
56,61,1.0,0,A,0
56,62,1.0,1,B,1
56,63,0.0,4,E,2
56,64,0.0,1,B,4
56,65,1.0,3,D,3
56,66,0.0,2,C,0
56,67,0.0,0,A,4
56,68,0.0,0,A,4
56,69,1.0,2,C,2
56,70,1.0,1,B,1
56,71,0.0,4,E,2
56,72,1.0,1,B,1
56,73,0.0,1,B,4
56,74,1.0,0,A,0
56,75,1.0,2,C,2
56,76,0.0,1,B,4
56,77,0.0,1,B,2
56,78,0.0,0,A,4
56,79,0.0,3,D,1
56,80,0.0,0,A,4
56,81,0.0,3,D,2
56,82,0.0,2,C,4
56,83,1.0,3,D,3
56,84,1.0,3,D,3
56,85,1.0,1,B,1
56,86,0.0,2,C,4
56,87,0.0,4,E,2
56,88,0.0,0,A,1
56,89,0.0,1,B,4
56,90,0.0,3,D,1
56,91,1.0,1,B,1
56,92,0.0,2,C,1
56,93,1.0,0,A,0
56,94,0.0,1,B,0
56,95,0.0,1,B,2
56,96,0.0,3,D,0
56,97,0.0,3,D,2
56,98,1.0,3,D,3
56,99,1.0,3,D,3
56,100,0.0,2,C,1
56,101,0.0,1,B,2
56,102,1.0,1,B,1
56,103,1.0,1,B,1
56,104,0.0,2,C,3
56,105,0.0,2,C,4
56,106,0.0,1,B,0
56,107,1.0,1,B,1
56,108,0.0,1,B,3
56,109,0.0,3,D,1
56,110,0.0,3,D,2
56,111,0.0,1,B,3
56,112,1.0,1,B,1
56,113,0.0,1,B,2
56,114,1.0,2,C,2
56,115,0.0,2,C,4
56,116,1.0,2,C,2
56,117,0.0,2,C,1
56,118,1.0,3,D,3
56,119,0.0,1,B,2
56,120,0.0,4,E,1
56,121,1.0,2,C,2
56,122,0.0,1,B,3
56,123,0.0,1,B,3
56,124,1.0,3,D,3
56,125,1.0,4,E,4
56,126,0.0,2,C,4
56,127,1.0,3,D,3
56,128,1.0,4,E,4
56,129,0.0,0,A,1
56,130,1.0,4,E,4
56,131,0.0,1,B,3
56,132,1.0,3,D,3
56,133,0.0,1,B,0
56,134,0.0,3,D,1
56,135,0.0,3,D,4
56,136,0.0,2,C,4
56,137,0.0,3,D,1
56,138,1.0,1,B,1
56,139,1.0,4,E,4
56,140,1.0,4,E,4
56,141,0.0,0,A,3
56,142,0.0,1,B,0
56,143,0.0,3,D,4
56,144,0.0,0,A,3
56,145,1.0,1,B,1
56,146,0.0,1,B,2
56,147,0.0,0,A,1
56,148,0.0,0,A,4
56,149,0.0,1,B,4
56,150,1.0,1,B,1
56,151,0.0,1,B,2
56,152,0.0,2,C,3
56,153,1.0,2,C,2
56,154,0.0,0,A,3
56,155,0.0,1,B,2
56,156,0.0,1,B,4
56,157,0.0,3,D,2
56,158,1.0,3,D,3
56,159,1.0,0,A,0
56,160,0.0,0,A,4
56,161,1.0,3,D,3
56,162,0.0,3,D,4
56,163,1.0,3,D,3
56,164,0.0,1,B,4
56,165,0.0,1,B,0
56,166,0.0,0,A,4
56,167,0.0,1,B,3
56,168,0.0,1,B,2
56,169,0.0,1,B,0
56,170,1.0,3,D,3
56,171,1.0,1,B,1
56,172,1.0,3,D,3
56,173,0.0,1,B,3
56,174,0.0,2,C,4
56,175,0.0,4,E,3
56,176,0.0,1,B,2
56,177,1.0,4,E,4
56,178,0.0,3,D,2
56,179,1.0,0,A,0
56,180,1.0,0,A,0
56,181,0.0,1,B,4
56,182,0.0,4,E,0
56,183,1.0,1,B,1
56,184,0.0,2,C,1
56,185,0.0,3,D,0
56,186,0.0,2,C,4
56,187,0.0,0,A,3
56,188,0.0,2,C,1
56,189,0.0,4,E,0
56,190,1.0,3,D,3
56,191,0.0,1,B,2
56,192,0.0,3,D,0
56,193,0.0,1,B,2
56,194,0.0,1,B,4
56,195,0.0,2,C,3
56,196,0.0,2,C,1
56,197,0.0,1,B,3
56,198,0.0,1,B,4
56,199,0.0,0,A,2
56,200,1.0,4,E,4
56,201,1.0,1,B,1
56,202,1.0,3,D,3
56,203,1.0,3,D,3
56,204,0.0,3,D,0
56,205,1.0,3,D,3
56,206,0.0,3,D,0
56,207,0.0,0,A,3
56,208,0.0,2,C,4
56,209,0.0,3,D,2
56,210,1.0,3,D,3
56,211,1.0,1,B,1
60,0,0.0,2,C,1
60,1,0.0,2,C,1
60,2,0.0,2,C,4
60,3,0.0,1,B,2
60,4,1.0,1,B,1
60,5,0.0,1,B,0
60,6,0.0,3,D,0
60,7,0.0,2,C,4
60,8,1.0,2,C,2
60,9,1.0,2,C,2
60,10,0.0,4,E,0
60,11,0.0,3,D,0
60,12,1.0,4,E,4
60,13,1.0,1,B,1
60,14,1.0,3,D,3
60,15,1.0,3,D,3
60,16,1.0,2,C,2
60,17,0.0,1,B,3
60,18,1.0,4,E,4
60,19,1.0,0,A,0
60,20,1.0,4,E,4
60,21,0.0,0,A,2
60,22,1.0,1,B,1
60,23,0.0,2,C,1
60,24,0.0,2,C,3
60,25,1.0,1,B,1
60,26,0.0,2,C,3
60,27,1.0,0,A,0
60,28,0.0,1,B,0
60,29,0.0,1,B,2
60,30,1.0,3,D,3
60,31,0.0,1,B,4
60,32,0.0,1,B,0
60,33,1.0,0,A,0
60,34,0.0,3,D,4
60,35,0.0,3,D,1
60,36,0.0,3,D,4
60,37,0.0,1,B,0
60,38,0.0,3,D,1
60,39,0.0,1,B,3
60,40,0.0,4,E,0
60,41,0.0,1,B,3
60,42,0.0,1,B,3
60,43,0.0,1,B,3
60,44,0.0,3,D,1
60,45,0.0,1,B,3
60,46,1.0,1,B,1
60,47,1.0,2,C,2
60,48,1.0,1,B,1
60,49,1.0,3,D,3
60,50,0.0,1,B,4
60,51,0.0,0,A,1
60,52,0.0,1,B,0
60,53,1.0,3,D,3
60,54,1.0,2,C,2
60,55,0.0,2,C,1
60,56,0.0,1,B,2
60,57,0.0,1,B,4
60,58,0.0,2,C,0
60,59,1.0,1,B,1
60,60,1.0,0,A,0
60,61,1.0,0,A,0
60,62,1.0,1,B,1
60,63,0.0,4,E,2
60,64,0.0,1,B,4
60,65,1.0,3,D,3
60,66,0.0,2,C,0
60,67,0.0,0,A,4
60,68,0.0,0,A,4
60,69,1.0,2,C,2
60,70,1.0,1,B,1
60,71,0.0,4,E,2
60,72,1.0,1,B,1
60,73,0.0,1,B,4
60,74,1.0,0,A,0
60,75,1.0,2,C,2
60,76,0.0,1,B,4
60,77,0.0,1,B,2
60,78,0.0,0,A,4
60,79,0.0,3,D,1
60,80,0.0,0,A,4
60,81,0.0,3,D,2
60,82,0.0,2,C,4
60,83,1.0,3,D,3
60,84,0.0,2,C,3
60,85,1.0,1,B,1
60,86,0.0,2,C,4
60,87,0.0,4,E,2
60,88,0.0,0,A,1
60,89,0.0,1,B,4
60,90,0.0,3,D,1
60,91,1.0,1,B,1
60,92,0.0,2,C,1
60,93,1.0,0,A,0
60,94,0.0,1,B,0
60,95,0.0,1,B,2
60,96,1.0,0,A,0
60,97,0.0,3,D,2
60,98,1.0,3,D,3
60,99,1.0,3,D,3
60,100,0.0,2,C,1
60,101,0.0,1,B,2
60,102,1.0,1,B,1
60,103,1.0,1,B,1
60,104,0.0,2,C,3
60,105,0.0,2,C,4
60,106,0.0,1,B,0
60,107,1.0,1,B,1
60,108,0.0,2,C,3
60,109,0.0,3,D,1
60,110,0.0,3,D,2
60,111,0.0,1,B,3
60,112,1.0,1,B,1
60,113,0.0,1,B,2
60,114,1.0,2,C,2
60,115,0.0,2,C,4
60,116,1.0,2,C,2
60,117,0.0,2,C,1
60,118,1.0,3,D,3
60,119,0.0,1,B,2
60,120,0.0,4,E,1
60,121,1.0,2,C,2
60,122,0.0,1,B,3
60,123,0.0,1,B,3
60,124,1.0,3,D,3
60,125,1.0,4,E,4
60,126,0.0,2,C,4
60,127,1.0,3,D,3
60,128,1.0,4,E,4
60,129,0.0,0,A,1
60,130,1.0,4,E,4
60,131,0.0,1,B,3
60,132,1.0,3,D,3
60,133,0.0,1,B,0
60,134,0.0,3,D,1
60,135,0.0,3,D,4
60,136,0.0,2,C,4
60,137,0.0,3,D,1
60,138,1.0,1,B,1
60,139,1.0,4,E,4
60,140,1.0,4,E,4
60,141,0.0,0,A,3
60,142,0.0,1,B,0
60,143,0.0,3,D,4
60,144,0.0,0,A,3
60,145,1.0,1,B,1
60,146,0.0,1,B,2
60,147,0.0,0,A,1
60,148,0.0,0,A,4
60,149,0.0,1,B,4
60,150,1.0,1,B,1
60,151,0.0,1,B,2
60,152,0.0,2,C,3
60,153,1.0,2,C,2
60,154,0.0,0,A,3
60,155,0.0,1,B,2
60,156,0.0,1,B,4
60,157,0.0,3,D,2
60,158,1.0,3,D,3
60,159,1.0,0,A,0
60,160,0.0,3,D,4
60,161,1.0,3,D,3
60,162,0.0,3,D,4
60,163,1.0,3,D,3
60,164,0.0,1,B,4
60,165,0.0,1,B,0
60,166,0.0,0,A,4
60,167,0.0,1,B,3
60,168,0.0,1,B,2
60,169,0.0,1,B,0
60,170,1.0,3,D,3
60,171,1.0,1,B,1
60,172,1.0,3,D,3
60,173,0.0,1,B,3
60,174,0.0,2,C,4
60,175,0.0,4,E,3
60,176,0.0,1,B,2
60,177,1.0,4,E,4
60,178,0.0,3,D,2
60,179,1.0,0,A,0
60,180,1.0,0,A,0
60,181,0.0,1,B,4
60,182,0.0,4,E,0
60,183,1.0,1,B,1
60,184,0.0,2,C,1
60,185,0.0,3,D,0
60,186,0.0,2,C,4
60,187,0.0,0,A,3
60,188,0.0,2,C,1
60,189,0.0,4,E,0
60,190,1.0,3,D,3
60,191,0.0,1,B,2
60,192,0.0,3,D,0
60,193,0.0,1,B,2
60,194,0.0,1,B,4
60,195,0.0,2,C,3
60,196,0.0,2,C,1
60,197,0.0,1,B,3
60,198,0.0,0,A,4
60,199,0.0,0,A,2
60,200,1.0,4,E,4
60,201,1.0,1,B,1
60,202,1.0,3,D,3
60,203,1.0,3,D,3
60,204,0.0,3,D,0
60,205,1.0,3,D,3
60,206,0.0,3,D,0
60,207,0.0,0,A,3
60,208,0.0,2,C,4
60,209,0.0,3,D,2
60,210,1.0,3,D,3
60,211,1.0,1,B,1
64,0,0.0,2,C,1
64,1,0.0,2,C,1
64,2,0.0,2,C,4
64,3,0.0,1,B,2
64,4,1.0,1,B,1
64,5,0.0,1,B,0
64,6,0.0,3,D,0
64,7,0.0,2,C,4
64,8,1.0,2,C,2
64,9,1.0,2,C,2
64,10,0.0,4,E,0
64,11,0.0,3,D,0
64,12,1.0,4,E,4
64,13,1.0,1,B,1
64,14,1.0,3,D,3
64,15,1.0,3,D,3
64,16,1.0,2,C,2
64,17,0.0,1,B,3
64,18,1.0,4,E,4
64,19,1.0,0,A,0
64,20,1.0,4,E,4
64,21,0.0,0,A,2
64,22,1.0,1,B,1
64,23,0.0,2,C,1
64,24,0.0,2,C,3
64,25,0.0,0,A,1
64,26,0.0,2,C,3
64,27,1.0,0,A,0
64,28,0.0,1,B,0
64,29,0.0,1,B,2
64,30,1.0,3,D,3
64,31,0.0,1,B,4
64,32,0.0,1,B,0
64,33,1.0,0,A,0
64,34,0.0,3,D,4
64,35,0.0,3,D,1
64,36,0.0,3,D,4
64,37,0.0,1,B,0
64,38,0.0,3,D,1
64,39,0.0,1,B,3
64,40,0.0,4,E,0
64,41,0.0,1,B,3
64,42,0.0,1,B,3
64,43,0.0,1,B,3
64,44,0.0,3,D,1
64,45,0.0,1,B,3
64,46,1.0,1,B,1
64,47,1.0,2,C,2
64,48,1.0,1,B,1
64,49,1.0,3,D,3
64,50,0.0,1,B,4
64,51,0.0,0,A,1
64,52,0.0,1,B,0
64,53,1.0,3,D,3
64,54,1.0,2,C,2
64,55,0.0,2,C,1
64,56,0.0,1,B,2
64,57,0.0,1,B,4
64,58,0.0,2,C,0
64,59,1.0,1,B,1
64,60,1.0,0,A,0
64,61,1.0,0,A,0
64,62,1.0,1,B,1
64,63,0.0,4,E,2
64,64,0.0,1,B,4
64,65,1.0,3,D,3
64,66,0.0,2,C,0
64,67,0.0,0,A,4
64,68,0.0,0,A,4
64,69,1.0,2,C,2
64,70,1.0,1,B,1
64,71,0.0,4,E,2
64,72,1.0,1,B,1
64,73,0.0,1,B,4
64,74,1.0,0,A,0
64,75,1.0,2,C,2
64,76,0.0,1,B,4
64,77,0.0,1,B,2
64,78,0.0,0,A,4
64,79,0.0,3,D,1
64,80,0.0,0,A,4
64,81,0.0,3,D,2
64,82,0.0,2,C,4
64,83,1.0,3,D,3
64,84,0.0,2,C,3
64,85,1.0,1,B,1
64,86,0.0,2,C,4
64,87,0.0,4,E,2
64,88,0.0,0,A,1
64,89,0.0,1,B,4
64,90,0.0,3,D,1
64,91,1.0,1,B,1
64,92,0.0,2,C,1
64,93,1.0,0,A,0
64,94,0.0,1,B,0
64,95,0.0,1,B,2
64,96,1.0,0,A,0
64,97,0.0,3,D,2
64,98,1.0,3,D,3
64,99,1.0,3,D,3
64,100,0.0,2,C,1
64,101,0.0,1,B,2
64,102,1.0,1,B,1
64,103,1.0,1,B,1
64,104,0.0,2,C,3
64,105,0.0,2,C,4
64,106,0.0,1,B,0
64,107,1.0,1,B,1
64,108,0.0,1,B,3
64,109,0.0,3,D,1
64,110,0.0,3,D,2
64,111,0.0,1,B,3
64,112,1.0,1,B,1
64,113,0.0,1,B,2
64,114,1.0,2,C,2
64,115,0.0,2,C,4
64,116,1.0,2,C,2
64,117,0.0,2,C,1
64,118,1.0,3,D,3
64,119,0.0,1,B,2
64,120,0.0,4,E,1
64,121,1.0,2,C,2
64,122,0.0,1,B,3
64,123,0.0,1,B,3
64,124,1.0,3,D,3
64,125,1.0,4,E,4
64,126,0.0,2,C,4
64,127,1.0,3,D,3
64,128,1.0,4,E,4
64,129,0.0,0,A,1
64,130,1.0,4,E,4
64,131,0.0,1,B,3
64,132,1.0,3,D,3
64,133,0.0,1,B,0
64,134,0.0,3,D,1
64,135,0.0,3,D,4
64,136,0.0,2,C,4
64,137,0.0,3,D,1
64,138,1.0,1,B,1
64,139,1.0,4,E,4
64,140,1.0,4,E,4
64,141,0.0,0,A,3
64,142,0.0,1,B,0
64,143,0.0,3,D,4
64,144,0.0,0,A,3
64,145,1.0,1,B,1
64,146,0.0,1,B,2
64,147,0.0,0,A,1
64,148,0.0,0,A,4
64,149,0.0,1,B,4
64,150,1.0,1,B,1
64,151,0.0,1,B,2
64,152,0.0,2,C,3
64,153,1.0,2,C,2
64,154,0.0,0,A,3
64,155,0.0,3,D,2
64,156,0.0,1,B,4
64,157,0.0,3,D,2
64,158,1.0,3,D,3
64,159,1.0,0,A,0
64,160,0.0,3,D,4
64,161,1.0,3,D,3
64,162,0.0,3,D,4
64,163,1.0,3,D,3
64,164,0.0,1,B,4
64,165,0.0,1,B,0
64,166,0.0,0,A,4
64,167,0.0,1,B,3
64,168,0.0,1,B,2
64,169,0.0,1,B,0
64,170,1.0,3,D,3
64,171,1.0,1,B,1
64,172,1.0,3,D,3
64,173,0.0,1,B,3
64,174,0.0,2,C,4
64,175,0.0,4,E,3
64,176,0.0,1,B,2
64,177,1.0,4,E,4
64,178,0.0,3,D,2
64,179,1.0,0,A,0
64,180,1.0,0,A,0
64,181,0.0,1,B,4
64,182,0.0,4,E,0
64,183,1.0,1,B,1
64,184,0.0,2,C,1
64,185,0.0,3,D,0
64,186,0.0,2,C,4
64,187,0.0,0,A,3
64,188,0.0,2,C,1
64,189,0.0,4,E,0
64,190,1.0,3,D,3
64,191,0.0,1,B,2
64,192,0.0,3,D,0
64,193,1.0,2,C,2
64,194,0.0,1,B,4
64,195,0.0,2,C,3
64,196,0.0,2,C,1
64,197,0.0,1,B,3
64,198,0.0,0,A,4
64,199,0.0,0,A,2
64,200,1.0,4,E,4
64,201,1.0,1,B,1
64,202,1.0,3,D,3
64,203,1.0,3,D,3
64,204,0.0,3,D,0
64,205,1.0,3,D,3
64,206,0.0,3,D,0
64,207,0.0,0,A,3
64,208,0.0,2,C,4
64,209,0.0,3,D,2
64,210,1.0,3,D,3
64,211,1.0,1,B,1
68,0,0.0,2,C,1
68,1,0.0,2,C,1
68,2,0.0,2,C,4
68,3,0.0,1,B,2
68,4,1.0,1,B,1
68,5,0.0,1,B,0
68,6,0.0,3,D,0
68,7,0.0,2,C,4
68,8,1.0,2,C,2
68,9,1.0,2,C,2
68,10,0.0,4,E,0
68,11,0.0,3,D,0
68,12,1.0,4,E,4
68,13,1.0,1,B,1
68,14,1.0,3,D,3
68,15,1.0,3,D,3
68,16,1.0,2,C,2
68,17,0.0,1,B,3
68,18,1.0,4,E,4
68,19,1.0,0,A,0
68,20,1.0,4,E,4
68,21,0.0,0,A,2
68,22,1.0,1,B,1
68,23,0.0,2,C,1
68,24,0.0,2,C,3
68,25,0.0,0,A,1
68,26,0.0,2,C,3
68,27,1.0,0,A,0
68,28,0.0,1,B,0
68,29,0.0,1,B,2
68,30,1.0,3,D,3
68,31,0.0,1,B,4
68,32,0.0,1,B,0
68,33,1.0,0,A,0
68,34,0.0,3,D,4
68,35,0.0,3,D,1
68,36,0.0,3,D,4
68,37,0.0,1,B,0
68,38,0.0,3,D,1
68,39,0.0,1,B,3
68,40,0.0,4,E,0
68,41,0.0,1,B,3
68,42,0.0,1,B,3
68,43,0.0,1,B,3
68,44,0.0,3,D,1
68,45,0.0,1,B,3
68,46,1.0,1,B,1
68,47,1.0,2,C,2
68,48,1.0,1,B,1
68,49,1.0,3,D,3
68,50,0.0,1,B,4
68,51,0.0,0,A,1
68,52,0.0,1,B,0
68,53,1.0,3,D,3
68,54,1.0,2,C,2
68,55,0.0,2,C,1
68,56,0.0,1,B,2
68,57,0.0,1,B,4
68,58,0.0,2,C,0
68,59,1.0,1,B,1
68,60,1.0,0,A,0
68,61,1.0,0,A,0
68,62,1.0,1,B,1
68,63,0.0,4,E,2
68,64,0.0,1,B,4
68,65,1.0,3,D,3
68,66,0.0,2,C,0
68,67,0.0,0,A,4
68,68,0.0,0,A,4
68,69,1.0,2,C,2
68,70,1.0,1,B,1
68,71,0.0,4,E,2
68,72,1.0,1,B,1
68,73,0.0,1,B,4
68,74,1.0,0,A,0
68,75,1.0,2,C,2
68,76,0.0,1,B,4
68,77,0.0,1,B,2
68,78,0.0,0,A,4
68,79,0.0,3,D,1
68,80,0.0,0,A,4
68,81,0.0,3,D,2
68,82,0.0,2,C,4
68,83,1.0,3,D,3
68,84,0.0,2,C,3
68,85,1.0,1,B,1
68,86,0.0,2,C,4
68,87,0.0,4,E,2
68,88,0.0,0,A,1
68,89,0.0,1,B,4
68,90,0.0,3,D,1
68,91,1.0,1,B,1
68,92,0.0,2,C,1
68,93,1.0,0,A,0
68,94,0.0,1,B,0
68,95,0.0,1,B,2
68,96,1.0,0,A,0
68,97,0.0,3,D,2
68,98,1.0,3,D,3
68,99,1.0,3,D,3
68,100,0.0,2,C,1
68,101,1.0,2,C,2
68,102,1.0,1,B,1
68,103,1.0,1,B,1
68,104,0.0,2,C,3
68,105,0.0,2,C,4
68,106,0.0,1,B,0
68,107,1.0,1,B,1
68,108,0.0,1,B,3
68,109,0.0,3,D,1
68,110,0.0,3,D,2
68,111,0.0,1,B,3
68,112,1.0,1,B,1
68,113,0.0,1,B,2
68,114,1.0,2,C,2
68,115,0.0,2,C,4
68,116,1.0,2,C,2
68,117,0.0,2,C,1
68,118,1.0,3,D,3
68,119,0.0,1,B,2
68,120,0.0,4,E,1
68,121,1.0,2,C,2
68,122,0.0,1,B,3
68,123,0.0,1,B,3
68,124,1.0,3,D,3
68,125,1.0,4,E,4
68,126,0.0,2,C,4
68,127,1.0,3,D,3
68,128,1.0,4,E,4
68,129,0.0,0,A,1
68,130,1.0,4,E,4
68,131,0.0,1,B,3
68,132,1.0,3,D,3
68,133,0.0,1,B,0
68,134,0.0,3,D,1
68,135,0.0,3,D,4
68,136,0.0,2,C,4
68,137,0.0,3,D,1
68,138,1.0,1,B,1
68,139,1.0,4,E,4
68,140,1.0,4,E,4
68,141,0.0,0,A,3
68,142,0.0,1,B,0
68,143,0.0,3,D,4
68,144,0.0,0,A,3
68,145,1.0,1,B,1
68,146,0.0,1,B,2
68,147,0.0,0,A,1
68,148,0.0,0,A,4
68,149,0.0,1,B,4
68,150,1.0,1,B,1
68,151,0.0,1,B,2
68,152,0.0,2,C,3
68,153,1.0,2,C,2
68,154,0.0,0,A,3
68,155,0.0,3,D,2
68,156,0.0,1,B,4
68,157,0.0,3,D,2
68,158,1.0,3,D,3
68,159,1.0,0,A,0
68,160,0.0,3,D,4
68,161,1.0,3,D,3
68,162,0.0,3,D,4
68,163,1.0,3,D,3
68,164,0.0,1,B,4
68,165,0.0,1,B,0
68,166,0.0,0,A,4
68,167,0.0,1,B,3
68,168,0.0,1,B,2
68,169,0.0,1,B,0
68,170,1.0,3,D,3
68,171,1.0,1,B,1
68,172,1.0,3,D,3
68,173,0.0,1,B,3
68,174,0.0,2,C,4
68,175,0.0,4,E,3
68,176,0.0,1,B,2
68,177,1.0,4,E,4
68,178,0.0,3,D,2
68,179,1.0,0,A,0
68,180,1.0,0,A,0
68,181,0.0,1,B,4
68,182,0.0,4,E,0
68,183,1.0,1,B,1
68,184,0.0,2,C,1
68,185,0.0,3,D,0
68,186,0.0,2,C,4
68,187,0.0,0,A,3
68,188,0.0,2,C,1
68,189,0.0,4,E,0
68,190,1.0,3,D,3
68,191,0.0,1,B,2
68,192,0.0,3,D,0
68,193,1.0,2,C,2
68,194,0.0,1,B,4
68,195,0.0,2,C,3
68,196,0.0,2,C,1
68,197,0.0,1,B,3
68,198,0.0,0,A,4
68,199,0.0,0,A,2
68,200,1.0,4,E,4
68,201,1.0,1,B,1
68,202,1.0,3,D,3
68,203,1.0,3,D,3
68,204,0.0,3,D,0
68,205,1.0,3,D,3
68,206,0.0,3,D,0
68,207,0.0,0,A,3
68,208,0.0,2,C,4
68,209,0.0,3,D,2
68,210,1.0,3,D,3
68,211,1.0,1,B,1
72,0,0.0,2,C,1
72,1,0.0,2,C,1
72,2,0.0,2,C,4
72,3,0.0,1,B,2
72,4,1.0,1,B,1
72,5,0.0,1,B,0
72,6,0.0,3,D,0
72,7,0.0,2,C,4
72,8,1.0,2,C,2
72,9,1.0,2,C,2
72,10,0.0,4,E,0
72,11,0.0,3,D,0
72,12,1.0,4,E,4
72,13,1.0,1,B,1
72,14,1.0,3,D,3
72,15,0.0,4,E,3
72,16,1.0,2,C,2
72,17,0.0,1,B,3
72,18,1.0,4,E,4
72,19,1.0,0,A,0
72,20,0.0,0,A,4
72,21,0.0,0,A,2
72,22,1.0,1,B,1
72,23,0.0,2,C,1
72,24,0.0,2,C,3
72,25,0.0,0,A,1
72,26,0.0,2,C,3
72,27,1.0,0,A,0
72,28,0.0,1,B,0
72,29,0.0,1,B,2
72,30,1.0,3,D,3
72,31,0.0,1,B,4
72,32,0.0,1,B,0
72,33,1.0,0,A,0
72,34,0.0,3,D,4
72,35,0.0,3,D,1
72,36,0.0,3,D,4
72,37,0.0,1,B,0
72,38,0.0,3,D,1
72,39,0.0,1,B,3
72,40,0.0,4,E,0
72,41,0.0,1,B,3
72,42,0.0,1,B,3
72,43,0.0,1,B,3
72,44,0.0,3,D,1
72,45,0.0,1,B,3
72,46,1.0,1,B,1
72,47,1.0,2,C,2
72,48,1.0,1,B,1
72,49,1.0,3,D,3
72,50,0.0,1,B,4
72,51,0.0,0,A,1
72,52,0.0,2,C,0
72,53,1.0,3,D,3
72,54,1.0,2,C,2
72,55,0.0,2,C,1
72,56,0.0,1,B,2
72,57,0.0,1,B,4
72,58,0.0,2,C,0
72,59,1.0,1,B,1
72,60,1.0,0,A,0
72,61,1.0,0,A,0
72,62,1.0,1,B,1
72,63,0.0,4,E,2
72,64,0.0,1,B,4
72,65,1.0,3,D,3
72,66,0.0,2,C,0
72,67,0.0,0,A,4
72,68,0.0,0,A,4
72,69,0.0,0,A,2
72,70,1.0,1,B,1
72,71,0.0,4,E,2
72,72,1.0,1,B,1
72,73,0.0,1,B,4
72,74,1.0,0,A,0
72,75,1.0,2,C,2
72,76,0.0,0,A,4
72,77,0.0,1,B,2
72,78,0.0,0,A,4
72,79,0.0,3,D,1
72,80,0.0,0,A,4
72,81,0.0,3,D,2
72,82,0.0,2,C,4
72,83,1.0,3,D,3
72,84,0.0,2,C,3
72,85,1.0,1,B,1
72,86,1.0,4,E,4
72,87,0.0,4,E,2
72,88,0.0,0,A,1
72,89,1.0,4,E,4
72,90,0.0,3,D,1
72,91,1.0,1,B,1
72,92,0.0,2,C,1
72,93,1.0,0,A,0
72,94,0.0,1,B,0
72,95,0.0,1,B,2
72,96,1.0,0,A,0
72,97,0.0,3,D,2
72,98,1.0,3,D,3
72,99,1.0,3,D,3
72,100,0.0,2,C,1
72,101,1.0,2,C,2
72,102,1.0,1,B,1
72,103,1.0,1,B,1
72,104,0.0,2,C,3
72,105,0.0,2,C,4
72,106,0.0,1,B,0
72,107,1.0,1,B,1
72,108,0.0,1,B,3
72,109,0.0,3,D,1
72,110,0.0,3,D,2
72,111,0.0,1,B,3
72,112,1.0,1,B,1
72,113,0.0,1,B,2
72,114,1.0,2,C,2
72,115,0.0,2,C,4
72,116,1.0,2,C,2
72,117,0.0,2,C,1
72,118,1.0,3,D,3
72,119,0.0,1,B,2
72,120,0.0,4,E,1
72,121,1.0,2,C,2
72,122,0.0,1,B,3
72,123,0.0,1,B,3
72,124,1.0,3,D,3
72,125,1.0,4,E,4
72,126,0.0,2,C,4
72,127,1.0,3,D,3
72,128,1.0,4,E,4
72,129,0.0,0,A,1
72,130,1.0,4,E,4
72,131,0.0,1,B,3
72,132,1.0,3,D,3
72,133,0.0,1,B,0
72,134,0.0,3,D,1
72,135,0.0,3,D,4
72,136,0.0,2,C,4
72,137,0.0,3,D,1
72,138,1.0,1,B,1
72,139,1.0,4,E,4
72,140,1.0,4,E,4
72,141,0.0,0,A,3
72,142,0.0,1,B,0
72,143,0.0,3,D,4
72,144,0.0,0,A,3
72,145,1.0,1,B,1
72,146,0.0,1,B,2
72,147,0.0,0,A,1
72,148,0.0,0,A,4
72,149,0.0,1,B,4
72,150,1.0,1,B,1
72,151,0.0,1,B,2
72,152,0.0,2,C,3
72,153,1.0,2,C,2
72,154,0.0,0,A,3
72,155,0.0,1,B,2
72,156,0.0,1,B,4
72,157,0.0,3,D,2
72,158,1.0,3,D,3
72,159,1.0,0,A,0
72,160,0.0,3,D,4
72,161,1.0,3,D,3
72,162,0.0,3,D,4
72,163,1.0,3,D,3
72,164,0.0,1,B,4
72,165,0.0,1,B,0
72,166,0.0,0,A,4
72,167,0.0,1,B,3
72,168,0.0,1,B,2
72,169,0.0,1,B,0
72,170,1.0,3,D,3
72,171,1.0,1,B,1
72,172,1.0,3,D,3
72,173,0.0,1,B,3
72,174,0.0,2,C,4
72,175,0.0,4,E,3
72,176,0.0,1,B,2
72,177,1.0,4,E,4
72,178,0.0,3,D,2
72,179,1.0,0,A,0
72,180,1.0,0,A,0
72,181,0.0,1,B,4
72,182,0.0,4,E,0
72,183,1.0,1,B,1
72,184,0.0,2,C,1
72,185,0.0,3,D,0
72,186,0.0,2,C,4
72,187,0.0,0,A,3
72,188,0.0,2,C,1
72,189,0.0,4,E,0
72,190,1.0,3,D,3
72,191,0.0,1,B,2
72,192,0.0,3,D,0
72,193,1.0,2,C,2
72,194,0.0,1,B,4
72,195,0.0,2,C,3
72,196,0.0,2,C,1
72,197,0.0,1,B,3
72,198,0.0,0,A,4
72,199,0.0,0,A,2
72,200,1.0,4,E,4
72,201,1.0,1,B,1
72,202,1.0,3,D,3
72,203,1.0,3,D,3
72,204,0.0,3,D,0
72,205,1.0,3,D,3
72,206,0.0,3,D,0
72,207,0.0,0,A,3
72,208,0.0,2,C,4
72,209,0.0,3,D,2
72,210,1.0,3,D,3
72,211,1.0,1,B,1
76,0,0.0,2,C,1
76,1,0.0,2,C,1
76,2,0.0,2,C,4
76,3,0.0,1,B,2
76,4,1.0,1,B,1
76,5,0.0,1,B,0
76,6,0.0,3,D,0
76,7,0.0,2,C,4
76,8,1.0,2,C,2
76,9,1.0,2,C,2
76,10,0.0,4,E,0
76,11,0.0,3,D,0
76,12,1.0,4,E,4
76,13,1.0,1,B,1
76,14,1.0,3,D,3
76,15,1.0,3,D,3
76,16,1.0,2,C,2
76,17,0.0,1,B,3
76,18,1.0,4,E,4
76,19,1.0,0,A,0
76,20,0.0,0,A,4
76,21,0.0,0,A,2
76,22,1.0,1,B,1
76,23,0.0,2,C,1
76,24,0.0,2,C,3
76,25,0.0,0,A,1
76,26,0.0,2,C,3
76,27,1.0,0,A,0
76,28,0.0,1,B,0
76,29,0.0,1,B,2
76,30,1.0,3,D,3
76,31,0.0,1,B,4
76,32,0.0,1,B,0
76,33,1.0,0,A,0
76,34,0.0,3,D,4
76,35,0.0,3,D,1
76,36,0.0,3,D,4
76,37,0.0,1,B,0
76,38,0.0,3,D,1
76,39,0.0,1,B,3
76,40,0.0,4,E,0
76,41,0.0,1,B,3
76,42,0.0,1,B,3
76,43,0.0,1,B,3
76,44,0.0,3,D,1
76,45,0.0,1,B,3
76,46,1.0,1,B,1
76,47,1.0,2,C,2
76,48,1.0,1,B,1
76,49,1.0,3,D,3
76,50,0.0,1,B,4
76,51,1.0,1,B,1
76,52,0.0,2,C,0
76,53,1.0,3,D,3
76,54,1.0,2,C,2
76,55,0.0,2,C,1
76,56,0.0,1,B,2
76,57,0.0,1,B,4
76,58,0.0,2,C,0
76,59,1.0,1,B,1
76,60,1.0,0,A,0
76,61,1.0,0,A,0
76,62,1.0,1,B,1
76,63,0.0,4,E,2
76,64,0.0,1,B,4
76,65,1.0,3,D,3
76,66,0.0,2,C,0
76,67,0.0,0,A,4
76,68,0.0,0,A,4
76,69,0.0,0,A,2
76,70,1.0,1,B,1
76,71,0.0,4,E,2
76,72,1.0,1,B,1
76,73,0.0,1,B,4
76,74,1.0,0,A,0
76,75,1.0,2,C,2
76,76,0.0,1,B,4
76,77,0.0,1,B,2
76,78,0.0,0,A,4
76,79,0.0,3,D,1
76,80,0.0,0,A,4
76,81,0.0,3,D,2
76,82,0.0,2,C,4
76,83,1.0,3,D,3
76,84,0.0,2,C,3
76,85,1.0,1,B,1
76,86,1.0,4,E,4
76,87,0.0,4,E,2
76,88,0.0,0,A,1
76,89,1.0,4,E,4
76,90,0.0,3,D,1
76,91,1.0,1,B,1
76,92,0.0,2,C,1
76,93,1.0,0,A,0
76,94,0.0,1,B,0
76,95,0.0,1,B,2
76,96,1.0,0,A,0
76,97,0.0,3,D,2
76,98,1.0,3,D,3
76,99,1.0,3,D,3
76,100,0.0,2,C,1
76,101,0.0,1,B,2
76,102,1.0,1,B,1
76,103,1.0,1,B,1
76,104,0.0,2,C,3
76,105,0.0,2,C,4
76,106,0.0,1,B,0
76,107,1.0,1,B,1
76,108,0.0,1,B,3
76,109,0.0,3,D,1
76,110,0.0,3,D,2
76,111,0.0,1,B,3
76,112,1.0,1,B,1
76,113,0.0,1,B,2
76,114,1.0,2,C,2
76,115,0.0,2,C,4
76,116,1.0,2,C,2
76,117,0.0,2,C,1
76,118,1.0,3,D,3
76,119,0.0,1,B,2
76,120,0.0,4,E,1
76,121,1.0,2,C,2
76,122,0.0,1,B,3
76,123,0.0,1,B,3
76,124,1.0,3,D,3
76,125,1.0,4,E,4
76,126,0.0,2,C,4
76,127,1.0,3,D,3
76,128,1.0,4,E,4
76,129,0.0,0,A,1
76,130,1.0,4,E,4
76,131,0.0,1,B,3
76,132,1.0,3,D,3
76,133,0.0,1,B,0
76,134,0.0,3,D,1
76,135,0.0,3,D,4
76,136,0.0,2,C,4
76,137,0.0,4,E,1
76,138,1.0,1,B,1
76,139,1.0,4,E,4
76,140,1.0,4,E,4
76,141,0.0,0,A,3
76,142,0.0,1,B,0
76,143,0.0,3,D,4
76,144,0.0,0,A,3
76,145,1.0,1,B,1
76,146,0.0,1,B,2
76,147,0.0,0,A,1
76,148,0.0,0,A,4
76,149,0.0,1,B,4
76,150,1.0,1,B,1
76,151,0.0,1,B,2
76,152,0.0,2,C,3
76,153,1.0,2,C,2
76,154,0.0,0,A,3
76,155,0.0,1,B,2
76,156,0.0,1,B,4
76,157,1.0,2,C,2
76,158,1.0,3,D,3
76,159,1.0,0,A,0
76,160,0.0,0,A,4
76,161,1.0,3,D,3
76,162,0.0,3,D,4
76,163,1.0,3,D,3
76,164,0.0,1,B,4
76,165,0.0,1,B,0
76,166,0.0,0,A,4
76,167,0.0,1,B,3
76,168,0.0,1,B,2
76,169,0.0,1,B,0
76,170,1.0,3,D,3
76,171,1.0,1,B,1
76,172,1.0,3,D,3
76,173,0.0,1,B,3
76,174,0.0,2,C,4
76,175,0.0,4,E,3
76,176,0.0,1,B,2
76,177,1.0,4,E,4
76,178,0.0,3,D,2
76,179,1.0,0,A,0
76,180,1.0,0,A,0
76,181,0.0,1,B,4
76,182,0.0,4,E,0
76,183,1.0,1,B,1
76,184,0.0,2,C,1
76,185,0.0,3,D,0
76,186,0.0,2,C,4
76,187,0.0,0,A,3
76,188,0.0,2,C,1
76,189,0.0,4,E,0
76,190,1.0,3,D,3
76,191,0.0,1,B,2
76,192,0.0,3,D,0
76,193,0.0,1,B,2
76,194,0.0,1,B,4
76,195,0.0,2,C,3
76,196,0.0,2,C,1
76,197,0.0,1,B,3
76,198,0.0,1,B,4
76,199,0.0,0,A,2
76,200,1.0,4,E,4
76,201,1.0,1,B,1
76,202,1.0,3,D,3
76,203,1.0,3,D,3
76,204,0.0,3,D,0
76,205,1.0,3,D,3
76,206,0.0,3,D,0
76,207,0.0,0,A,3
76,208,0.0,2,C,4
76,209,0.0,3,D,2
76,210,1.0,3,D,3
76,211,1.0,1,B,1
80,0,0.0,2,C,1
80,1,0.0,2,C,1
80,2,0.0,2,C,4
80,3,0.0,1,B,2
80,4,1.0,1,B,1
80,5,0.0,1,B,0
80,6,0.0,3,D,0
80,7,0.0,2,C,4
80,8,1.0,2,C,2
80,9,1.0,2,C,2
80,10,0.0,4,E,0
80,11,0.0,3,D,0
80,12,1.0,4,E,4
80,13,1.0,1,B,1
80,14,1.0,3,D,3
80,15,0.0,4,E,3
80,16,1.0,2,C,2
80,17,0.0,1,B,3
80,18,1.0,4,E,4
80,19,1.0,0,A,0
80,20,0.0,3,D,4
80,21,0.0,0,A,2
80,22,1.0,1,B,1
80,23,0.0,2,C,1
80,24,0.0,2,C,3
80,25,0.0,0,A,1
80,26,0.0,2,C,3
80,27,1.0,0,A,0
80,28,0.0,1,B,0
80,29,0.0,1,B,2
80,30,1.0,3,D,3
80,31,0.0,1,B,4
80,32,0.0,1,B,0
80,33,1.0,0,A,0
80,34,0.0,3,D,4
80,35,0.0,3,D,1
80,36,0.0,3,D,4
80,37,0.0,1,B,0
80,38,0.0,3,D,1
80,39,0.0,1,B,3
80,40,0.0,4,E,0
80,41,0.0,1,B,3
80,42,0.0,1,B,3
80,43,0.0,1,B,3
80,44,0.0,3,D,1
80,45,0.0,2,C,3
80,46,1.0,1,B,1
80,47,1.0,2,C,2
80,48,1.0,1,B,1
80,49,1.0,3,D,3
80,50,0.0,1,B,4
80,51,1.0,1,B,1
80,52,0.0,2,C,0
80,53,1.0,3,D,3
80,54,1.0,2,C,2
80,55,0.0,2,C,1
80,56,0.0,1,B,2
80,57,0.0,1,B,4
80,58,0.0,2,C,0
80,59,1.0,1,B,1
80,60,1.0,0,A,0
80,61,1.0,0,A,0
80,62,1.0,1,B,1
80,63,0.0,4,E,2
80,64,0.0,1,B,4
80,65,1.0,3,D,3
80,66,0.0,2,C,0
80,67,0.0,0,A,4
80,68,0.0,0,A,4
80,69,0.0,0,A,2
80,70,1.0,1,B,1
80,71,0.0,4,E,2
80,72,1.0,1,B,1
80,73,0.0,1,B,4
80,74,1.0,0,A,0
80,75,1.0,2,C,2
80,76,0.0,1,B,4
80,77,0.0,1,B,2
80,78,0.0,0,A,4
80,79,0.0,3,D,1
80,80,0.0,0,A,4
80,81,0.0,3,D,2
80,82,0.0,2,C,4
80,83,1.0,3,D,3
80,84,0.0,2,C,3
80,85,1.0,1,B,1
80,86,1.0,4,E,4
80,87,0.0,4,E,2
80,88,0.0,0,A,1
80,89,1.0,4,E,4
80,90,0.0,3,D,1
80,91,1.0,1,B,1
80,92,0.0,2,C,1
80,93,1.0,0,A,0
80,94,0.0,1,B,0
80,95,0.0,1,B,2
80,96,1.0,0,A,0
80,97,0.0,3,D,2
80,98,1.0,3,D,3
80,99,1.0,3,D,3
80,100,0.0,2,C,1
80,101,0.0,1,B,2
80,102,1.0,1,B,1
80,103,1.0,1,B,1
80,104,0.0,2,C,3
80,105,0.0,2,C,4
80,106,0.0,1,B,0
80,107,1.0,1,B,1
80,108,0.0,1,B,3
80,109,0.0,3,D,1
80,110,0.0,3,D,2
80,111,0.0,1,B,3
80,112,1.0,1,B,1
80,113,0.0,1,B,2
80,114,1.0,2,C,2
80,115,0.0,2,C,4
80,116,1.0,2,C,2
80,117,0.0,2,C,1
80,118,1.0,3,D,3
80,119,0.0,1,B,2
80,120,0.0,4,E,1
80,121,1.0,2,C,2
80,122,0.0,1,B,3
80,123,0.0,1,B,3
80,124,1.0,3,D,3
80,125,1.0,4,E,4
80,126,0.0,2,C,4
80,127,1.0,3,D,3
80,128,1.0,4,E,4
80,129,0.0,0,A,1
80,130,1.0,4,E,4
80,131,0.0,1,B,3
80,132,1.0,3,D,3
80,133,0.0,1,B,0
80,134,0.0,3,D,1
80,135,0.0,3,D,4
80,136,0.0,2,C,4
80,137,0.0,3,D,1
80,138,1.0,1,B,1
80,139,1.0,4,E,4
80,140,1.0,4,E,4
80,141,0.0,0,A,3
80,142,0.0,1,B,0
80,143,0.0,3,D,4
80,144,0.0,0,A,3
80,145,1.0,1,B,1
80,146,0.0,1,B,2
80,147,0.0,0,A,1
80,148,0.0,0,A,4
80,149,0.0,1,B,4
80,150,1.0,1,B,1
80,151,0.0,1,B,2
80,152,0.0,2,C,3
80,153,1.0,2,C,2
80,154,0.0,0,A,3
80,155,0.0,1,B,2
80,156,0.0,1,B,4
80,157,1.0,2,C,2
80,158,1.0,3,D,3
80,159,1.0,0,A,0
80,160,0.0,3,D,4
80,161,1.0,3,D,3
80,162,0.0,3,D,4
80,163,1.0,3,D,3
80,164,0.0,1,B,4
80,165,0.0,1,B,0
80,166,0.0,0,A,4
80,167,0.0,1,B,3
80,168,0.0,1,B,2
80,169,0.0,1,B,0
80,170,1.0,3,D,3
80,171,1.0,1,B,1
80,172,1.0,3,D,3
80,173,0.0,1,B,3
80,174,0.0,2,C,4
80,175,0.0,4,E,3
80,176,0.0,1,B,2
80,177,1.0,4,E,4
80,178,0.0,3,D,2
80,179,1.0,0,A,0
80,180,1.0,0,A,0
80,181,0.0,1,B,4
80,182,0.0,4,E,0
80,183,1.0,1,B,1
80,184,0.0,2,C,1
80,185,0.0,3,D,0
80,186,0.0,1,B,4
80,187,0.0,0,A,3
80,188,0.0,2,C,1
80,189,0.0,4,E,0
80,190,1.0,3,D,3
80,191,0.0,1,B,2
80,192,0.0,3,D,0
80,193,0.0,1,B,2
80,194,0.0,1,B,4
80,195,0.0,2,C,3
80,196,0.0,2,C,1
80,197,0.0,1,B,3
80,198,0.0,0,A,4
80,199,0.0,0,A,2
80,200,1.0,4,E,4
80,201,1.0,1,B,1
80,202,1.0,3,D,3
80,203,1.0,3,D,3
80,204,0.0,3,D,0
80,205,1.0,3,D,3
80,206,0.0,3,D,0
80,207,0.0,0,A,3
80,208,0.0,2,C,4
80,209,0.0,3,D,2
80,210,1.0,3,D,3
80,211,1.0,1,B,1
84,0,0.0,2,C,1
84,1,0.0,2,C,1
84,2,0.0,2,C,4
84,3,0.0,1,B,2
84,4,1.0,1,B,1
84,5,0.0,1,B,0
84,6,0.0,3,D,0
84,7,0.0,2,C,4
84,8,1.0,2,C,2
84,9,1.0,2,C,2
84,10,0.0,4,E,0
84,11,0.0,3,D,0
84,12,1.0,4,E,4
84,13,1.0,1,B,1
84,14,1.0,3,D,3
84,15,0.0,4,E,3
84,16,1.0,2,C,2
84,17,0.0,1,B,3
84,18,1.0,4,E,4
84,19,1.0,0,A,0
84,20,0.0,0,A,4
84,21,0.0,0,A,2
84,22,1.0,1,B,1
84,23,0.0,2,C,1
84,24,0.0,2,C,3
84,25,0.0,0,A,1
84,26,0.0,2,C,3
84,27,1.0,0,A,0
84,28,0.0,1,B,0
84,29,0.0,1,B,2
84,30,1.0,3,D,3
84,31,0.0,1,B,4
84,32,0.0,1,B,0
84,33,1.0,0,A,0
84,34,0.0,3,D,4
84,35,0.0,3,D,1
84,36,0.0,3,D,4
84,37,0.0,1,B,0
84,38,0.0,3,D,1
84,39,0.0,1,B,3
84,40,0.0,4,E,0
84,41,0.0,1,B,3
84,42,0.0,1,B,3
84,43,0.0,1,B,3
84,44,0.0,3,D,1
84,45,0.0,2,C,3
84,46,1.0,1,B,1
84,47,1.0,2,C,2
84,48,1.0,1,B,1
84,49,1.0,3,D,3
84,50,0.0,1,B,4
84,51,1.0,1,B,1
84,52,0.0,2,C,0
84,53,1.0,3,D,3
84,54,1.0,2,C,2
84,55,0.0,2,C,1
84,56,0.0,1,B,2
84,57,0.0,1,B,4
84,58,0.0,2,C,0
84,59,1.0,1,B,1
84,60,1.0,0,A,0
84,61,1.0,0,A,0
84,62,1.0,1,B,1
84,63,0.0,4,E,2
84,64,0.0,1,B,4
84,65,1.0,3,D,3
84,66,0.0,2,C,0
84,67,0.0,0,A,4
84,68,0.0,0,A,4
84,69,0.0,0,A,2
84,70,1.0,1,B,1
84,71,0.0,4,E,2
84,72,1.0,1,B,1
84,73,0.0,1,B,4
84,74,1.0,0,A,0
84,75,1.0,2,C,2
84,76,0.0,0,A,4
84,77,0.0,1,B,2
84,78,0.0,0,A,4
84,79,0.0,3,D,1
84,80,0.0,0,A,4
84,81,0.0,3,D,2
84,82,0.0,2,C,4
84,83,1.0,3,D,3
84,84,0.0,2,C,3
84,85,1.0,1,B,1
84,86,0.0,2,C,4
84,87,0.0,4,E,2
84,88,0.0,0,A,1
84,89,1.0,4,E,4
84,90,0.0,3,D,1
84,91,1.0,1,B,1
84,92,0.0,2,C,1
84,93,1.0,0,A,0
84,94,0.0,1,B,0
84,95,0.0,1,B,2
84,96,1.0,0,A,0
84,97,0.0,3,D,2
84,98,1.0,3,D,3
84,99,1.0,3,D,3
84,100,0.0,2,C,1
84,101,0.0,1,B,2
84,102,1.0,1,B,1
84,103,1.0,1,B,1
84,104,0.0,2,C,3
84,105,0.0,2,C,4
84,106,0.0,1,B,0
84,107,1.0,1,B,1
84,108,0.0,1,B,3
84,109,0.0,3,D,1
84,110,0.0,3,D,2
84,111,0.0,1,B,3
84,112,1.0,1,B,1
84,113,0.0,1,B,2
84,114,1.0,2,C,2
84,115,0.0,2,C,4
84,116,1.0,2,C,2
84,117,0.0,2,C,1
84,118,1.0,3,D,3
84,119,0.0,1,B,2
84,120,0.0,4,E,1
84,121,1.0,2,C,2
84,122,0.0,1,B,3
84,123,0.0,1,B,3
84,124,1.0,3,D,3
84,125,1.0,4,E,4
84,126,0.0,2,C,4
84,127,1.0,3,D,3
84,128,1.0,4,E,4
84,129,0.0,0,A,1
84,130,1.0,4,E,4
84,131,0.0,1,B,3
84,132,1.0,3,D,3
84,133,0.0,1,B,0
84,134,0.0,3,D,1
84,135,0.0,3,D,4
84,136,0.0,2,C,4
84,137,0.0,3,D,1
84,138,1.0,1,B,1
84,139,1.0,4,E,4
84,140,1.0,4,E,4
84,141,0.0,0,A,3
84,142,0.0,1,B,0
84,143,0.0,3,D,4
84,144,0.0,0,A,3
84,145,1.0,1,B,1
84,146,0.0,1,B,2
84,147,0.0,0,A,1
84,148,0.0,0,A,4
84,149,0.0,1,B,4
84,150,1.0,1,B,1
84,151,0.0,1,B,2
84,152,0.0,2,C,3
84,153,1.0,2,C,2
84,154,0.0,0,A,3
84,155,0.0,1,B,2
84,156,0.0,1,B,4
84,157,0.0,3,D,2
84,158,1.0,3,D,3
84,159,1.0,0,A,0
84,160,0.0,3,D,4
84,161,1.0,3,D,3
84,162,0.0,3,D,4
84,163,1.0,3,D,3
84,164,0.0,1,B,4
84,165,0.0,1,B,0
84,166,0.0,0,A,4
84,167,0.0,1,B,3
84,168,0.0,1,B,2
84,169,0.0,1,B,0
84,170,1.0,3,D,3
84,171,1.0,1,B,1
84,172,1.0,3,D,3
84,173,0.0,1,B,3
84,174,0.0,2,C,4
84,175,0.0,4,E,3
84,176,0.0,1,B,2
84,177,1.0,4,E,4
84,178,0.0,3,D,2
84,179,1.0,0,A,0
84,180,1.0,0,A,0
84,181,0.0,1,B,4
84,182,0.0,4,E,0
84,183,1.0,1,B,1
84,184,0.0,2,C,1
84,185,0.0,3,D,0
84,186,0.0,2,C,4
84,187,0.0,0,A,3
84,188,0.0,2,C,1
84,189,0.0,4,E,0
84,190,1.0,3,D,3
84,191,0.0,1,B,2
84,192,0.0,3,D,0
84,193,0.0,1,B,2
84,194,0.0,1,B,4
84,195,0.0,2,C,3
84,196,0.0,2,C,1
84,197,0.0,1,B,3
84,198,0.0,1,B,4
84,199,0.0,0,A,2
84,200,1.0,4,E,4
84,201,1.0,1,B,1
84,202,1.0,3,D,3
84,203,1.0,3,D,3
84,204,0.0,3,D,0
84,205,1.0,3,D,3
84,206,0.0,3,D,0
84,207,0.0,0,A,3
84,208,0.0,2,C,4
84,209,0.0,3,D,2
84,210,1.0,3,D,3
84,211,1.0,1,B,1
88,0,0.0,2,C,1
88,1,0.0,2,C,1
88,2,0.0,2,C,4
88,3,0.0,1,B,2
88,4,1.0,1,B,1
88,5,0.0,1,B,0
88,6,0.0,3,D,0
88,7,0.0,2,C,4
88,8,1.0,2,C,2
88,9,1.0,2,C,2
88,10,0.0,4,E,0
88,11,0.0,3,D,0
88,12,1.0,4,E,4
88,13,1.0,1,B,1
88,14,1.0,3,D,3
88,15,0.0,4,E,3
88,16,1.0,2,C,2
88,17,0.0,1,B,3
88,18,1.0,4,E,4
88,19,1.0,0,A,0
88,20,0.0,0,A,4
88,21,0.0,0,A,2
88,22,1.0,1,B,1
88,23,0.0,2,C,1
88,24,0.0,2,C,3
88,25,0.0,0,A,1
88,26,0.0,2,C,3
88,27,1.0,0,A,0
88,28,0.0,1,B,0
88,29,0.0,1,B,2
88,30,1.0,3,D,3
88,31,0.0,1,B,4
88,32,0.0,1,B,0
88,33,1.0,0,A,0
88,34,0.0,3,D,4
88,35,0.0,3,D,1
88,36,0.0,3,D,4
88,37,0.0,1,B,0
88,38,0.0,3,D,1
88,39,0.0,1,B,3
88,40,0.0,4,E,0
88,41,0.0,1,B,3
88,42,0.0,1,B,3
88,43,0.0,1,B,3
88,44,0.0,3,D,1
88,45,0.0,2,C,3
88,46,1.0,1,B,1
88,47,1.0,2,C,2
88,48,1.0,1,B,1
88,49,1.0,3,D,3
88,50,0.0,1,B,4
88,51,1.0,1,B,1
88,52,0.0,2,C,0
88,53,1.0,3,D,3
88,54,1.0,2,C,2
88,55,0.0,2,C,1
88,56,0.0,1,B,2
88,57,0.0,1,B,4
88,58,0.0,2,C,0
88,59,1.0,1,B,1
88,60,1.0,0,A,0
88,61,1.0,0,A,0
88,62,1.0,1,B,1
88,63,0.0,4,E,2
88,64,0.0,1,B,4
88,65,1.0,3,D,3
88,66,0.0,2,C,0
88,67,0.0,0,A,4
88,68,0.0,0,A,4
88,69,0.0,0,A,2
88,70,1.0,1,B,1
88,71,0.0,4,E,2
88,72,1.0,1,B,1
88,73,0.0,1,B,4
88,74,1.0,0,A,0
88,75,1.0,2,C,2
88,76,0.0,1,B,4
88,77,0.0,1,B,2
88,78,0.0,0,A,4
88,79,0.0,3,D,1
88,80,0.0,0,A,4
88,81,0.0,3,D,2
88,82,0.0,2,C,4
88,83,1.0,3,D,3
88,84,0.0,2,C,3
88,85,1.0,1,B,1
88,86,1.0,4,E,4
88,87,0.0,4,E,2
88,88,0.0,0,A,1
88,89,1.0,4,E,4
88,90,0.0,3,D,1
88,91,1.0,1,B,1
88,92,0.0,2,C,1
88,93,1.0,0,A,0
88,94,0.0,1,B,0
88,95,0.0,1,B,2
88,96,1.0,0,A,0
88,97,0.0,3,D,2
88,98,1.0,3,D,3
88,99,1.0,3,D,3
88,100,0.0,2,C,1
88,101,0.0,1,B,2
88,102,1.0,1,B,1
88,103,1.0,1,B,1
88,104,0.0,2,C,3
88,105,0.0,2,C,4
88,106,0.0,1,B,0
88,107,1.0,1,B,1
88,108,0.0,1,B,3
88,109,0.0,3,D,1
88,110,0.0,3,D,2
88,111,0.0,1,B,3
88,112,1.0,1,B,1
88,113,0.0,1,B,2
88,114,1.0,2,C,2
88,115,0.0,2,C,4
88,116,1.0,2,C,2
88,117,0.0,2,C,1
88,118,1.0,3,D,3
88,119,0.0,1,B,2
88,120,0.0,4,E,1
88,121,1.0,2,C,2
88,122,0.0,1,B,3
88,123,0.0,1,B,3
88,124,1.0,3,D,3
88,125,1.0,4,E,4
88,126,0.0,2,C,4
88,127,1.0,3,D,3
88,128,1.0,4,E,4
88,129,0.0,0,A,1
88,130,1.0,4,E,4
88,131,0.0,1,B,3
88,132,1.0,3,D,3
88,133,0.0,1,B,0
88,134,0.0,3,D,1
88,135,0.0,3,D,4
88,136,0.0,2,C,4
88,137,0.0,4,E,1
88,138,1.0,1,B,1
88,139,1.0,4,E,4
88,140,1.0,4,E,4
88,141,0.0,0,A,3
88,142,0.0,1,B,0
88,143,0.0,3,D,4
88,144,0.0,0,A,3
88,145,1.0,1,B,1
88,146,0.0,1,B,2
88,147,0.0,0,A,1
88,148,0.0,0,A,4
88,149,0.0,1,B,4
88,150,1.0,1,B,1
88,151,0.0,1,B,2
88,152,0.0,2,C,3
88,153,1.0,2,C,2
88,154,0.0,0,A,3
88,155,0.0,1,B,2
88,156,0.0,1,B,4
88,157,0.0,3,D,2
88,158,1.0,3,D,3
88,159,1.0,0,A,0
88,160,0.0,3,D,4
88,161,1.0,3,D,3
88,162,0.0,3,D,4
88,163,1.0,3,D,3
88,164,0.0,1,B,4
88,165,0.0,1,B,0
88,166,0.0,0,A,4
88,167,0.0,1,B,3
88,168,0.0,1,B,2
88,169,0.0,1,B,0
88,170,1.0,3,D,3
88,171,1.0,1,B,1
88,172,1.0,3,D,3
88,173,0.0,1,B,3
88,174,0.0,2,C,4
88,175,0.0,4,E,3
88,176,0.0,1,B,2
88,177,1.0,4,E,4
88,178,0.0,3,D,2
88,179,1.0,0,A,0
88,180,1.0,0,A,0
88,181,0.0,1,B,4
88,182,0.0,4,E,0
88,183,1.0,1,B,1
88,184,0.0,2,C,1
88,185,0.0,3,D,0
88,186,0.0,1,B,4
88,187,0.0,0,A,3
88,188,0.0,2,C,1
88,189,0.0,4,E,0
88,190,1.0,3,D,3
88,191,0.0,1,B,2
88,192,0.0,3,D,0
88,193,0.0,1,B,2
88,194,0.0,1,B,4
88,195,0.0,2,C,3
88,196,0.0,2,C,1
88,197,0.0,1,B,3
88,198,0.0,0,A,4
88,199,0.0,0,A,2
88,200,1.0,4,E,4
88,201,1.0,1,B,1
88,202,1.0,3,D,3
88,203,1.0,3,D,3
88,204,0.0,3,D,0
88,205,1.0,3,D,3
88,206,0.0,3,D,0
88,207,0.0,0,A,3
88,208,0.0,2,C,4
88,209,0.0,3,D,2
88,210,1.0,3,D,3
88,211,1.0,1,B,1
92,0,0.0,2,C,1
92,1,0.0,2,C,1
92,2,0.0,2,C,4
92,3,0.0,1,B,2
92,4,1.0,1,B,1
92,5,0.0,1,B,0
92,6,0.0,3,D,0
92,7,0.0,2,C,4
92,8,1.0,2,C,2
92,9,1.0,2,C,2
92,10,0.0,4,E,0
92,11,0.0,3,D,0
92,12,1.0,4,E,4
92,13,1.0,1,B,1
92,14,1.0,3,D,3
92,15,1.0,3,D,3
92,16,1.0,2,C,2
92,17,0.0,1,B,3
92,18,1.0,4,E,4
92,19,1.0,0,A,0
92,20,0.0,0,A,4
92,21,0.0,0,A,2
92,22,1.0,1,B,1
92,23,0.0,2,C,1
92,24,0.0,2,C,3
92,25,0.0,0,A,1
92,26,0.0,2,C,3
92,27,1.0,0,A,0
92,28,0.0,1,B,0
92,29,0.0,1,B,2
92,30,1.0,3,D,3
92,31,0.0,1,B,4
92,32,0.0,1,B,0
92,33,1.0,0,A,0
92,34,0.0,3,D,4
92,35,0.0,3,D,1
92,36,0.0,3,D,4
92,37,0.0,1,B,0
92,38,0.0,3,D,1
92,39,0.0,1,B,3
92,40,0.0,4,E,0
92,41,0.0,1,B,3
92,42,0.0,1,B,3
92,43,0.0,1,B,3
92,44,0.0,3,D,1
92,45,0.0,2,C,3
92,46,1.0,1,B,1
92,47,1.0,2,C,2
92,48,1.0,1,B,1
92,49,1.0,3,D,3
92,50,0.0,1,B,4
92,51,1.0,1,B,1
92,52,0.0,2,C,0
92,53,1.0,3,D,3
92,54,1.0,2,C,2
92,55,0.0,2,C,1
92,56,0.0,1,B,2
92,57,0.0,1,B,4
92,58,0.0,2,C,0
92,59,1.0,1,B,1
92,60,1.0,0,A,0
92,61,1.0,0,A,0
92,62,1.0,1,B,1
92,63,0.0,4,E,2
92,64,0.0,1,B,4
92,65,1.0,3,D,3
92,66,0.0,2,C,0
92,67,0.0,0,A,4
92,68,0.0,0,A,4
92,69,0.0,0,A,2
92,70,1.0,1,B,1
92,71,0.0,4,E,2
92,72,1.0,1,B,1
92,73,0.0,1,B,4
92,74,1.0,0,A,0
92,75,1.0,2,C,2
92,76,0.0,0,A,4
92,77,0.0,1,B,2
92,78,0.0,0,A,4
92,79,0.0,3,D,1
92,80,0.0,0,A,4
92,81,0.0,3,D,2
92,82,0.0,2,C,4
92,83,1.0,3,D,3
92,84,0.0,2,C,3
92,85,1.0,1,B,1
92,86,1.0,4,E,4
92,87,0.0,4,E,2
92,88,0.0,0,A,1
92,89,1.0,4,E,4
92,90,0.0,3,D,1
92,91,1.0,1,B,1
92,92,0.0,2,C,1
92,93,1.0,0,A,0
92,94,0.0,1,B,0
92,95,0.0,1,B,2
92,96,1.0,0,A,0
92,97,0.0,3,D,2
92,98,1.0,3,D,3
92,99,1.0,3,D,3
92,100,0.0,2,C,1
92,101,0.0,1,B,2
92,102,1.0,1,B,1
92,103,1.0,1,B,1
92,104,0.0,2,C,3
92,105,0.0,2,C,4
92,106,0.0,1,B,0
92,107,1.0,1,B,1
92,108,0.0,1,B,3
92,109,0.0,3,D,1
92,110,0.0,3,D,2
92,111,0.0,1,B,3
92,112,1.0,1,B,1
92,113,0.0,1,B,2
92,114,1.0,2,C,2
92,115,0.0,2,C,4
92,116,1.0,2,C,2
92,117,0.0,2,C,1
92,118,1.0,3,D,3
92,119,0.0,1,B,2
92,120,0.0,4,E,1
92,121,1.0,2,C,2
92,122,0.0,1,B,3
92,123,0.0,1,B,3
92,124,1.0,3,D,3
92,125,1.0,4,E,4
92,126,0.0,2,C,4
92,127,1.0,3,D,3
92,128,1.0,4,E,4
92,129,0.0,0,A,1
92,130,1.0,4,E,4
92,131,0.0,1,B,3
92,132,1.0,3,D,3
92,133,0.0,1,B,0
92,134,0.0,3,D,1
92,135,0.0,3,D,4
92,136,0.0,2,C,4
92,137,0.0,3,D,1
92,138,1.0,1,B,1
92,139,1.0,4,E,4
92,140,1.0,4,E,4
92,141,0.0,0,A,3
92,142,0.0,1,B,0
92,143,0.0,3,D,4
92,144,0.0,0,A,3
92,145,1.0,1,B,1
92,146,0.0,1,B,2
92,147,0.0,0,A,1
92,148,0.0,0,A,4
92,149,0.0,1,B,4
92,150,1.0,1,B,1
92,151,0.0,1,B,2
92,152,0.0,2,C,3
92,153,1.0,2,C,2
92,154,0.0,0,A,3
92,155,0.0,1,B,2
92,156,0.0,1,B,4
92,157,1.0,2,C,2
92,158,1.0,3,D,3
92,159,1.0,0,A,0
92,160,0.0,3,D,4
92,161,1.0,3,D,3
92,162,0.0,3,D,4
92,163,1.0,3,D,3
92,164,0.0,1,B,4
92,165,0.0,1,B,0
92,166,0.0,0,A,4
92,167,0.0,1,B,3
92,168,0.0,1,B,2
92,169,0.0,1,B,0
92,170,1.0,3,D,3
92,171,1.0,1,B,1
92,172,1.0,3,D,3
92,173,0.0,1,B,3
92,174,0.0,2,C,4
92,175,0.0,4,E,3
92,176,0.0,1,B,2
92,177,1.0,4,E,4
92,178,0.0,3,D,2
92,179,1.0,0,A,0
92,180,1.0,0,A,0
92,181,0.0,1,B,4
92,182,0.0,4,E,0
92,183,1.0,1,B,1
92,184,0.0,2,C,1
92,185,0.0,3,D,0
92,186,0.0,1,B,4
92,187,0.0,0,A,3
92,188,0.0,2,C,1
92,189,0.0,4,E,0
92,190,1.0,3,D,3
92,191,0.0,1,B,2
92,192,0.0,3,D,0
92,193,0.0,1,B,2
92,194,0.0,1,B,4
92,195,0.0,2,C,3
92,196,0.0,2,C,1
92,197,0.0,1,B,3
92,198,0.0,0,A,4
92,199,0.0,0,A,2
92,200,1.0,4,E,4
92,201,1.0,1,B,1
92,202,1.0,3,D,3
92,203,1.0,3,D,3
92,204,0.0,3,D,0
92,205,1.0,3,D,3
92,206,0.0,3,D,0
92,207,0.0,0,A,3
92,208,0.0,2,C,4
92,209,0.0,3,D,2
92,210,1.0,3,D,3
92,211,1.0,1,B,1
96,0,0.0,2,C,1
96,1,0.0,2,C,1
96,2,0.0,2,C,4
96,3,0.0,1,B,2
96,4,1.0,1,B,1
96,5,0.0,1,B,0
96,6,0.0,3,D,0
96,7,0.0,2,C,4
96,8,1.0,2,C,2
96,9,1.0,2,C,2
96,10,0.0,4,E,0
96,11,1.0,0,A,0
96,12,1.0,4,E,4
96,13,1.0,1,B,1
96,14,1.0,3,D,3
96,15,0.0,4,E,3
96,16,1.0,2,C,2
96,17,0.0,1,B,3
96,18,1.0,4,E,4
96,19,1.0,0,A,0
96,20,0.0,0,A,4
96,21,0.0,0,A,2
96,22,1.0,1,B,1
96,23,0.0,2,C,1
96,24,0.0,2,C,3
96,25,0.0,0,A,1
96,26,0.0,2,C,3
96,27,1.0,0,A,0
96,28,0.0,1,B,0
96,29,0.0,1,B,2
96,30,1.0,3,D,3
96,31,0.0,1,B,4
96,32,0.0,1,B,0
96,33,1.0,0,A,0
96,34,0.0,3,D,4
96,35,0.0,3,D,1
96,36,0.0,3,D,4
96,37,0.0,1,B,0
96,38,0.0,3,D,1
96,39,0.0,2,C,3
96,40,0.0,4,E,0
96,41,0.0,1,B,3
96,42,0.0,1,B,3
96,43,0.0,1,B,3
96,44,0.0,3,D,1
96,45,0.0,2,C,3
96,46,1.0,1,B,1
96,47,1.0,2,C,2
96,48,1.0,1,B,1
96,49,1.0,3,D,3
96,50,0.0,1,B,4
96,51,1.0,1,B,1
96,52,0.0,2,C,0
96,53,1.0,3,D,3
96,54,1.0,2,C,2
96,55,0.0,2,C,1
96,56,0.0,1,B,2
96,57,0.0,1,B,4
96,58,0.0,2,C,0
96,59,1.0,1,B,1
96,60,1.0,0,A,0
96,61,1.0,0,A,0
96,62,1.0,1,B,1
96,63,0.0,4,E,2
96,64,0.0,1,B,4
96,65,1.0,3,D,3
96,66,0.0,2,C,0
96,67,0.0,0,A,4
96,68,0.0,0,A,4
96,69,0.0,0,A,2
96,70,1.0,1,B,1
96,71,0.0,4,E,2
96,72,1.0,1,B,1
96,73,0.0,1,B,4
96,74,1.0,0,A,0
96,75,1.0,2,C,2
96,76,0.0,0,A,4
96,77,0.0,1,B,2
96,78,0.0,0,A,4
96,79,0.0,3,D,1
96,80,0.0,0,A,4
96,81,0.0,3,D,2
96,82,0.0,2,C,4
96,83,1.0,3,D,3
96,84,0.0,2,C,3
96,85,1.0,1,B,1
96,86,1.0,4,E,4
96,87,0.0,4,E,2
96,88,0.0,0,A,1
96,89,1.0,4,E,4
96,90,0.0,3,D,1
96,91,1.0,1,B,1
96,92,0.0,2,C,1
96,93,1.0,0,A,0
96,94,0.0,1,B,0
96,95,0.0,1,B,2
96,96,1.0,0,A,0
96,97,0.0,3,D,2
96,98,1.0,3,D,3
96,99,1.0,3,D,3
96,100,0.0,2,C,1
96,101,0.0,1,B,2
96,102,1.0,1,B,1
96,103,1.0,1,B,1
96,104,0.0,2,C,3
96,105,0.0,2,C,4
96,106,0.0,1,B,0
96,107,1.0,1,B,1
96,108,0.0,1,B,3
96,109,0.0,3,D,1
96,110,0.0,3,D,2
96,111,0.0,1,B,3
96,112,1.0,1,B,1
96,113,0.0,1,B,2
96,114,1.0,2,C,2
96,115,0.0,2,C,4
96,116,1.0,2,C,2
96,117,0.0,2,C,1
96,118,1.0,3,D,3
96,119,0.0,1,B,2
96,120,0.0,4,E,1
96,121,1.0,2,C,2
96,122,0.0,1,B,3
96,123,0.0,1,B,3
96,124,1.0,3,D,3
96,125,1.0,4,E,4
96,126,0.0,2,C,4
96,127,1.0,3,D,3
96,128,1.0,4,E,4
96,129,0.0,0,A,1
96,130,1.0,4,E,4
96,131,0.0,1,B,3
96,132,1.0,3,D,3
96,133,0.0,1,B,0
96,134,0.0,3,D,1
96,135,0.0,3,D,4
96,136,0.0,2,C,4
96,137,0.0,3,D,1
96,138,1.0,1,B,1
96,139,1.0,4,E,4
96,140,1.0,4,E,4
96,141,0.0,0,A,3
96,142,0.0,1,B,0
96,143,0.0,3,D,4
96,144,0.0,0,A,3
96,145,1.0,1,B,1
96,146,0.0,1,B,2
96,147,0.0,0,A,1
96,148,0.0,0,A,4
96,149,0.0,1,B,4
96,150,1.0,1,B,1
96,151,0.0,1,B,2
96,152,0.0,2,C,3
96,153,1.0,2,C,2
96,154,0.0,0,A,3
96,155,0.0,1,B,2
96,156,0.0,1,B,4
96,157,0.0,3,D,2
96,158,1.0,3,D,3
96,159,1.0,0,A,0
96,160,0.0,3,D,4
96,161,1.0,3,D,3
96,162,0.0,3,D,4
96,163,1.0,3,D,3
96,164,0.0,1,B,4
96,165,0.0,1,B,0
96,166,1.0,4,E,4
96,167,0.0,1,B,3
96,168,0.0,1,B,2
96,169,0.0,1,B,0
96,170,1.0,3,D,3
96,171,1.0,1,B,1
96,172,1.0,3,D,3
96,173,0.0,1,B,3
96,174,0.0,2,C,4
96,175,0.0,4,E,3
96,176,0.0,1,B,2
96,177,1.0,4,E,4
96,178,0.0,3,D,2
96,179,1.0,0,A,0
96,180,1.0,0,A,0
96,181,0.0,1,B,4
96,182,0.0,4,E,0
96,183,1.0,1,B,1
96,184,0.0,2,C,1
96,185,0.0,3,D,0
96,186,0.0,1,B,4
96,187,0.0,0,A,3
96,188,0.0,2,C,1
96,189,0.0,4,E,0
96,190,1.0,3,D,3
96,191,0.0,1,B,2
96,192,0.0,3,D,0
96,193,0.0,1,B,2
96,194,0.0,1,B,4
96,195,0.0,2,C,3
96,196,0.0,2,C,1
96,197,0.0,1,B,3
96,198,0.0,0,A,4
96,199,0.0,0,A,2
96,200,1.0,4,E,4
96,201,1.0,1,B,1
96,202,1.0,3,D,3
96,203,1.0,3,D,3
96,204,0.0,3,D,0
96,205,1.0,3,D,3
96,206,0.0,3,D,0
96,207,0.0,0,A,3
96,208,0.0,2,C,4
96,209,0.0,3,D,2
96,210,1.0,3,D,3
96,211,1.0,1,B,1
100,0,0.0,2,C,1
100,1,0.0,2,C,1
100,2,0.0,2,C,4
100,3,0.0,1,B,2
100,4,1.0,1,B,1
100,5,0.0,1,B,0
100,6,0.0,3,D,0
100,7,0.0,2,C,4
100,8,1.0,2,C,2
100,9,1.0,2,C,2
100,10,0.0,4,E,0
100,11,0.0,3,D,0
100,12,1.0,4,E,4
100,13,1.0,1,B,1
100,14,1.0,3,D,3
100,15,0.0,4,E,3
100,16,1.0,2,C,2
100,17,0.0,1,B,3
100,18,1.0,4,E,4
100,19,1.0,0,A,0
100,20,0.0,0,A,4
100,21,0.0,0,A,2
100,22,1.0,1,B,1
100,23,0.0,2,C,1
100,24,0.0,2,C,3
100,25,0.0,0,A,1
100,26,0.0,2,C,3
100,27,1.0,0,A,0
100,28,0.0,1,B,0
100,29,0.0,1,B,2
100,30,1.0,3,D,3
100,31,0.0,1,B,4
100,32,0.0,1,B,0
100,33,1.0,0,A,0
100,34,0.0,3,D,4
100,35,0.0,3,D,1
100,36,0.0,3,D,4
100,37,0.0,1,B,0
100,38,0.0,3,D,1
100,39,0.0,1,B,3
100,40,0.0,4,E,0
100,41,0.0,1,B,3
100,42,0.0,1,B,3
100,43,0.0,1,B,3
100,44,0.0,3,D,1
100,45,0.0,2,C,3
100,46,1.0,1,B,1
100,47,1.0,2,C,2
100,48,1.0,1,B,1
100,49,1.0,3,D,3
100,50,0.0,1,B,4
100,51,1.0,1,B,1
100,52,0.0,2,C,0
100,53,1.0,3,D,3
100,54,1.0,2,C,2
100,55,0.0,2,C,1
100,56,0.0,1,B,2
100,57,0.0,1,B,4
100,58,0.0,2,C,0
100,59,1.0,1,B,1
100,60,1.0,0,A,0
100,61,1.0,0,A,0
100,62,1.0,1,B,1
100,63,0.0,4,E,2
100,64,0.0,1,B,4
100,65,1.0,3,D,3
100,66,0.0,2,C,0
100,67,0.0,0,A,4
100,68,0.0,0,A,4
100,69,0.0,0,A,2
100,70,1.0,1,B,1
100,71,0.0,4,E,2
100,72,1.0,1,B,1
100,73,0.0,1,B,4
100,74,1.0,0,A,0
100,75,1.0,2,C,2
100,76,0.0,1,B,4
100,77,0.0,1,B,2
100,78,0.0,0,A,4
100,79,0.0,3,D,1
100,80,0.0,0,A,4
100,81,0.0,3,D,2
100,82,0.0,2,C,4
100,83,1.0,3,D,3
100,84,0.0,2,C,3
100,85,1.0,1,B,1
100,86,1.0,4,E,4
100,87,0.0,4,E,2
100,88,0.0,0,A,1
100,89,1.0,4,E,4
100,90,0.0,3,D,1
100,91,1.0,1,B,1
100,92,0.0,2,C,1
100,93,1.0,0,A,0
100,94,0.0,1,B,0
100,95,0.0,1,B,2
100,96,1.0,0,A,0
100,97,0.0,3,D,2
100,98,1.0,3,D,3
100,99,1.0,3,D,3
100,100,0.0,2,C,1
100,101,0.0,1,B,2
100,102,1.0,1,B,1
100,103,1.0,1,B,1
100,104,0.0,2,C,3
100,105,0.0,2,C,4
100,106,0.0,1,B,0
100,107,1.0,1,B,1
100,108,0.0,1,B,3
100,109,0.0,3,D,1
100,110,0.0,3,D,2
100,111,0.0,1,B,3
100,112,1.0,1,B,1
100,113,0.0,1,B,2
100,114,1.0,2,C,2
100,115,0.0,2,C,4
100,116,1.0,2,C,2
100,117,0.0,2,C,1
100,118,1.0,3,D,3
100,119,0.0,1,B,2
100,120,0.0,4,E,1
100,121,1.0,2,C,2
100,122,0.0,1,B,3
100,123,0.0,1,B,3
100,124,1.0,3,D,3
100,125,1.0,4,E,4
100,126,0.0,2,C,4
100,127,1.0,3,D,3
100,128,1.0,4,E,4
100,129,0.0,0,A,1
100,130,1.0,4,E,4
100,131,0.0,1,B,3
100,132,1.0,3,D,3
100,133,0.0,1,B,0
100,134,0.0,3,D,1
100,135,0.0,3,D,4
100,136,0.0,2,C,4
100,137,0.0,3,D,1
100,138,1.0,1,B,1
100,139,1.0,4,E,4
100,140,1.0,4,E,4
100,141,0.0,0,A,3
100,142,0.0,1,B,0
100,143,0.0,3,D,4
100,144,0.0,0,A,3
100,145,1.0,1,B,1
100,146,0.0,1,B,2
100,147,0.0,0,A,1
100,148,0.0,0,A,4
100,149,0.0,1,B,4
100,150,1.0,1,B,1
100,151,0.0,1,B,2
100,152,0.0,2,C,3
100,153,1.0,2,C,2
100,154,0.0,0,A,3
100,155,0.0,1,B,2
100,156,0.0,1,B,4
100,157,1.0,2,C,2
100,158,1.0,3,D,3
100,159,1.0,0,A,0
100,160,0.0,3,D,4
100,161,1.0,3,D,3
100,162,0.0,3,D,4
100,163,1.0,3,D,3
100,164,0.0,1,B,4
100,165,0.0,1,B,0
100,166,1.0,4,E,4
100,167,0.0,1,B,3
100,168,0.0,1,B,2
100,169,0.0,1,B,0
100,170,1.0,3,D,3
100,171,1.0,1,B,1
100,172,1.0,3,D,3
100,173,0.0,1,B,3
100,174,0.0,2,C,4
100,175,0.0,4,E,3
100,176,0.0,1,B,2
100,177,1.0,4,E,4
100,178,0.0,3,D,2
100,179,1.0,0,A,0
100,180,1.0,0,A,0
100,181,0.0,1,B,4
100,182,0.0,4,E,0
100,183,1.0,1,B,1
100,184,0.0,2,C,1
100,185,0.0,3,D,0
100,186,0.0,2,C,4
100,187,0.0,0,A,3
100,188,0.0,2,C,1
100,189,0.0,4,E,0
100,190,1.0,3,D,3
100,191,0.0,1,B,2
100,192,0.0,3,D,0
100,193,0.0,1,B,2
100,194,0.0,1,B,4
100,195,0.0,2,C,3
100,196,0.0,2,C,1
100,197,0.0,1,B,3
100,198,0.0,0,A,4
100,199,0.0,0,A,2
100,200,1.0,4,E,4
100,201,1.0,1,B,1
100,202,1.0,3,D,3
100,203,1.0,3,D,3
100,204,0.0,3,D,0
100,205,1.0,3,D,3
100,206,0.0,3,D,0
100,207,0.0,0,A,3
100,208,0.0,2,C,4
100,209,0.0,3,D,2
100,210,1.0,3,D,3
100,211,1.0,1,B,1
104,0,0.0,2,C,1
104,1,0.0,2,C,1
104,2,0.0,2,C,4
104,3,0.0,1,B,2
104,4,1.0,1,B,1
104,5,0.0,1,B,0
104,6,0.0,3,D,0
104,7,0.0,2,C,4
104,8,1.0,2,C,2
104,9,1.0,2,C,2
104,10,0.0,4,E,0
104,11,0.0,3,D,0
104,12,1.0,4,E,4
104,13,1.0,1,B,1
104,14,1.0,3,D,3
104,15,0.0,4,E,3
104,16,1.0,2,C,2
104,17,0.0,1,B,3
104,18,1.0,4,E,4
104,19,1.0,0,A,0
104,20,0.0,0,A,4
104,21,0.0,0,A,2
104,22,1.0,1,B,1
104,23,0.0,2,C,1
104,24,0.0,2,C,3
104,25,0.0,0,A,1
104,26,0.0,2,C,3
104,27,1.0,0,A,0
104,28,0.0,1,B,0
104,29,0.0,1,B,2
104,30,1.0,3,D,3
104,31,0.0,1,B,4
104,32,0.0,1,B,0
104,33,1.0,0,A,0
104,34,0.0,3,D,4
104,35,0.0,3,D,1
104,36,0.0,3,D,4
104,37,0.0,1,B,0
104,38,0.0,3,D,1
104,39,0.0,2,C,3
104,40,0.0,4,E,0
104,41,0.0,1,B,3
104,42,0.0,1,B,3
104,43,0.0,1,B,3
104,44,0.0,3,D,1
104,45,0.0,2,C,3
104,46,1.0,1,B,1
104,47,1.0,2,C,2
104,48,1.0,1,B,1
104,49,1.0,3,D,3
104,50,0.0,1,B,4
104,51,1.0,1,B,1
104,52,0.0,2,C,0
104,53,1.0,3,D,3
104,54,1.0,2,C,2
104,55,0.0,2,C,1
104,56,0.0,1,B,2
104,57,0.0,1,B,4
104,58,0.0,2,C,0
104,59,1.0,1,B,1
104,60,1.0,0,A,0
104,61,1.0,0,A,0
104,62,1.0,1,B,1
104,63,0.0,4,E,2
104,64,0.0,1,B,4
104,65,1.0,3,D,3
104,66,0.0,2,C,0
104,67,0.0,0,A,4
104,68,0.0,0,A,4
104,69,0.0,0,A,2
104,70,1.0,1,B,1
104,71,0.0,4,E,2
104,72,1.0,1,B,1
104,73,0.0,1,B,4
104,74,1.0,0,A,0
104,75,1.0,2,C,2
104,76,0.0,1,B,4
104,77,0.0,1,B,2
104,78,0.0,0,A,4
104,79,0.0,3,D,1
104,80,0.0,0,A,4
104,81,0.0,3,D,2
104,82,0.0,2,C,4
104,83,1.0,3,D,3
104,84,0.0,2,C,3
104,85,1.0,1,B,1
104,86,1.0,4,E,4
104,87,0.0,4,E,2
104,88,0.0,0,A,1
104,89,1.0,4,E,4
104,90,0.0,3,D,1
104,91,1.0,1,B,1
104,92,0.0,2,C,1
104,93,1.0,0,A,0
104,94,0.0,1,B,0
104,95,0.0,1,B,2
104,96,1.0,0,A,0
104,97,0.0,3,D,2
104,98,1.0,3,D,3
104,99,1.0,3,D,3
104,100,0.0,2,C,1
104,101,1.0,2,C,2
104,102,1.0,1,B,1
104,103,1.0,1,B,1
104,104,0.0,2,C,3
104,105,0.0,2,C,4
104,106,0.0,1,B,0
104,107,1.0,1,B,1
104,108,0.0,1,B,3
104,109,0.0,3,D,1
104,110,0.0,3,D,2
104,111,0.0,1,B,3
104,112,1.0,1,B,1
104,113,0.0,1,B,2
104,114,1.0,2,C,2
104,115,0.0,2,C,4
104,116,1.0,2,C,2
104,117,0.0,2,C,1
104,118,1.0,3,D,3
104,119,0.0,1,B,2
104,120,0.0,4,E,1
104,121,1.0,2,C,2
104,122,0.0,1,B,3
104,123,0.0,1,B,3
104,124,1.0,3,D,3
104,125,1.0,4,E,4
104,126,0.0,2,C,4
104,127,1.0,3,D,3
104,128,1.0,4,E,4
104,129,0.0,0,A,1
104,130,1.0,4,E,4
104,131,0.0,1,B,3
104,132,1.0,3,D,3
104,133,0.0,1,B,0
104,134,0.0,3,D,1
104,135,0.0,3,D,4
104,136,0.0,2,C,4
104,137,0.0,3,D,1
104,138,1.0,1,B,1
104,139,1.0,4,E,4
104,140,1.0,4,E,4
104,141,0.0,0,A,3
104,142,0.0,1,B,0
104,143,0.0,3,D,4
104,144,0.0,0,A,3
104,145,1.0,1,B,1
104,146,0.0,1,B,2
104,147,0.0,0,A,1
104,148,0.0,0,A,4
104,149,0.0,1,B,4
104,150,1.0,1,B,1
104,151,0.0,1,B,2
104,152,0.0,2,C,3
104,153,1.0,2,C,2
104,154,0.0,0,A,3
104,155,0.0,1,B,2
104,156,0.0,1,B,4
104,157,1.0,2,C,2
104,158,1.0,3,D,3
104,159,1.0,0,A,0
104,160,0.0,3,D,4
104,161,1.0,3,D,3
104,162,0.0,3,D,4
104,163,1.0,3,D,3
104,164,0.0,1,B,4
104,165,0.0,1,B,0
104,166,1.0,4,E,4
104,167,0.0,1,B,3
104,168,0.0,1,B,2
104,169,0.0,1,B,0
104,170,1.0,3,D,3
104,171,1.0,1,B,1
104,172,1.0,3,D,3
104,173,0.0,1,B,3
104,174,0.0,2,C,4
104,175,0.0,4,E,3
104,176,0.0,1,B,2
104,177,1.0,4,E,4
104,178,0.0,3,D,2
104,179,1.0,0,A,0
104,180,1.0,0,A,0
104,181,0.0,1,B,4
104,182,0.0,4,E,0
104,183,1.0,1,B,1
104,184,0.0,2,C,1
104,185,0.0,3,D,0
104,186,0.0,2,C,4
104,187,0.0,0,A,3
104,188,0.0,2,C,1
104,189,0.0,4,E,0
104,190,1.0,3,D,3
104,191,0.0,1,B,2
104,192,0.0,3,D,0
104,193,0.0,1,B,2
104,194,0.0,1,B,4
104,195,0.0,2,C,3
104,196,0.0,2,C,1
104,197,0.0,1,B,3
104,198,0.0,0,A,4
104,199,0.0,0,A,2
104,200,1.0,4,E,4
104,201,1.0,1,B,1
104,202,1.0,3,D,3
104,203,1.0,3,D,3
104,204,0.0,3,D,0
104,205,1.0,3,D,3
104,206,0.0,3,D,0
104,207,0.0,0,A,3
104,208,0.0,2,C,4
104,209,0.0,3,D,2
104,210,1.0,3,D,3
104,211,1.0,1,B,1
108,0,0.0,2,C,1
108,1,0.0,2,C,1
108,2,0.0,2,C,4
108,3,0.0,1,B,2
108,4,1.0,1,B,1
108,5,0.0,1,B,0
108,6,0.0,3,D,0
108,7,0.0,2,C,4
108,8,1.0,2,C,2
108,9,1.0,2,C,2
108,10,0.0,4,E,0
108,11,0.0,3,D,0
108,12,1.0,4,E,4
108,13,1.0,1,B,1
108,14,1.0,3,D,3
108,15,0.0,4,E,3
108,16,1.0,2,C,2
108,17,0.0,1,B,3
108,18,1.0,4,E,4
108,19,1.0,0,A,0
108,20,0.0,3,D,4
108,21,0.0,0,A,2
108,22,1.0,1,B,1
108,23,0.0,2,C,1
108,24,0.0,2,C,3
108,25,0.0,0,A,1
108,26,0.0,2,C,3
108,27,1.0,0,A,0
108,28,0.0,1,B,0
108,29,0.0,1,B,2
108,30,1.0,3,D,3
108,31,0.0,1,B,4
108,32,0.0,1,B,0
108,33,1.0,0,A,0
108,34,0.0,3,D,4
108,35,0.0,3,D,1
108,36,0.0,3,D,4
108,37,0.0,1,B,0
108,38,0.0,3,D,1
108,39,0.0,2,C,3
108,40,0.0,4,E,0
108,41,0.0,1,B,3
108,42,0.0,1,B,3
108,43,0.0,1,B,3
108,44,0.0,3,D,1
108,45,0.0,2,C,3
108,46,1.0,1,B,1
108,47,1.0,2,C,2
108,48,1.0,1,B,1
108,49,1.0,3,D,3
108,50,0.0,1,B,4
108,51,1.0,1,B,1
108,52,0.0,2,C,0
108,53,1.0,3,D,3
108,54,1.0,2,C,2
108,55,0.0,2,C,1
108,56,0.0,1,B,2
108,57,0.0,1,B,4
108,58,0.0,2,C,0
108,59,1.0,1,B,1
108,60,1.0,0,A,0
108,61,1.0,0,A,0
108,62,1.0,1,B,1
108,63,0.0,4,E,2
108,64,0.0,1,B,4
108,65,1.0,3,D,3
108,66,0.0,2,C,0
108,67,0.0,0,A,4
108,68,0.0,0,A,4
108,69,0.0,0,A,2
108,70,1.0,1,B,1
108,71,0.0,4,E,2
108,72,1.0,1,B,1
108,73,0.0,1,B,4
108,74,1.0,0,A,0
108,75,1.0,2,C,2
108,76,0.0,1,B,4
108,77,0.0,1,B,2
108,78,0.0,0,A,4
108,79,0.0,3,D,1
108,80,0.0,0,A,4
108,81,0.0,3,D,2
108,82,0.0,2,C,4
108,83,1.0,3,D,3
108,84,0.0,2,C,3
108,85,1.0,1,B,1
108,86,1.0,4,E,4
108,87,0.0,4,E,2
108,88,0.0,0,A,1
108,89,1.0,4,E,4
108,90,0.0,3,D,1
108,91,1.0,1,B,1
108,92,0.0,2,C,1
108,93,1.0,0,A,0
108,94,0.0,1,B,0
108,95,0.0,1,B,2
108,96,1.0,0,A,0
108,97,0.0,3,D,2
108,98,1.0,3,D,3
108,99,1.0,3,D,3
108,100,0.0,2,C,1
108,101,1.0,2,C,2
108,102,1.0,1,B,1
108,103,1.0,1,B,1
108,104,0.0,2,C,3
108,105,0.0,2,C,4
108,106,0.0,1,B,0
108,107,1.0,1,B,1
108,108,0.0,1,B,3
108,109,0.0,3,D,1
108,110,0.0,3,D,2
108,111,0.0,1,B,3
108,112,1.0,1,B,1
108,113,0.0,1,B,2
108,114,1.0,2,C,2
108,115,0.0,2,C,4
108,116,1.0,2,C,2
108,117,0.0,2,C,1
108,118,1.0,3,D,3
108,119,0.0,1,B,2
108,120,0.0,4,E,1
108,121,1.0,2,C,2
108,122,0.0,1,B,3
108,123,0.0,1,B,3
108,124,1.0,3,D,3
108,125,1.0,4,E,4
108,126,0.0,2,C,4
108,127,1.0,3,D,3
108,128,1.0,4,E,4
108,129,0.0,0,A,1
108,130,1.0,4,E,4
108,131,0.0,1,B,3
108,132,1.0,3,D,3
108,133,0.0,1,B,0
108,134,0.0,3,D,1
108,135,0.0,3,D,4
108,136,0.0,2,C,4
108,137,0.0,3,D,1
108,138,1.0,1,B,1
108,139,1.0,4,E,4
108,140,1.0,4,E,4
108,141,0.0,0,A,3
108,142,0.0,1,B,0
108,143,0.0,3,D,4
108,144,0.0,0,A,3
108,145,1.0,1,B,1
108,146,0.0,1,B,2
108,147,0.0,0,A,1
108,148,0.0,0,A,4
108,149,0.0,1,B,4
108,150,1.0,1,B,1
108,151,0.0,1,B,2
108,152,0.0,2,C,3
108,153,1.0,2,C,2
108,154,0.0,0,A,3
108,155,0.0,1,B,2
108,156,0.0,1,B,4
108,157,1.0,2,C,2
108,158,1.0,3,D,3
108,159,1.0,0,A,0
108,160,0.0,3,D,4
108,161,1.0,3,D,3
108,162,0.0,3,D,4
108,163,1.0,3,D,3
108,164,0.0,1,B,4
108,165,0.0,1,B,0
108,166,0.0,0,A,4
108,167,0.0,1,B,3
108,168,0.0,1,B,2
108,169,0.0,1,B,0
108,170,1.0,3,D,3
108,171,1.0,1,B,1
108,172,1.0,3,D,3
108,173,0.0,1,B,3
108,174,0.0,2,C,4
108,175,0.0,4,E,3
108,176,0.0,1,B,2
108,177,1.0,4,E,4
108,178,0.0,3,D,2
108,179,1.0,0,A,0
108,180,1.0,0,A,0
108,181,0.0,1,B,4
108,182,0.0,4,E,0
108,183,1.0,1,B,1
108,184,0.0,2,C,1
108,185,0.0,3,D,0
108,186,0.0,2,C,4
108,187,0.0,0,A,3
108,188,0.0,2,C,1
108,189,0.0,4,E,0
108,190,1.0,3,D,3
108,191,0.0,1,B,2
108,192,0.0,3,D,0
108,193,1.0,2,C,2
108,194,0.0,1,B,4
108,195,0.0,2,C,3
108,196,0.0,2,C,1
108,197,0.0,1,B,3
108,198,0.0,0,A,4
108,199,0.0,0,A,2
108,200,1.0,4,E,4
108,201,1.0,1,B,1
108,202,1.0,3,D,3
108,203,1.0,3,D,3
108,204,0.0,3,D,0
108,205,1.0,3,D,3
108,206,0.0,3,D,0
108,207,0.0,0,A,3
108,208,0.0,2,C,4
108,209,0.0,3,D,2
108,210,1.0,3,D,3
108,211,1.0,1,B,1
112,0,0.0,2,C,1
112,1,0.0,2,C,1
112,2,0.0,2,C,4
112,3,0.0,1,B,2
112,4,1.0,1,B,1
112,5,0.0,1,B,0
112,6,0.0,3,D,0
112,7,0.0,2,C,4
112,8,1.0,2,C,2
112,9,1.0,2,C,2
112,10,0.0,4,E,0
112,11,0.0,3,D,0
112,12,1.0,4,E,4
112,13,1.0,1,B,1
112,14,1.0,3,D,3
112,15,0.0,4,E,3
112,16,1.0,2,C,2
112,17,0.0,1,B,3
112,18,1.0,4,E,4
112,19,1.0,0,A,0
112,20,0.0,0,A,4
112,21,0.0,0,A,2
112,22,1.0,1,B,1
112,23,0.0,2,C,1
112,24,0.0,2,C,3
112,25,0.0,0,A,1
112,26,0.0,2,C,3
112,27,1.0,0,A,0
112,28,0.0,1,B,0
112,29,0.0,1,B,2
112,30,1.0,3,D,3
112,31,0.0,1,B,4
112,32,0.0,1,B,0
112,33,1.0,0,A,0
112,34,0.0,3,D,4
112,35,0.0,3,D,1
112,36,0.0,3,D,4
112,37,0.0,1,B,0
112,38,0.0,3,D,1
112,39,0.0,2,C,3
112,40,0.0,4,E,0
112,41,0.0,1,B,3
112,42,0.0,1,B,3
112,43,0.0,1,B,3
112,44,0.0,3,D,1
112,45,0.0,2,C,3
112,46,1.0,1,B,1
112,47,1.0,2,C,2
112,48,1.0,1,B,1
112,49,1.0,3,D,3
112,50,0.0,1,B,4
112,51,1.0,1,B,1
112,52,0.0,2,C,0
112,53,1.0,3,D,3
112,54,1.0,2,C,2
112,55,0.0,2,C,1
112,56,0.0,1,B,2
112,57,0.0,1,B,4
112,58,0.0,2,C,0
112,59,1.0,1,B,1
112,60,1.0,0,A,0
112,61,1.0,0,A,0
112,62,1.0,1,B,1
112,63,0.0,4,E,2
112,64,0.0,1,B,4
112,65,1.0,3,D,3
112,66,0.0,2,C,0
112,67,0.0,0,A,4
112,68,0.0,0,A,4
112,69,0.0,0,A,2
112,70,1.0,1,B,1
112,71,0.0,4,E,2
112,72,1.0,1,B,1
112,73,0.0,1,B,4
112,74,1.0,0,A,0
112,75,1.0,2,C,2
112,76,0.0,1,B,4
112,77,0.0,1,B,2
112,78,0.0,0,A,4
112,79,0.0,3,D,1
112,80,0.0,0,A,4
112,81,0.0,3,D,2
112,82,0.0,2,C,4
112,83,1.0,3,D,3
112,84,0.0,2,C,3
112,85,1.0,1,B,1
112,86,1.0,4,E,4
112,87,0.0,4,E,2
112,88,0.0,0,A,1
112,89,1.0,4,E,4
112,90,0.0,3,D,1
112,91,1.0,1,B,1
112,92,0.0,2,C,1
112,93,1.0,0,A,0
112,94,0.0,1,B,0
112,95,0.0,1,B,2
112,96,1.0,0,A,0
112,97,0.0,3,D,2
112,98,1.0,3,D,3
112,99,1.0,3,D,3
112,100,0.0,2,C,1
112,101,0.0,1,B,2
112,102,1.0,1,B,1
112,103,1.0,1,B,1
112,104,0.0,2,C,3
112,105,0.0,2,C,4
112,106,0.0,1,B,0
112,107,1.0,1,B,1
112,108,0.0,1,B,3
112,109,0.0,3,D,1
112,110,0.0,3,D,2
112,111,0.0,1,B,3
112,112,1.0,1,B,1
112,113,0.0,1,B,2
112,114,1.0,2,C,2
112,115,0.0,2,C,4
112,116,1.0,2,C,2
112,117,0.0,2,C,1
112,118,1.0,3,D,3
112,119,0.0,1,B,2
112,120,0.0,4,E,1
112,121,1.0,2,C,2
112,122,0.0,1,B,3
112,123,0.0,1,B,3
112,124,1.0,3,D,3
112,125,1.0,4,E,4
112,126,0.0,2,C,4
112,127,1.0,3,D,3
112,128,1.0,4,E,4
112,129,0.0,0,A,1
112,130,1.0,4,E,4
112,131,0.0,1,B,3
112,132,1.0,3,D,3
112,133,0.0,1,B,0
112,134,0.0,3,D,1
112,135,0.0,3,D,4
112,136,0.0,2,C,4
112,137,0.0,3,D,1
112,138,1.0,1,B,1
112,139,1.0,4,E,4
112,140,1.0,4,E,4
112,141,0.0,0,A,3
112,142,0.0,1,B,0
112,143,0.0,3,D,4
112,144,0.0,0,A,3
112,145,1.0,1,B,1
112,146,0.0,1,B,2
112,147,0.0,0,A,1
112,148,0.0,0,A,4
112,149,0.0,1,B,4
112,150,1.0,1,B,1
112,151,0.0,1,B,2
112,152,0.0,2,C,3
112,153,1.0,2,C,2
112,154,0.0,0,A,3
112,155,0.0,1,B,2
112,156,0.0,1,B,4
112,157,1.0,2,C,2
112,158,1.0,3,D,3
112,159,1.0,0,A,0
112,160,0.0,3,D,4
112,161,1.0,3,D,3
112,162,0.0,3,D,4
112,163,1.0,3,D,3
112,164,0.0,1,B,4
112,165,0.0,1,B,0
112,166,1.0,4,E,4
112,167,0.0,1,B,3
112,168,0.0,1,B,2
112,169,0.0,1,B,0
112,170,1.0,3,D,3
112,171,1.0,1,B,1
112,172,1.0,3,D,3
112,173,0.0,1,B,3
112,174,0.0,2,C,4
112,175,0.0,4,E,3
112,176,0.0,1,B,2
112,177,1.0,4,E,4
112,178,0.0,3,D,2
112,179,1.0,0,A,0
112,180,1.0,0,A,0
112,181,0.0,1,B,4
112,182,0.0,4,E,0
112,183,1.0,1,B,1
112,184,0.0,2,C,1
112,185,0.0,3,D,0
112,186,0.0,1,B,4
112,187,0.0,0,A,3
112,188,0.0,2,C,1
112,189,0.0,4,E,0
112,190,1.0,3,D,3
112,191,0.0,1,B,2
112,192,0.0,3,D,0
112,193,0.0,1,B,2
112,194,0.0,1,B,4
112,195,0.0,2,C,3
112,196,0.0,2,C,1
112,197,0.0,1,B,3
112,198,0.0,0,A,4
112,199,0.0,0,A,2
112,200,1.0,4,E,4
112,201,1.0,1,B,1
112,202,1.0,3,D,3
112,203,1.0,3,D,3
112,204,0.0,3,D,0
112,205,1.0,3,D,3
112,206,0.0,3,D,0
112,207,0.0,0,A,3
112,208,0.0,2,C,4
112,209,0.0,3,D,2
112,210,1.0,3,D,3
112,211,1.0,1,B,1
116,0,0.0,2,C,1
116,1,0.0,2,C,1
116,2,0.0,2,C,4
116,3,0.0,1,B,2
116,4,1.0,1,B,1
116,5,0.0,1,B,0
116,6,0.0,3,D,0
116,7,0.0,2,C,4
116,8,1.0,2,C,2
116,9,1.0,2,C,2
116,10,0.0,4,E,0
116,11,0.0,3,D,0
116,12,1.0,4,E,4
116,13,1.0,1,B,1
116,14,1.0,3,D,3
116,15,0.0,4,E,3
116,16,1.0,2,C,2
116,17,0.0,1,B,3
116,18,1.0,4,E,4
116,19,1.0,0,A,0
116,20,0.0,0,A,4
116,21,0.0,0,A,2
116,22,1.0,1,B,1
116,23,0.0,2,C,1
116,24,0.0,2,C,3
116,25,0.0,0,A,1
116,26,0.0,2,C,3
116,27,1.0,0,A,0
116,28,0.0,1,B,0
116,29,0.0,1,B,2
116,30,1.0,3,D,3
116,31,0.0,1,B,4
116,32,0.0,1,B,0
116,33,1.0,0,A,0
116,34,0.0,3,D,4
116,35,0.0,3,D,1
116,36,0.0,3,D,4
116,37,0.0,1,B,0
116,38,0.0,3,D,1
116,39,0.0,1,B,3
116,40,0.0,4,E,0
116,41,0.0,1,B,3
116,42,0.0,1,B,3
116,43,0.0,1,B,3
116,44,0.0,3,D,1
116,45,0.0,2,C,3
116,46,1.0,1,B,1
116,47,1.0,2,C,2
116,48,1.0,1,B,1
116,49,1.0,3,D,3
116,50,0.0,1,B,4
116,51,1.0,1,B,1
116,52,0.0,2,C,0
116,53,1.0,3,D,3
116,54,1.0,2,C,2
116,55,0.0,2,C,1
116,56,0.0,1,B,2
116,57,0.0,1,B,4
116,58,0.0,2,C,0
116,59,1.0,1,B,1
116,60,1.0,0,A,0
116,61,1.0,0,A,0
116,62,1.0,1,B,1
116,63,0.0,4,E,2
116,64,0.0,1,B,4
116,65,1.0,3,D,3
116,66,0.0,2,C,0
116,67,0.0,0,A,4
116,68,0.0,0,A,4
116,69,0.0,0,A,2
116,70,1.0,1,B,1
116,71,0.0,4,E,2
116,72,1.0,1,B,1
116,73,0.0,1,B,4
116,74,1.0,0,A,0
116,75,1.0,2,C,2
116,76,0.0,0,A,4
116,77,0.0,1,B,2
116,78,0.0,0,A,4
116,79,0.0,3,D,1
116,80,0.0,0,A,4
116,81,0.0,3,D,2
116,82,0.0,2,C,4
116,83,1.0,3,D,3
116,84,0.0,2,C,3
116,85,1.0,1,B,1
116,86,0.0,2,C,4
116,87,0.0,4,E,2
116,88,0.0,0,A,1
116,89,1.0,4,E,4
116,90,0.0,3,D,1
116,91,1.0,1,B,1
116,92,0.0,2,C,1
116,93,1.0,0,A,0
116,94,0.0,1,B,0
116,95,0.0,1,B,2
116,96,1.0,0,A,0
116,97,0.0,3,D,2
116,98,1.0,3,D,3
116,99,1.0,3,D,3
116,100,0.0,2,C,1
116,101,0.0,1,B,2
116,102,1.0,1,B,1
116,103,1.0,1,B,1
116,104,0.0,2,C,3
116,105,0.0,2,C,4
116,106,0.0,1,B,0
116,107,1.0,1,B,1
116,108,0.0,1,B,3
116,109,0.0,3,D,1
116,110,0.0,3,D,2
116,111,0.0,1,B,3
116,112,1.0,1,B,1
116,113,0.0,1,B,2
116,114,1.0,2,C,2
116,115,0.0,2,C,4
116,116,1.0,2,C,2
116,117,0.0,2,C,1
116,118,1.0,3,D,3
116,119,0.0,1,B,2
116,120,0.0,4,E,1
116,121,1.0,2,C,2
116,122,0.0,1,B,3
116,123,0.0,1,B,3
116,124,1.0,3,D,3
116,125,1.0,4,E,4
116,126,0.0,2,C,4
116,127,1.0,3,D,3
116,128,1.0,4,E,4
116,129,0.0,0,A,1
116,130,1.0,4,E,4
116,131,0.0,1,B,3
116,132,1.0,3,D,3
116,133,0.0,1,B,0
116,134,0.0,3,D,1
116,135,0.0,3,D,4
116,136,0.0,2,C,4
116,137,0.0,3,D,1
116,138,1.0,1,B,1
116,139,1.0,4,E,4
116,140,1.0,4,E,4
116,141,0.0,0,A,3
116,142,0.0,1,B,0
116,143,0.0,3,D,4
116,144,0.0,0,A,3
116,145,1.0,1,B,1
116,146,0.0,1,B,2
116,147,0.0,0,A,1
116,148,0.0,0,A,4
116,149,0.0,1,B,4
116,150,1.0,1,B,1
116,151,0.0,1,B,2
116,152,0.0,2,C,3
116,153,1.0,2,C,2
116,154,0.0,0,A,3
116,155,0.0,1,B,2
116,156,0.0,1,B,4
116,157,1.0,2,C,2
116,158,1.0,3,D,3
116,159,1.0,0,A,0
116,160,0.0,3,D,4
116,161,1.0,3,D,3
116,162,0.0,3,D,4
116,163,1.0,3,D,3
116,164,0.0,1,B,4
116,165,0.0,1,B,0
116,166,1.0,4,E,4
116,167,0.0,1,B,3
116,168,0.0,1,B,2
116,169,0.0,1,B,0
116,170,1.0,3,D,3
116,171,1.0,1,B,1
116,172,1.0,3,D,3
116,173,0.0,1,B,3
116,174,0.0,2,C,4
116,175,0.0,4,E,3
116,176,0.0,1,B,2
116,177,1.0,4,E,4
116,178,0.0,3,D,2
116,179,1.0,0,A,0
116,180,1.0,0,A,0
116,181,0.0,1,B,4
116,182,0.0,4,E,0
116,183,1.0,1,B,1
116,184,0.0,2,C,1
116,185,0.0,3,D,0
116,186,0.0,1,B,4
116,187,0.0,0,A,3
116,188,0.0,2,C,1
116,189,0.0,4,E,0
116,190,1.0,3,D,3
116,191,0.0,1,B,2
116,192,0.0,3,D,0
116,193,1.0,2,C,2
116,194,0.0,1,B,4
116,195,0.0,2,C,3
116,196,0.0,2,C,1
116,197,0.0,1,B,3
116,198,0.0,0,A,4
116,199,0.0,0,A,2
116,200,1.0,4,E,4
116,201,1.0,1,B,1
116,202,1.0,3,D,3
116,203,1.0,3,D,3
116,204,0.0,3,D,0
116,205,1.0,3,D,3
116,206,0.0,3,D,0
116,207,0.0,0,A,3
116,208,0.0,2,C,4
116,209,0.0,3,D,2
116,210,1.0,3,D,3
116,211,1.0,1,B,1
120,0,0.0,2,C,1
120,1,0.0,2,C,1
120,2,0.0,2,C,4
120,3,0.0,1,B,2
120,4,1.0,1,B,1
120,5,0.0,1,B,0
120,6,0.0,3,D,0
120,7,0.0,2,C,4
120,8,1.0,2,C,2
120,9,1.0,2,C,2
120,10,0.0,4,E,0
120,11,1.0,0,A,0
120,12,1.0,4,E,4
120,13,1.0,1,B,1
120,14,1.0,3,D,3
120,15,0.0,4,E,3
120,16,1.0,2,C,2
120,17,0.0,1,B,3
120,18,1.0,4,E,4
120,19,1.0,0,A,0
120,20,0.0,3,D,4
120,21,0.0,0,A,2
120,22,1.0,1,B,1
120,23,0.0,2,C,1
120,24,0.0,2,C,3
120,25,0.0,0,A,1
120,26,0.0,2,C,3
120,27,1.0,0,A,0
120,28,0.0,1,B,0
120,29,0.0,1,B,2
120,30,1.0,3,D,3
120,31,0.0,1,B,4
120,32,0.0,1,B,0
120,33,1.0,0,A,0
120,34,0.0,3,D,4
120,35,0.0,3,D,1
120,36,0.0,3,D,4
120,37,0.0,1,B,0
120,38,0.0,3,D,1
120,39,0.0,1,B,3
120,40,0.0,4,E,0
120,41,0.0,1,B,3
120,42,0.0,1,B,3
120,43,0.0,1,B,3
120,44,0.0,3,D,1
120,45,0.0,2,C,3
120,46,1.0,1,B,1
120,47,1.0,2,C,2
120,48,1.0,1,B,1
120,49,1.0,3,D,3
120,50,0.0,1,B,4
120,51,1.0,1,B,1
120,52,0.0,2,C,0
120,53,1.0,3,D,3
120,54,1.0,2,C,2
120,55,0.0,2,C,1
120,56,0.0,1,B,2
120,57,0.0,1,B,4
120,58,0.0,2,C,0
120,59,1.0,1,B,1
120,60,1.0,0,A,0
120,61,1.0,0,A,0
120,62,1.0,1,B,1
120,63,0.0,4,E,2
120,64,0.0,1,B,4
120,65,1.0,3,D,3
120,66,0.0,2,C,0
120,67,0.0,0,A,4
120,68,0.0,0,A,4
120,69,0.0,0,A,2
120,70,1.0,1,B,1
120,71,0.0,4,E,2
120,72,1.0,1,B,1
120,73,0.0,1,B,4
120,74,1.0,0,A,0
120,75,1.0,2,C,2
120,76,0.0,1,B,4
120,77,0.0,1,B,2
120,78,0.0,0,A,4
120,79,0.0,3,D,1
120,80,0.0,0,A,4
120,81,0.0,3,D,2
120,82,0.0,2,C,4
120,83,1.0,3,D,3
120,84,0.0,2,C,3
120,85,1.0,1,B,1
120,86,1.0,4,E,4
120,87,0.0,4,E,2
120,88,0.0,0,A,1
120,89,1.0,4,E,4
120,90,0.0,3,D,1
120,91,1.0,1,B,1
120,92,0.0,2,C,1
120,93,1.0,0,A,0
120,94,0.0,1,B,0
120,95,0.0,1,B,2
120,96,1.0,0,A,0
120,97,0.0,3,D,2
120,98,1.0,3,D,3
120,99,1.0,3,D,3
120,100,0.0,2,C,1
120,101,0.0,1,B,2
120,102,1.0,1,B,1
120,103,1.0,1,B,1
120,104,0.0,2,C,3
120,105,0.0,2,C,4
120,106,0.0,1,B,0
120,107,1.0,1,B,1
120,108,0.0,1,B,3
120,109,0.0,3,D,1
120,110,0.0,3,D,2
120,111,0.0,1,B,3
120,112,1.0,1,B,1
120,113,0.0,1,B,2
120,114,1.0,2,C,2
120,115,0.0,2,C,4
120,116,1.0,2,C,2
120,117,0.0,2,C,1
120,118,1.0,3,D,3
120,119,0.0,1,B,2
120,120,0.0,4,E,1
120,121,1.0,2,C,2
120,122,0.0,1,B,3
120,123,0.0,1,B,3
120,124,1.0,3,D,3
120,125,1.0,4,E,4
120,126,0.0,2,C,4
120,127,1.0,3,D,3
120,128,1.0,4,E,4
120,129,0.0,0,A,1
120,130,1.0,4,E,4
120,131,0.0,1,B,3
120,132,1.0,3,D,3
120,133,0.0,1,B,0
120,134,0.0,3,D,1
120,135,0.0,3,D,4
120,136,0.0,2,C,4
120,137,0.0,3,D,1
120,138,1.0,1,B,1
120,139,1.0,4,E,4
120,140,1.0,4,E,4
120,141,0.0,0,A,3
120,142,0.0,1,B,0
120,143,0.0,3,D,4
120,144,0.0,0,A,3
120,145,1.0,1,B,1
120,146,0.0,1,B,2
120,147,0.0,0,A,1
120,148,0.0,0,A,4
120,149,0.0,1,B,4
120,150,1.0,1,B,1
120,151,0.0,1,B,2
120,152,0.0,2,C,3
120,153,1.0,2,C,2
120,154,0.0,0,A,3
120,155,0.0,1,B,2
120,156,0.0,1,B,4
120,157,1.0,2,C,2
120,158,1.0,3,D,3
120,159,1.0,0,A,0
120,160,0.0,3,D,4
120,161,1.0,3,D,3
120,162,0.0,3,D,4
120,163,1.0,3,D,3
120,164,0.0,1,B,4
120,165,0.0,1,B,0
120,166,1.0,4,E,4
120,167,0.0,1,B,3
120,168,0.0,1,B,2
120,169,0.0,1,B,0
120,170,1.0,3,D,3
120,171,1.0,1,B,1
120,172,1.0,3,D,3
120,173,0.0,1,B,3
120,174,0.0,2,C,4
120,175,0.0,4,E,3
120,176,0.0,1,B,2
120,177,1.0,4,E,4
120,178,0.0,3,D,2
120,179,1.0,0,A,0
120,180,1.0,0,A,0
120,181,0.0,1,B,4
120,182,0.0,4,E,0
120,183,1.0,1,B,1
120,184,0.0,2,C,1
120,185,0.0,3,D,0
120,186,0.0,2,C,4
120,187,0.0,0,A,3
120,188,0.0,2,C,1
120,189,0.0,4,E,0
120,190,1.0,3,D,3
120,191,0.0,1,B,2
120,192,0.0,3,D,0
120,193,0.0,1,B,2
120,194,0.0,1,B,4
120,195,0.0,2,C,3
120,196,0.0,2,C,1
120,197,0.0,1,B,3
120,198,0.0,0,A,4
120,199,0.0,0,A,2
120,200,1.0,4,E,4
120,201,1.0,1,B,1
120,202,1.0,3,D,3
120,203,1.0,3,D,3
120,204,0.0,3,D,0
120,205,1.0,3,D,3
120,206,0.0,3,D,0
120,207,0.0,0,A,3
120,208,0.0,2,C,4
120,209,0.0,3,D,2
120,210,1.0,3,D,3
120,211,1.0,1,B,1
