step,probe_index,log_prob,perplexity,target_rank
0,0,-11.531344413757324,5.193121433258057,21.0
0,1,-6.645036697387695,27.730098724365234,23.0
0,2,-6.9067277908325195,2.682302236557007,22.0
0,3,-3.4683873653411865,2.001060962677002,1.0
0,4,-13.281238555908203,27.66891860961914,1198.0
0,5,-5.7102484703063965,4.168524265289307,4.0
0,6,-27.108863830566406,9.574200630187988,85.0
0,7,-4.292316913604736,4.181927680969238,4.0
0,8,-6.154245376586914,4.65788459777832,14.0
0,9,-30.51836395263672,7.648867607116699,27.0
0,10,-3.504962205886841,2.401853084564209,2.0
0,11,-9.34912109375,3.8022334575653076,11.0
0,12,-6.44425630569458,2.5108165740966797,5.0
0,13,-5.697943210601807,3.1254820823669434,10.0
0,14,-7.675230979919434,6.812830924987793,59.0
0,15,-16.720966339111328,6.410165786743164,9.0
0,16,-10.894580841064453,37.77044677734375,29.0
0,17,-6.183720111846924,7.8557047843933105,28.0
0,18,-8.662073135375977,5.654290199279785,83.0
0,19,-1.8868296146392822,1.6027284860610962,1.0
0,20,-17.317638397216797,8.712029457092285,775.0
0,21,-6.232141017913818,4.749480724334717,7.0
0,22,-13.906828880310059,103.09074401855469,997.0
0,23,-2.3027496337890625,10.0016450881958,2.0
0,24,-4.509366512298584,3.087437868118286,3.0
0,25,-49.71282958984375,91.7757568359375,1861.0
0,26,-2.6929006576538086,1.9605501890182495,2.0
0,27,-7.826556205749512,13.583451271057129,9.0
0,28,-9.585784912109375,3.9329817295074463,4.0
0,29,-9.37363338470459,4.769646644592285,3.0
0,30,-9.371479034423828,3.814397096633911,13.0
0,31,-7.334274768829346,39.13970184326172,35.0
0,32,-22.880271911621094,97.13041687011719,209.0
0,33,-6.130570411682129,7.717755317687988,14.0
0,34,-14.791793823242188,40.364410400390625,38.0
0,35,-6.34859037399292,3.5598485469818115,5.0
0,36,-3.8510444164276123,2.160217523574829,2.0
0,37,-3.05483341217041,1.842211365699768,1.0
0,38,-6.881233215332031,9.911981582641602,5.0
0,39,-19.861602783203125,27.392444610595703,43.0
0,40,-3.8519484996795654,2.619509696960449,2.0
0,41,-4.748160362243652,2.5847585201263428,2.0
0,42,-21.959796905517578,15.564218521118164,64.0
0,43,-14.46495532989502,124.1700439453125,2307.0
0,44,-11.306909561157227,4.109755992889404,4.0
0,45,-7.341399192810059,11.555171012878418,7.0
0,46,-14.842859268188477,6.393983364105225,11.0
0,47,-17.070911407470703,17.204172134399414,28.0
0,48,-13.307731628417969,775.777587890625,1161.0
0,49,-11.484790802001953,17.658153533935547,36.0
0,50,-8.615285873413086,8.617728233337402,19.0
0,51,-9.655316352844238,3.972242593765259,189.0
0,52,-11.532824516296387,3.6017684936523438,88.0
0,53,-26.666635513305664,7.777846813201904,170.0
0,54,-8.308088302612305,15.948467254638672,42.0
0,55,-6.713128089904785,5.356346130371094,3.0
0,56,-3.7465739250183105,3.486359119415283,5.0
0,57,-11.33851432800293,9.657191276550293,167.0
0,58,-9.545061111450195,24.087358474731445,54.0
0,59,-12.555303573608398,2.847026824951172,4.0
0,60,-9.433805465698242,4.817720890045166,8.0
0,61,-8.247315406799316,61.784820556640625,21.0
0,62,-16.42854118347168,3693.28125,249.0
0,63,-13.720181465148926,4.592684268951416,9.0
0,64,-29.73823356628418,19.566585540771484,1028.0
0,65,-13.491426467895508,14.854239463806152,82.0
0,66,-11.86789321899414,3.2765440940856934,5.0
0,67,-7.80133581161499,4.760092735290527,80.0
0,68,-13.621747016906738,30.127450942993164,288.0
0,69,-2.6302285194396973,1.3394346237182617,1.0
0,70,-14.610087394714355,4.310305595397949,70.0
0,71,-23.491724014282227,18.84910774230957,42.0
0,72,-10.564062118530273,5.816373348236084,16.0
0,73,-6.267731666564941,2.189047336578369,2.0
0,74,-8.464703559875488,8.299339294433594,16.0
0,75,-10.07996940612793,4.220677375793457,16.0
0,76,-6.136685848236084,21.506237030029297,26.0
0,77,-15.28624153137207,12.777769088745117,10.0
0,78,-13.174121856689453,80.75130462646484,292.0
0,79,-44.082096099853516,82.122314453125,147.0
0,80,-12.037370681762695,3.809453248977661,69.0
0,81,-20.85960578918457,32.34957504272461,1169.0
0,82,-12.561422348022461,65.83429718017578,17.0
0,83,-12.409582138061523,11.964171409606934,26.0
0,84,-13.510543823242188,6.890045642852783,16.0
0,85,-6.210376739501953,3.46279239654541,7.0
0,86,-14.658964157104492,3.7910125255584717,49.0
0,87,-17.096920013427734,11.50080680847168,620.0
0,88,-18.31334114074707,13.683511734008789,923.0
0,89,-20.329965591430664,9.572410583496094,819.0
0,90,-4.280838489532471,8.503002166748047,14.0
0,91,-9.235535621643066,101.26773071289062,54.0
0,92,-24.195476531982422,20.58236312866211,2468.0
0,93,-9.512758255004883,23.829383850097656,68.0
0,94,-14.790489196777344,3.4299330711364746,115.0
0,95,-17.820947647094727,380.054931640625,227.0
0,96,-13.41238021850586,5.347063064575195,7.0
0,97,-6.988443851470947,5.738001823425293,4.0
0,98,-5.113472938537598,3.590775728225708,9.0
0,99,-14.960800170898438,6.488945484161377,72.0
0,100,-5.534392356872559,3.989229440689087,13.0
0,101,-28.481338500976562,13.319280624389648,65.0
0,102,-33.53520202636719,5.841634273529053,40.0
0,103,-32.71247863769531,5.594082355499268,23.0
0,104,-4.928852558135986,5.170404434204102,13.0
0,105,-4.350947856903076,8.806357383728027,3.0
0,106,-14.55078125,6.164750576019287,4.0
0,107,-9.917581558227539,5.222259998321533,13.0
0,108,-0.5673037767410278,1.7635058164596558,1.0
0,109,-10.521531105041504,13.879082679748535,12.0
0,110,-18.298015594482422,4.594383716583252,24.0
0,111,-6.764182090759277,9.532693862915039,40.0
0,112,-26.07199478149414,41.453433990478516,54.0
0,113,-22.631305694580078,92.41241455078125,501.0
0,114,-22.24718475341797,24.002771377563477,111.0
0,115,-12.57197380065918,4.0425920486450195,9.0
0,116,-13.235541343688965,27.354616165161133,48.0
0,117,-13.357389450073242,28.200716018676758,18.0
0,118,-18.36758804321289,39.39022445678711,406.0
0,119,-9.593382835388184,6.8119378089904785,7.0
0,120,-10.492156028747559,189.82034301757812,62.0
0,121,-31.764484405517578,34.103065490722656,11368.0
0,122,-7.806816101074219,13.494363784790039,25.0
0,123,-26.31125831604004,192.91542053222656,499.0
0,124,-15.65056037902832,7.0732502937316895,349.0
0,125,-15.178582191467285,3.9743893146514893,8.0
0,126,-12.16152572631836,3.8623688220977783,6.0
0,127,-12.125154495239258,3.8467912673950195,13.0
0,128,-3.581287145614624,2.0467588901519775,4.0
0,129,-17.399532318115234,5.69707727432251,84.0
0,130,-2.441375255584717,2.2564477920532227,2.0
0,131,-6.1482439041137695,4.650900840759277,6.0
0,132,-8.141096115112305,15.084966659545898,118.0
0,133,-12.203126907348633,21.131858825683594,17.0
0,134,-7.9035964012146,3.733201265335083,44.0
0,135,-5.9306745529174805,4.404684543609619,13.0
0,136,-20.274646759033203,18.10843849182129,101.0
0,137,-11.866644859313965,19.42694854736328,52.0
0,138,-18.204580307006836,9.733489990234375,87.0
0,139,-12.44440746307373,7.957125663757324,322.0
0,140,-18.09390640258789,7.46655797958374,34.0
0,141,-25.69979476928711,39.30686950683594,832.0
0,142,-5.187469959259033,5.635898590087891,18.0
0,143,-18.899808883666992,4.279479503631592,110.0
0,144,-18.984373092651367,6.675454139709473,20.0
0,145,-20.605342864990234,31.00733757019043,191.0
0,146,-8.666739463806152,17.973764419555664,6.0
0,147,-15.559261322021484,9.23270034790039,101.0
0,148,-11.288604736328125,4.100363254547119,6.0
0,149,-10.807453155517578,8.684073448181152,67.0
0,150,-15.048845291137695,8.583442687988281,210.0
0,151,-12.091739654541016,20.5515193939209,404.0
0,152,-16.75991439819336,10.960232734680176,623.0
0,153,-12.306682586669922,7.776557922363281,22.0
0,154,-13.652311325073242,3.4594833850860596,9.0
0,155,-6.304430961608887,8.178239822387695,4.0
0,156,-15.991963386535645,24.49312973022461,18.0
0,157,-20.341552734375,880.5243530273438,748.0
0,158,-15.156488418579102,6.64962911605835,35.0
0,159,-7.880795955657959,4.8363447189331055,86.0
0,160,-27.329612731933594,30.45351791381836,284.0
2,0,-11.498839378356934,5.169062614440918,21.0
2,1,-6.679294586181641,28.20917510986328,23.0
2,2,-6.936835765838623,2.693863868713379,22.0
2,3,-3.4879324436187744,2.0088984966278076,1.0
2,4,-13.27255630493164,27.608924865722656,1206.0
2,5,-5.7441301345825195,4.203983306884766,4.0
2,6,-27.058605194091797,9.534185409545898,83.0
2,7,-4.289750576019287,4.178351879119873,4.0
2,8,-6.1610846519470215,4.665855407714844,14.0
2,9,-30.642757415771484,7.7125630378723145,26.0
2,10,-3.5048298835754395,2.401773691177368,2.0
2,11,-9.367414474487305,3.812183380126953,11.0
2,12,-6.438663005828857,2.5088112354278564,4.0
2,13,-5.6921000480651855,3.1218318939208984,10.0
2,14,-7.678163528442383,6.8178277015686035,60.0
2,15,-16.686595916748047,6.385732650756836,9.0
2,16,-10.85156536102295,37.23273849487305,29.0
2,17,-6.118614196777344,7.687058448791504,27.0
2,18,-8.680868148803711,5.6755852699279785,89.0
2,19,-1.8924877643585205,1.604997158050537,1.0
2,20,-17.32691192626953,8.722134590148926,770.0
2,21,-6.25071907043457,4.7715911865234375,6.0
2,22,-13.825712203979492,100.34061431884766,965.0
2,23,-2.3107993602752686,10.082481384277344,2.0
2,24,-4.520560264587402,3.096090078353882,3.0
2,25,-49.64263916015625,91.1919937133789,1885.0
2,26,-2.6687545776367188,1.9487509727478027,2.0
2,27,-7.862819671630859,13.748641014099121,9.0
2,28,-9.568833351135254,3.923468828201294,4.0
2,29,-9.438790321350098,4.821724891662598,3.0
2,30,-9.39272689819336,3.825993299484253,13.0
2,31,-7.34081506729126,39.267906188964844,35.0
2,32,-22.890466690063477,97.32865905761719,200.0
2,33,-6.1420159339904785,7.747256278991699,14.0
2,34,-14.759843826293945,40.04328536987305,38.0
2,35,-6.410772323608398,3.6043968200683594,5.0
2,36,-3.846737861633301,2.158357620239258,2.0
2,37,-3.0812177658081055,1.851958155632019,1.0
2,38,-6.951777458190918,10.147822380065918,6.0
2,39,-19.87775421142578,27.466276168823242,43.0
2,40,-3.865131139755249,2.628156900405884,2.0
2,41,-4.751193523406982,2.586327075958252,2.0
2,42,-21.91140365600586,15.470353126525879,65.0
2,43,-14.4232816696167,122.45709991455078,2270.0
2,44,-11.280951499938965,4.096442699432373,4.0
2,45,-7.361457347869873,11.63268756866455,7.0
2,46,-14.82182502746582,6.377193927764893,11.0
2,47,-17.03592300415039,17.104137420654297,28.0
2,48,-13.269637107849121,761.1409912109375,1132.0
2,49,-11.541391372680664,17.9097957611084,39.0
2,50,-8.63792896270752,8.666648864746094,20.0
2,51,-9.644762992858887,3.9662585258483887,188.0
2,52,-11.563560485839844,3.6140902042388916,88.0
2,53,-26.628173828125,7.7548699378967285,172.0
2,54,-8.244553565979004,15.614256858825684,40.0
2,55,-6.739316940307617,5.3915300369262695,3.0
2,56,-3.755250930786133,3.496457815170288,5.0
2,57,-11.417369842529297,9.81070327758789,172.0
2,58,-9.542452812194824,24.066423416137695,54.0
2,59,-12.565889358520508,2.8495395183563232,4.0
2,60,-9.470399856567383,4.847194194793701,8.0
2,61,-8.241388320922852,61.601985931396484,22.0
2,62,-16.48696517944336,3802.7607421875,253.0
2,63,-13.749521255493164,4.607680797576904,9.0
2,64,-29.78251838684082,19.653430938720703,1008.0
2,65,-13.488262176513672,14.844840049743652,79.0
2,66,-11.865683555603027,3.27582049369812,5.0
2,67,-7.717765808105469,4.6811933517456055,77.0
2,68,-13.657171249389648,30.39544677734375,290.0
2,69,-2.6254186630249023,1.3387190103530884,1.0
2,70,-14.615691184997559,4.312720775604248,70.0
2,71,-23.526081085205078,18.93023109436035,43.0
2,72,-10.523015975952148,5.77672004699707,16.0
2,73,-6.342411994934082,2.209577798843384,2.0
2,74,-8.467825889587402,8.30582046508789,16.0
2,75,-10.018600463867188,4.183836460113525,16.0
2,76,-6.177874565124512,21.953733444213867,26.0
2,77,-15.238924026489258,12.677397727966309,10.0
2,78,-13.170526504516602,80.6545639038086,296.0
2,79,-43.97998809814453,81.28803253173828,143.0
2,80,-12.02370548248291,3.803673267364502,68.0
2,81,-20.825361251831055,32.16547393798828,1151.0
2,82,-12.574451446533203,66.12083435058594,17.0
2,83,-12.402366638183594,11.946917533874512,25.0
2,84,-13.621362686157227,6.9999918937683105,16.0
2,85,-6.280126094818115,3.5114364624023438,7.0
2,86,-14.707707405090332,3.8078482151031494,47.0
2,87,-17.112930297851562,11.527141571044922,619.0
2,88,-18.343589782714844,13.742768287658691,927.0
2,89,-20.312164306640625,9.553496360778809,826.0
2,90,-4.276325225830078,8.483835220336914,14.0
2,91,-9.262645721435547,102.64977264404297,54.0
2,92,-24.16741943359375,20.510305404663086,2473.0
2,93,-9.500274658203125,23.730432510375977,68.0
2,94,-14.712897300720215,3.4078266620635986,110.0
2,95,-17.764955520629883,373.0273742675781,218.0
2,96,-13.418073654174805,5.350870132446289,7.0
2,97,-6.954051971435547,5.688877582550049,4.0
2,98,-5.0755534172058105,3.556896209716797,8.0
2,99,-14.978504180908203,6.503322124481201,72.0
2,100,-5.515056610107422,3.969992160797119,13.0
2,101,-28.36741065979004,13.182043075561523,63.0
2,102,-33.580360412597656,5.85553503036499,42.0
2,103,-32.683589935302734,5.585583686828613,23.0
2,104,-4.9617390632629395,5.2273945808410645,13.0
2,105,-4.385495662689209,8.959798812866211,3.0
2,106,-14.51823616027832,6.1397223472595215,4.0
2,107,-9.931962013244629,5.234791278839111,12.0
2,108,-0.5667374134063721,1.7625073194503784,1.0
2,109,-10.450479507446289,13.634724617004395,12.0
2,110,-18.248220443725586,4.5753583908081055,24.0
2,111,-6.776705265045166,9.57257080078125,39.0
2,112,-26.099166870117188,41.614654541015625,54.0
2,113,-22.63621711730957,92.50323486328125,502.0
2,114,-22.388408660888672,24.491939544677734,111.0
2,115,-12.547590255737305,4.031653881072998,8.0
2,116,-13.22272777557373,27.26712989807129,49.0
2,117,-13.342693328857422,28.0972957611084,19.0
2,118,-18.35862922668457,39.319705963134766,406.0
2,119,-9.627532958984375,6.8586225509643555,7.0
2,120,-10.502721786499023,190.82579040527344,60.0
2,121,-31.781631469726562,34.16809844970703,11546.0
2,122,-7.821218490600586,13.55930233001709,26.0
2,123,-26.308443069458008,192.80682373046875,502.0
2,124,-15.669450759887695,7.089971542358398,347.0
2,125,-15.150980949401855,3.9644291400909424,8.0
2,126,-12.131921768188477,3.8496851921081543,6.0
2,127,-12.187688827514648,3.873612642288208,14.0
2,128,-3.6049187183380127,2.056455135345459,4.0
2,129,-17.316221237182617,5.649810791015625,83.0
2,130,-2.459674119949341,2.2702531814575195,2.0
2,131,-6.201818943023682,4.713613510131836,6.0
2,132,-8.171356201171875,15.237895011901855,119.0
2,133,-12.186070442199707,21.041940689086914,17.0
2,134,-7.909088134765625,3.736619710922241,40.0
2,135,-5.949211597442627,4.425144195556641,13.0
2,136,-20.2933349609375,18.156848907470703,102.0
2,137,-11.764286041259766,18.936126708984375,52.0
2,138,-18.265907287597656,9.808393478393555,87.0
2,139,-12.45653247833252,7.973222255706787,326.0
2,140,-18.115192413330078,7.484238624572754,35.0
2,141,-25.76995849609375,39.70283889770508,876.0
2,142,-5.1599955558776855,5.584519863128662,17.0
2,143,-18.958133697509766,4.298722743988037,110.0
2,144,-18.94580078125,6.649755954742432,20.0
2,145,-20.59147071838379,30.935726165771484,185.0
2,146,-8.707223892211914,18.217958450317383,7.0
2,147,-15.628704071044922,9.324748039245605,102.0
2,148,-11.319220542907715,4.116085529327393,6.0
2,149,-10.817163467407227,8.700953483581543,68.0
2,150,-15.041727066040039,8.574719429016113,211.0
2,151,-12.13642406463623,20.782390594482422,411.0
2,152,-16.73552703857422,10.922113418579102,628.0
2,153,-12.268098831176758,7.726710796356201,22.0
2,154,-13.74251937866211,3.4879701137542725,9.0
2,155,-6.285768508911133,8.127521514892578,4.0
2,156,-15.899942398071289,24.04647445678711,18.0
2,157,-20.329822540283203,877.0881958007812,734.0
2,158,-15.156574249267578,6.64970064163208,37.0
2,159,-7.905701160430908,4.860495090484619,85.0
2,160,-27.307527542114258,30.36956214904785,280.0
4,0,-11.460433006286621,5.140779495239258,20.0
4,1,-6.655832290649414,27.880184173583984,23.0
4,2,-6.972781181335449,2.7077324390411377,22.0
4,3,-3.589271068572998,2.0500295162200928,2.0
4,4,-13.281135559082031,27.66820526123047,1197.0
4,5,-5.731204509735107,4.190420627593994,4.0
4,6,-27.07093048095703,9.54398250579834,83.0
4,7,-4.341810703277588,4.251493453979492,4.0
4,8,-6.13942813873291,4.64066219329834,14.0
4,9,-30.272260665893555,7.524398326873779,26.0
4,10,-3.575178623199463,2.444387674331665,2.0
4,11,-9.38729190826416,3.823023557662964,11.0
4,12,-6.46053409576416,2.516662120819092,5.0
4,13,-5.697865962982178,3.125433921813965,10.0
4,14,-7.664541244506836,6.79464864730835,56.0
4,15,-16.732954025268555,6.418710231781006,9.0
4,16,-10.845842361450195,37.161781311035156,29.0
4,17,-6.1039252281188965,7.649511814117432,26.0
4,18,-8.685548782348633,5.680900573730469,85.0
4,19,-1.9047991037368774,1.6099445819854736,1.0
4,20,-17.301071166992188,8.69400691986084,776.0
4,21,-6.285685062408447,4.8134846687316895,6.0
4,22,-13.858183860778809,101.43262481689453,1013.0
4,23,-2.3101136684417725,10.075569152832031,2.0
4,24,-4.53447151184082,3.1068763732910156,3.0
4,25,-49.390380859375,89.12451934814453,1889.0
4,26,-2.692751169204712,1.9604768753051758,2.0
4,27,-7.919939041137695,14.012917518615723,9.0
4,28,-9.529953002929688,3.9017367362976074,4.0
4,29,-9.458099365234375,4.83726692199707,3.0
4,30,-9.362883567810059,3.8097167015075684,13.0
4,31,-7.308791637420654,38.6441650390625,35.0
4,32,-22.85588264465332,96.65776824951172,204.0
4,33,-6.1326727867126465,7.723165035247803,14.0
4,34,-14.792352676391602,40.37004852294922,38.0
4,35,-6.254814147949219,3.4937052726745605,5.0
4,36,-3.8784916400909424,2.1721084117889404,2.0
4,37,-3.128861427307129,1.8696893453598022,1.0
4,38,-6.8570356369018555,9.832356452941895,5.0
4,39,-19.789674758911133,27.06601905822754,44.0
4,40,-3.8541975021362305,2.6209828853607178,2.0
4,41,-4.8407416343688965,2.6330645084381104,2.0
4,42,-21.815174102783203,15.285378456115723,65.0
4,43,-14.411736488342285,121.9867172241211,2265.0
4,44,-11.249199867248535,4.080216407775879,4.0
4,45,-7.315454959869385,11.455672264099121,7.0
4,46,-14.737601280212402,6.3104071617126465,11.0
4,47,-17.01050567626953,17.03183364868164,27.0
4,48,-13.197896957397461,734.3226928710938,1101.0
4,49,-11.42591667175293,17.400156021118164,37.0
4,50,-8.607312202453613,8.600566864013672,19.0
4,51,-9.60573959350586,3.944209337234497,190.0
4,52,-11.556293487548828,3.611172914505005,87.0
4,53,-26.57756805419922,7.724741458892822,168.0
4,54,-8.243968963623047,15.61121654510498,39.0
4,55,-6.721658229827881,5.367780685424805,3.0
4,56,-3.763854742050171,3.506499767303467,5.0
4,57,-11.280010223388672,9.544851303100586,159.0
4,58,-9.548163414001465,24.11227798461914,54.0
4,59,-12.596696853637695,2.8568644523620605,4.0
4,60,-9.379068374633789,4.7739691734313965,8.0
4,61,-8.294817924499512,63.26985168457031,22.0
4,62,-16.303287506103516,3469.076904296875,248.0
4,63,-13.798529624938965,4.632839679718018,9.0
4,64,-29.720932006835938,19.532760620117188,988.0
4,65,-13.425832748413086,14.66064453125,82.0
4,66,-11.846020698547363,3.26938533782959,5.0
4,67,-7.693575382232666,4.658600807189941,76.0
4,68,-13.658108711242676,30.402568817138672,288.0
4,69,-2.639373302459717,1.3407962322235107,1.0
4,70,-14.351781845092773,4.200393199920654,69.0
4,71,-23.340543746948242,18.49625015258789,40.0
4,72,-10.557044982910156,5.809576034545898,16.0
4,73,-6.36845588684082,2.216782808303833,2.0
4,74,-8.406500816345215,8.179452896118164,16.0
4,75,-10.006864547729492,4.176827907562256,16.0
4,76,-6.136528491973877,21.504545211791992,26.0
4,77,-15.226513862609863,12.651204109191895,10.0
4,78,-13.082637786865234,78.32598876953125,300.0
4,79,-43.69099807739258,78.97249603271484,142.0
4,80,-12.028343200683594,3.805633783340454,68.0
4,81,-20.58571434020996,30.906063079833984,1149.0
4,82,-12.57943344116211,66.230712890625,17.0
4,83,-12.327296257019043,11.768887519836426,25.0
4,84,-13.442944526672363,6.823828220367432,16.0
4,85,-6.23181676864624,3.477673053741455,7.0
4,86,-14.736740112304688,3.8179121017456055,50.0
4,87,-17.03251838684082,11.39548110961914,619.0
4,88,-18.257675170898438,13.575129508972168,926.0
4,89,-20.202144622802734,9.437421798706055,798.0
4,90,-4.223896026611328,8.264324188232422,13.0
4,91,-9.250816345214844,102.04441833496094,54.0
4,92,-24.096019744873047,20.32806396484375,2441.0
4,93,-9.441437721252441,23.26955795288086,66.0
4,94,-14.830513000488281,3.441392183303833,120.0
4,95,-17.685470581054688,363.2738342285156,223.0
4,96,-13.402485847473145,5.3404541015625,7.0
4,97,-6.878122329711914,5.581907272338867,4.0
4,98,-5.118018627166748,3.5948586463928223,9.0
4,99,-14.982091903686523,6.50623893737793,73.0
4,100,-5.534286022186279,3.9891233444213867,13.0
4,101,-28.154382705688477,12.92921257019043,61.0
4,102,-33.40167999267578,5.800726890563965,41.0
4,103,-32.43204879760742,5.5121235847473145,23.0
4,104,-4.9705729484558105,5.242809772491455,13.0
4,105,-4.399387359619141,9.022249221801758,3.0
4,106,-14.532419204711914,6.1506171226501465,4.0
4,107,-9.885369300842285,5.194298267364502,12.0
4,108,-0.5838229060173035,1.792879343032837,1.0
4,109,-10.192376136779785,12.78271770477295,12.0
4,110,-18.16462516784668,4.543595790863037,24.0
4,111,-6.740903854370117,9.459012985229492,39.0
4,112,-25.910953521728516,40.51064682006836,55.0
4,113,-22.585750579833984,91.57423400878906,507.0
4,114,-22.136253356933594,23.62538719177246,107.0
4,115,-12.513010025024414,4.016193389892578,8.0
4,116,-13.175668716430664,26.948219299316406,47.0
4,117,-13.31608772277832,27.911029815673828,18.0
4,118,-18.3453369140625,39.21531677246094,411.0
4,119,-9.563028335571289,6.770708084106445,7.0
4,120,-10.428691864013672,183.8915252685547,60.0
4,121,-31.680530548095703,33.78641891479492,11175.0
4,122,-7.849539279937744,13.687911033630371,26.0
4,123,-26.153987884521484,186.94187927246094,494.0
4,124,-15.44926643371582,6.897495269775391,339.0
4,125,-15.096831321716309,3.9449615478515625,8.0
4,126,-12.150277137756348,3.857544183731079,6.0
4,127,-12.213663101196289,3.884808301925659,13.0
4,128,-3.5911049842834473,2.050781726837158,3.0
4,129,-17.114456176757812,5.536960124969482,77.0
4,130,-2.4640514850616455,2.2735681533813477,2.0
4,131,-6.207588195800781,4.72041654586792,6.0
4,132,-8.209226608276367,15.43147087097168,119.0
4,133,-12.095580101013184,20.57126235961914,17.0
4,134,-7.972146987915039,3.776097536087036,44.0
4,135,-5.91800594329834,4.390756130218506,13.0
4,136,-20.207761764526367,17.93623924255371,100.0
4,137,-11.678752899169922,18.53550910949707,50.0
4,138,-18.299970626831055,9.850244522094727,87.0
4,139,-12.354480743408203,7.838756084442139,327.0
4,140,-18.10171127319336,7.47303581237793,34.0
4,141,-25.786388397216797,39.7961311340332,826.0
4,142,-5.225485801696777,5.707771301269531,18.0
4,143,-18.776866912841797,4.239199161529541,108.0
4,144,-18.981657028198242,6.673641681671143,20.0
4,145,-20.552350997924805,30.734689712524414,187.0
4,146,-8.61457347869873,17.66392707824707,7.0
4,147,-15.549223899841309,9.21947193145752,101.0
4,148,-11.380215644836426,4.147587776184082,6.0
4,149,-10.803770065307617,8.677678108215332,68.0
4,150,-14.966007232666016,8.482464790344238,199.0
4,151,-12.260570526123047,21.437519073486328,410.0
4,152,-16.691112518310547,10.853034019470215,623.0
4,153,-12.13837718963623,7.561450004577637,20.0
4,154,-13.81431770324707,3.5108110904693604,9.0
4,155,-6.250276565551758,8.031935691833496,4.0
4,156,-15.919306755065918,24.139781951904297,18.0
4,157,-20.24509620666504,852.6638793945312,746.0
4,158,-15.094290733337402,6.598130702972412,34.0
4,159,-7.883988380432129,4.839433670043945,84.0
4,160,-27.107624053955078,29.620094299316406,285.0
6,0,-11.218376159667969,4.966052055358887,20.0
6,1,-6.64490270614624,27.728239059448242,22.0
6,2,-7.070918083190918,2.7459611892700195,24.0
6,3,-3.6988747119903564,2.095463752746582,2.0
6,4,-13.204879760742188,27.145734786987305,1153.0
6,5,-5.7447943687438965,4.204681873321533,4.0
6,6,-27.028465270996094,9.51026725769043,79.0
6,7,-4.357455730438232,4.2737226486206055,4.0
6,8,-6.181631565093994,4.689884185791016,14.0
6,9,-29.610857009887695,7.199827671051025,25.0
6,10,-3.5545027256011963,2.4317853450775146,1.0
6,11,-9.32115364074707,3.7870726585388184,11.0
6,12,-6.455599308013916,2.5148885250091553,4.0
6,13,-5.707946300506592,3.131741523742676,10.0
6,14,-7.64656925201416,6.764188766479492,53.0
6,15,-16.7946720123291,6.4628777503967285,9.0
6,16,-11.006936073303223,39.21183776855469,35.0
6,17,-5.934013366699219,7.228304386138916,21.0
6,18,-8.701683044433594,5.6992621421813965,83.0
6,19,-1.9230495691299438,1.6173069477081299,1.0
6,20,-17.208459854125977,8.593941688537598,790.0
6,21,-6.311544895172119,4.8447041511535645,6.0
6,22,-13.773738861083984,98.61724090576172,997.0
6,23,-2.2910890579223633,9.885698318481445,2.0
6,24,-4.50304651260376,3.082563877105713,3.0
6,25,-49.08258819580078,86.66527557373047,1889.0
6,26,-2.710719108581543,1.9693031311035156,2.0
6,27,-7.9801859855651855,14.297176361083984,9.0
6,28,-9.35928726196289,3.8077597618103027,4.0
6,29,-9.521539688110352,4.8886847496032715,3.0
6,30,-9.24105453491211,3.7439849376678467,12.0
6,31,-7.273014068603516,37.95901870727539,35.0
6,32,-22.850399017333984,96.55181884765625,212.0
6,33,-6.094627857208252,7.625840187072754,14.0
6,34,-14.816457748413086,40.61406326293945,38.0
6,35,-6.2248311042785645,3.4728176593780518,5.0
6,36,-3.9922547340393066,2.2220962047576904,3.0
6,37,-3.156799554824829,1.8801658153533936,1.0
6,38,-6.812448024749756,9.687302589416504,5.0
6,39,-19.731630325317383,26.805442810058594,43.0
6,40,-3.804947853088379,2.5889101028442383,2.0
6,41,-4.904013156890869,2.666595935821533,2.0
6,42,-21.835790634155273,15.324822425842285,65.0
6,43,-14.334820747375488,118.89891052246094,2245.0
6,44,-11.19872760772705,4.0545549392700195,4.0
6,45,-7.428600311279297,11.895976066589355,7.0
6,46,-14.483863830566406,6.113399505615234,10.0
6,47,-17.164531707763672,17.47471809387207,27.0
6,48,-13.07125473022461,689.26611328125,1030.0
6,49,-11.316057205200195,16.92876625061035,37.0
6,50,-8.721842765808105,8.850382804870605,19.0
6,51,-9.534757614135742,3.9044158458709717,187.0
6,52,-11.649375915527344,3.6487152576446533,88.0
6,53,-26.149492263793945,7.474515914916992,159.0
6,54,-8.230807304382324,15.542878150939941,37.0
6,55,-6.62615442276001,5.241137504577637,3.0
6,56,-3.8526744842529297,3.6118671894073486,6.0
6,57,-11.1137056350708,9.232604026794434,142.0
6,58,-9.479053497314453,23.563159942626953,54.0
6,59,-12.53938102722168,2.843251943588257,4.0
6,60,-9.313005447387695,4.721693515777588,8.0
6,61,-8.102070808410645,57.45691680908203,16.0
6,62,-16.084556579589844,3109.68994140625,241.0
6,63,-13.751310348510742,4.608596324920654,9.0
6,64,-29.736738204956055,19.563661575317383,987.0
6,65,-13.239240646362305,14.123613357543945,85.0
6,66,-11.874542236328125,3.27872371673584,6.0
6,67,-7.654083728790283,4.621950626373291,69.0
6,68,-13.638619422912598,30.254798889160156,279.0
6,69,-2.54724383354187,1.3271410465240479,1.0
6,70,-14.117658615112305,4.103194236755371,66.0
6,71,-23.229068756103516,18.24030303955078,39.0
6,72,-10.44325065612793,5.700431823730469,16.0
6,73,-6.398734092712402,2.225188732147217,2.0
6,74,-8.271358489990234,7.907721042633057,14.0
6,75,-9.938015937805176,4.135948181152344,15.0
6,76,-6.085831642150879,20.96628761291504,27.0
6,77,-15.079516410827637,12.345020294189453,10.0
6,78,-12.985692977905273,75.8353271484375,305.0
6,79,-43.34837341308594,76.31255340576172,141.0
6,80,-11.996201515197754,3.792066812515259,69.0
6,81,-20.28919219970703,29.41579818725586,1127.0
6,82,-12.59106731414795,66.48806762695312,18.0
6,83,-12.11546802520752,11.280702590942383,25.0
6,84,-12.872303009033203,6.289618968963623,15.0
6,85,-6.251869201660156,3.4916481971740723,7.0
6,86,-14.703575134277344,3.8064181804656982,50.0
6,87,-16.91278839111328,11.202227592468262,608.0
6,88,-18.21530532836914,13.493207931518555,924.0
6,89,-19.983715057373047,9.211132049560547,780.0
6,90,-4.15494966506958,7.984281539916992,12.0
6,91,-9.381546974182129,108.93741607666016,60.0
6,92,-24.054054260253906,20.221710205078125,2429.0
6,93,-9.479866027832031,23.569541931152344,69.0
6,94,-14.791328430175781,3.43017315864563,122.0
6,95,-17.65165901184082,359.2025451660156,226.0
6,96,-13.247493743896484,5.2379841804504395,7.0
6,97,-6.753074645996094,5.410106182098389,4.0
6,98,-5.098686695098877,3.577526569366455,9.0
6,99,-15.18769645690918,6.675619602203369,82.0
6,100,-5.509626865386963,3.964606761932373,12.0
6,101,-27.915390014648438,12.651333808898926,63.0
6,102,-33.296852111816406,5.768810749053955,41.0
6,103,-32.06602478027344,5.406951904296875,23.0
6,104,-5.012689590454102,5.316932201385498,13.0
6,105,-4.406161308288574,9.05285930633545,3.0
6,106,-14.518957138061523,6.140275955200195,4.0
6,107,-9.793161392211914,5.115082740783691,11.0
6,108,-0.609096109867096,1.8387686014175415,1.0
6,109,-9.688453674316406,11.269651412963867,12.0
6,110,-18.13780975341797,4.533453941345215,23.0
6,111,-6.66922664642334,9.235692977905273,39.0
6,112,-25.692028045654297,39.263282775878906,52.0
6,113,-22.402481079101562,88.27848052978516,499.0
6,114,-21.906997680664062,22.864173889160156,106.0
6,115,-12.291688919067383,3.9186341762542725,8.0
6,116,-13.084077835083008,26.338176727294922,47.0
6,117,-13.292641639709473,27.747907638549805,18.0
6,118,-18.17936134338379,37.934932708740234,403.0
6,119,-9.414981842041016,6.573171138763428,7.0
6,120,-10.324405670166016,174.5485382080078,55.0
6,121,-31.499279022216797,33.112796783447266,11248.0
6,122,-7.949477195739746,14.151573181152344,26.0
6,123,-25.948619842529297,179.41900634765625,486.0
6,124,-15.305564880371094,6.7747039794921875,339.0
6,125,-14.901317596435547,3.8754634857177734,8.0
6,126,-12.208566665649414,3.8826091289520264,6.0
6,127,-12.214275360107422,3.885072946548462,11.0
6,128,-3.5881004333496094,2.0495495796203613,3.0
6,129,-16.57835578918457,5.2479400634765625,72.0
6,130,-2.453564167022705,2.265634059906006,2.0
6,131,-6.263874530792236,4.787309646606445,6.0
6,132,-8.252646446228027,15.656436920166016,119.0
6,133,-11.993854522705078,20.054702758789062,16.0
6,134,-7.95985221862793,3.7683680057525635,40.0
6,135,-5.971977710723877,4.450401782989502,14.0
6,136,-20.06389808654785,17.57137680053711,104.0
6,137,-11.428238868713379,17.410261154174805,47.0
6,138,-18.181217193603516,9.705106735229492,84.0
6,139,-12.219436645507812,7.6642961502075195,324.0
6,140,-17.98755645751953,7.378847122192383,33.0
6,141,-25.874601364135742,40.30080795288086,824.0
6,142,-5.260193824768066,5.7741899490356445,19.0
6,143,-18.533000946044922,4.160417556762695,109.0
6,144,-19.052845001220703,6.721319675445557,20.0
6,145,-20.387666702270508,29.902570724487305,182.0
6,146,-8.551482200622559,17.296327590942383,6.0
6,147,-15.385592460632324,9.006457328796387,96.0
6,148,-11.5073823928833,4.214044094085693,6.0
6,149,-10.767696380615234,8.61529541015625,68.0
6,150,-14.935269355773926,8.44529914855957,188.0
6,151,-12.281094551086426,21.54779815673828,396.0
6,152,-16.499114990234375,10.559398651123047,621.0
6,153,-12.106901168823242,7.521885395050049,19.0
6,154,-13.835505485534668,3.517580032348633,10.0
6,155,-6.150023460388184,7.7679619789123535,4.0
6,156,-15.726481437683105,23.2265567779541,16.0
6,157,-19.989131927490234,782.9305419921875,695.0
6,158,-15.138978958129883,6.635091304779053,34.0
6,159,-7.841968536376953,4.798933506011963,80.0
6,160,-26.82991600036621,28.60951805114746,273.0
8,0,-10.532058715820312,4.502261638641357,19.0
8,1,-6.564173698425293,26.631290435791016,22.0
8,2,-7.061573028564453,2.742297649383545,24.0
8,3,-3.681165933609009,2.088055372238159,2.0
8,4,-13.056955337524414,26.16019058227539,1026.0
8,5,-5.726390838623047,4.185380935668945,4.0
8,6,-26.551916122436523,9.139992713928223,71.0
8,7,-4.297049522399902,4.188529968261719,4.0
8,8,-6.086023330688477,4.579115390777588,14.0
8,9,-28.156579971313477,6.534562110900879,19.0
8,10,-3.406292200088501,2.343330144882202,1.0
8,11,-9.09940242767334,3.668983221054077,11.0
8,12,-6.160460472106934,2.4110584259033203,4.0
8,13,-5.76590633392334,3.1682560443878174,9.0
8,14,-7.500950813293457,6.522369384765625,45.0
8,15,-16.771068572998047,6.445950508117676,9.0
8,16,-11.160837173461914,41.275909423828125,39.0
8,17,-5.812684535980225,6.941802978515625,20.0
8,18,-8.721845626831055,5.722290515899658,86.0
8,19,-1.8866193294525146,1.6026440858840942,1.0
8,20,-16.859909057617188,8.22755241394043,793.0
8,21,-6.2648773193359375,4.788510322570801,6.0
8,22,-13.810708999633789,99.84005737304688,1005.0
8,23,-2.3162283897399902,10.137368202209473,3.0
8,24,-4.439842224121094,3.034238815307617,3.0
8,25,-48.45703125,81.874267578125,1893.0
8,26,-2.7081525325775146,1.9680399894714355,2.0
8,27,-7.9993133544921875,14.38862419128418,9.0
8,28,-8.986215591430664,3.6101346015930176,4.0
8,29,-9.387950897216797,4.781042098999023,3.0
8,30,-9.010438919067383,3.6226491928100586,11.0
8,31,-7.120807647705078,35.177398681640625,32.0
8,32,-22.764240264892578,94.90229034423828,218.0
8,33,-5.863513946533203,7.060420513153076,13.0
8,34,-14.543600082397461,37.93598175048828,35.0
8,35,-6.104722023010254,3.390388250350952,5.0
8,36,-3.858912706375122,2.1636195182800293,3.0
8,37,-3.070809841156006,1.8481072187423706,1.0
8,38,-6.535894870758057,8.834208488464355,4.0
8,39,-19.58397674560547,26.15384292602539,44.0
8,40,-3.728959560394287,2.5401923656463623,2.0
8,41,-4.959013938903809,2.6960906982421875,2.0
8,42,-21.50983428955078,14.712967872619629,63.0
8,43,-14.307433128356934,117.81841278076172,2228.0
8,44,-11.071051597595215,3.9903600215911865,4.0
8,45,-7.429088115692139,11.897909164428711,7.0
8,46,-13.844820976257324,5.644053936004639,9.0
8,47,-17.352581024169922,18.031076431274414,26.0
8,48,-13.12026596069336,706.3656616210938,1016.0
8,49,-11.225396156311035,16.549386978149414,36.0
8,50,-8.684508323669434,8.768160820007324,18.0
8,51,-9.28696060180664,3.7686190605163574,176.0
8,52,-11.869462013244629,3.7390406131744385,98.0
8,53,-25.670597076416016,7.204179763793945,143.0
8,54,-8.198559761047363,15.376697540283203,33.0
8,55,-6.582979679107666,5.184870719909668,3.0
8,56,-3.850586414337158,3.609354019165039,6.0
8,57,-10.832200050354004,8.727160453796387,127.0
8,58,-9.645452499389648,24.90704917907715,55.0
8,59,-12.454142570495605,2.823127508163452,4.0
8,60,-9.06100082397461,4.5274858474731445,8.0
8,61,-7.865642070770264,51.0507926940918,16.0
8,62,-15.440200805664062,2253.185791015625,203.0
8,63,-13.397621154785156,4.430996894836426,8.0
8,64,-29.63027572631836,19.356483459472656,965.0
8,65,-13.204995155334473,14.02721118927002,85.0
8,66,-11.594284057617188,3.1881103515625,4.0
8,67,-7.644887447357178,4.613457202911377,64.0
8,68,-13.710875511169434,30.806289672851562,289.0
8,69,-2.374171257019043,1.3018635511398315,1.0
8,70,-13.456623077392578,3.8407297134399414,55.0
8,71,-23.211196899414062,18.199600219726562,36.0
8,72,-10.20559024810791,5.4790496826171875,13.0
8,73,-6.174137115478516,2.163586139678955,2.0
8,74,-7.952709674835205,7.302213191986084,12.0
8,75,-9.668000221252441,3.9794468879699707,14.0
8,76,-6.044105052947998,20.53339385986328,28.0
8,77,-14.815380096435547,11.813345909118652,10.0
8,78,-12.839491844177246,72.22818756103516,300.0
8,79,-42.83795928955078,72.51517486572266,140.0
8,80,-11.807819366455078,3.7135188579559326,72.0
8,81,-20.163251876831055,28.804800033569336,1211.0
8,82,-12.57044506072998,66.03258514404297,18.0
8,83,-11.85959243774414,10.717934608459473,23.0
8,84,-12.218216896057129,5.728533744812012,13.0
8,85,-6.117331504821777,3.398949146270752,7.0
8,86,-14.548362731933594,3.7530858516693115,49.0
8,87,-16.515111923217773,10.5835599899292,592.0
8,88,-17.864124298095703,12.83297061920166,924.0
8,89,-19.726804733276367,8.951911926269531,747.0
8,90,-4.047302722930908,7.565900802612305,10.0
8,91,-9.547593116760254,118.36778259277344,67.0
8,92,-23.87879180908203,19.78351402282715,2287.0
8,93,-9.2066011428833,21.51750946044922,60.0
8,94,-14.632988929748535,3.385209321975708,110.0
8,95,-17.547412872314453,346.9350891113281,211.0
8,96,-12.810911178588867,4.959792613983154,7.0
8,97,-6.509733200073242,5.09079122543335,5.0
8,98,-4.929246425628662,3.429147243499756,8.0
8,99,-15.255547523498535,6.732479572296143,84.0
8,100,-5.460572242736816,3.916283130645752,12.0
8,101,-27.33154296875,11.997347831726074,64.0
8,102,-32.66875457763672,5.581223964691162,35.0
8,103,-31.312515258789062,5.196716785430908,19.0
8,104,-4.98983097076416,5.27657413482666,13.0
8,105,-4.388693809509277,8.974138259887695,3.0
8,106,-14.32147216796875,5.9905548095703125,4.0
8,107,-9.708150863647461,5.043121337890625,11.0
8,108,-0.6057597994804382,1.8326441049575806,1.0
8,109,-9.353670120239258,10.364822387695312,12.0
8,110,-17.68198013305664,4.364477157592773,21.0
8,111,-6.623591423034668,9.096263885498047,39.0
8,112,-25.344026565551758,37.35905075073242,50.0
8,113,-22.255619049072266,85.72321319580078,487.0
8,114,-21.182209014892578,20.615222930908203,97.0
8,115,-11.529930114746094,3.6006102561950684,7.0
8,116,-13.099750518798828,26.44157600402832,47.0
8,117,-13.121247291564941,26.584060668945312,18.0
8,118,-17.73200798034668,34.68826675415039,386.0
8,119,-9.123895645141602,6.201425552368164,7.0
8,120,-10.171947479248047,161.7373504638672,51.0
8,121,-31.097684860229492,31.66773796081543,10864.0
8,122,-7.999467849731445,14.389365196228027,26.0
8,123,-25.646026611328125,168.88284301757812,441.0
8,124,-14.854382514953613,6.403199672698975,305.0
8,125,-14.65251350402832,3.7887892723083496,8.0
8,126,-12.099006652832031,3.8356316089630127,6.0
8,127,-12.063373565673828,3.8204753398895264,11.0
8,128,-3.5253443717956543,2.0239858627319336,3.0
8,129,-15.826257705688477,4.867720603942871,61.0
8,130,-2.4134521484375,2.2355427742004395,1.0
8,131,-6.059619903564453,4.5489888191223145,6.0
8,132,-8.25612735748291,15.674615859985352,118.0
8,133,-11.868415832519531,19.4355525970459,15.0
8,134,-7.897296905517578,3.729283332824707,40.0
8,135,-5.960788249969482,4.43796968460083,14.0
8,136,-20.01324462890625,17.444684982299805,111.0
8,137,-10.930356979370117,15.372639656066895,39.0
8,138,-18.122880935668945,9.634593963623047,77.0
8,139,-12.18796157836914,7.624197006225586,340.0
8,140,-17.791337966918945,7.219714164733887,33.0
8,141,-25.99350929260254,40.991241455078125,799.0
8,142,-5.2048020362854,5.668553352355957,18.0
8,143,-18.267093658447266,4.076183319091797,111.0
8,144,-18.842191696166992,6.58121395111084,20.0
8,145,-20.14146614074707,28.700397491455078,173.0
8,146,-8.319506645202637,16.00928497314453,6.0
8,147,-15.391884803771973,9.014555931091309,99.0
8,148,-11.461895942687988,4.190152168273926,6.0
8,149,-10.845878601074219,8.751067161560059,68.0
8,150,-14.79732894897461,8.28050708770752,174.0
8,151,-12.143243789672852,20.817852020263672,392.0
8,152,-16.09833526611328,9.971810340881348,590.0
8,153,-12.04504108428955,7.444733619689941,18.0
8,154,-13.61229133605957,3.4469196796417236,9.0
8,155,-5.832550525665283,6.987923622131348,4.0
8,156,-15.15597152709961,20.721965789794922,15.0
8,157,-19.827926635742188,741.969970703125,630.0
8,158,-14.869877815246582,6.415614128112793,32.0
8,159,-7.731030464172363,4.693629264831543,71.0
8,160,-26.520227432250977,27.523176193237305,270.0
10,0,-9.656408309936523,3.972862482070923,20.0
10,1,-6.373826026916504,24.213563919067383,20.0
10,2,-7.008710861206055,2.7216665744781494,22.0
10,3,-3.588970899581909,2.0499064922332764,2.0
10,4,-13.013744354248047,25.87911033630371,884.0
10,5,-5.709129333496094,4.1673583984375,4.0
10,6,-25.82733917236328,8.604438781738281,65.0
10,7,-4.080257415771484,3.8965277671813965,4.0
10,8,-5.857110023498535,4.324417591094971,12.0
10,9,-25.898305892944336,5.6212477684021,15.0
10,10,-3.2101120948791504,2.2311742305755615,1.0
10,11,-8.773348808288574,3.502004861831665,11.0
10,12,-5.861916542053223,2.3103907108306885,4.0
10,13,-5.717056751251221,3.137453317642212,9.0
10,14,-7.32045316696167,6.234593391418457,37.0
10,15,-16.682586669921875,6.3828887939453125,9.0
10,16,-11.188640594482422,41.660221099853516,42.0
10,17,-5.691180229187012,6.666266918182373,17.0
10,18,-8.686344146728516,5.681804180145264,84.0
10,19,-1.8245775699615479,1.577978253364563,1.0
10,20,-16.428421020507812,7.795546531677246,795.0
10,21,-6.153690338134766,4.657238006591797,6.0
10,22,-13.933631896972656,104.01594543457031,1041.0
10,23,-2.329901933670044,10.276933670043945,3.0
10,24,-4.222721576690674,2.873929977416992,3.0
10,25,-47.76203155517578,76.86133575439453,1799.0
10,26,-2.736448049545288,1.9820109605789185,2.0
10,27,-7.960960388183594,14.205843925476074,9.0
10,28,-8.396683692932129,3.3185441493988037,4.0
10,29,-9.185663223266602,4.622537612915039,3.0
10,30,-8.649675369262695,3.440675973892212,10.0
10,31,-6.960446357727051,32.46696472167969,31.0
10,32,-22.417972564697266,88.5523910522461,226.0
10,33,-5.496584415435791,6.247583866119385,11.0
10,34,-13.951128005981445,32.71331024169922,31.0
10,35,-6.001449108123779,3.3210792541503906,4.0
10,36,-3.555048942565918,2.036046266555786,2.0
10,37,-2.8767855167388916,1.7777652740478516,1.0
10,38,-6.36292839050293,8.339275360107422,4.0
10,39,-19.271286010742188,24.82573699951172,43.0
10,40,-3.6783382892608643,2.5082483291625977,2.0
10,41,-4.927125930786133,2.678950548171997,2.0
10,42,-21.235158920288086,14.216381072998047,63.0
10,43,-14.255532264709473,115.79761505126953,2142.0
10,44,-11.018430709838867,3.9641988277435303,4.0
10,45,-7.38355016708374,11.718669891357422,7.0
10,46,-12.869292259216309,4.996119499206543,8.0
10,47,-17.542930603027344,18.612281799316406,28.0
10,48,-13.199990272521973,735.0916748046875,1009.0
10,49,-11.210800170898438,16.48910903930664,39.0
10,50,-8.583218574523926,8.548916816711426,13.0
10,51,-8.948320388793945,3.5906436443328857,164.0
10,52,-12.006940841674805,3.7965946197509766,119.0
10,53,-25.075851440429688,6.882016658782959,125.0
10,54,-7.993190765380859,14.359289169311523,26.0
10,55,-6.366637229919434,4.911892414093018,3.0
10,56,-3.8239059448242188,3.5773966312408447,6.0
10,57,-10.357357025146484,7.936492443084717,104.0
10,58,-9.881338119506836,26.94450569152832,56.0
10,59,-12.37709903717041,2.8050599098205566,4.0
10,60,-8.572992324829102,4.173821449279785,7.0
10,61,-7.489262580871582,42.29341125488281,12.0
10,62,-14.841793060302734,1670.530517578125,169.0
10,63,-12.770806312561035,4.132896423339844,6.0
10,64,-29.536531448364258,19.17587661743164,931.0
10,65,-13.263198852539062,14.191452026367188,82.0
10,66,-11.34460163116455,3.109494686126709,4.0
10,67,-7.588744163513184,4.561944007873535,58.0
10,68,-13.839515686035156,31.81312370300293,298.0
10,69,-2.048239231109619,1.2555606365203857,1.0
10,70,-12.470280647277832,3.479985475540161,40.0
10,71,-23.14330291748047,18.045799255371094,32.0
10,72,-9.70968246459961,5.044408321380615,11.0
10,73,-5.785214424133301,2.0609185695648193,2.0
10,74,-7.721519947052002,6.892128944396973,11.0
10,75,-9.211906433105469,3.7284276485443115,13.0
10,76,-6.061096668243408,20.70858383178711,28.0
10,77,-14.40085220336914,11.024741172790527,10.0
10,78,-12.594361305236816,66.56111907958984,280.0
10,79,-42.84162139892578,72.54173278808594,149.0
10,80,-11.6006441116333,3.629012107849121,82.0
10,81,-20.063270568847656,28.328786849975586,1308.0
10,82,-12.429361343383789,62.999088287353516,17.0
10,83,-11.552352905273438,10.079166412353516,22.0
10,84,-11.158615112304688,4.923835754394531,12.0
10,85,-5.742988109588623,3.1537668704986572,7.0
10,86,-14.175064086914062,3.627857208251953,53.0
10,87,-15.956674575805664,9.772038459777832,573.0
10,88,-17.377201080322266,11.9706449508667,906.0
10,89,-19.366010665893555,8.600143432617188,719.0
10,90,-3.793787717819214,6.665159702301025,5.0
10,91,-9.71062183380127,128.42062377929688,77.0
10,92,-23.71666145324707,19.386611938476562,2068.0
10,93,-8.879429817199707,19.2943058013916,50.0
10,94,-14.094685554504395,3.2367091178894043,101.0
10,95,-17.364009857177734,326.36077880859375,186.0
10,96,-12.150389671325684,4.566735744476318,6.0
10,97,-6.2475175857543945,4.767773151397705,5.0
10,98,-4.674708366394043,3.2177329063415527,7.0
10,99,-15.151259422302246,6.645284175872803,83.0
10,100,-5.415910243988037,3.8727991580963135,14.0
10,101,-26.796693801879883,11.427961349487305,69.0
10,102,-32.0543212890625,5.403622627258301,25.0
10,103,-30.376548767089844,4.946922779083252,17.0
10,104,-4.975458145141602,5.251354217529297,12.0
10,105,-4.263236999511719,8.428497314453125,3.0
10,106,-13.993107795715332,5.749647617340088,4.0
10,107,-9.500432968139648,4.871517658233643,11.0
10,108,-0.5979694724082947,1.818422794342041,1.0
10,109,-9.214262008666992,10.009808540344238,11.0
10,110,-17.11994171142578,4.164773464202881,19.0
10,111,-6.455580234527588,8.60084056854248,38.0
10,112,-24.813779830932617,34.63365173339844,44.0
10,113,-22.049766540527344,82.2656021118164,450.0
10,114,-20.533187866210938,18.789770126342773,73.0
10,115,-10.059545516967773,3.057896375656128,6.0
10,116,-13.141469955444336,26.718801498413086,46.0
10,117,-12.872824668884277,24.983264923095703,18.0
10,118,-17.017471313476562,30.068988800048828,336.0
10,119,-8.682577133178711,5.677525043487549,7.0
10,120,-10.004140853881836,148.7207489013672,45.0
10,121,-30.78888702392578,30.599613189697266,11220.0
10,122,-7.9220194816589355,14.022640228271484,26.0
10,123,-24.98853302001953,148.07315063476562,347.0
10,124,-14.099164962768555,5.82637882232666,225.0
10,125,-14.270776748657227,3.6595616340637207,7.0
10,126,-11.663895606994629,3.654606580734253,6.0
10,127,-11.713815689086914,3.674933671951294,9.0
10,128,-3.2979719638824463,1.9340077638626099,2.0
10,129,-14.8268461227417,4.404754638671875,55.0
10,130,-2.300906181335449,2.1532294750213623,1.0
10,131,-5.717620849609375,4.176214694976807,4.0
10,132,-8.252086639404297,15.653514862060547,119.0
10,133,-11.66993236541748,18.494680404663086,15.0
10,134,-7.792932033538818,3.6649768352508545,39.0
10,135,-5.989843845367432,4.4703240394592285,15.0
10,136,-19.86182403564453,17.07138442993164,114.0
10,137,-10.33458137512207,13.24533462524414,35.0
10,138,-17.840486526489258,9.300432205200195,58.0
10,139,-12.2178373336792,7.6622538566589355,363.0
10,140,-17.371789932250977,6.890880584716797,35.0
10,141,-25.696285247802734,39.287166595458984,691.0
10,142,-5.154873371124268,5.574993133544922,17.0
10,143,-17.74111557006836,3.914552927017212,111.0
10,144,-18.58156967163086,6.411908149719238,19.0
10,145,-19.783620834350586,27.038724899291992,164.0
10,146,-8.029379844665527,14.533554077148438,6.0
10,147,-15.510271072387695,9.16831111907959,101.0
10,148,-11.23254108428955,4.071728706359863,6.0
10,149,-10.982879638671875,8.994163513183594,67.0
10,150,-14.572132110595703,8.018354415893555,145.0
10,151,-11.849361419677734,19.34318733215332,395.0
10,152,-15.56844711303711,9.244824409484863,577.0
10,153,-11.948225021362305,7.325569152832031,17.0
10,154,-13.05727767944336,3.2773172855377197,10.0
10,155,-5.130094051361084,5.529135227203369,4.0
10,156,-14.439104080200195,17.954139709472656,14.0
10,157,-19.78112030029297,730.4835205078125,594.0
10,158,-14.46507740020752,6.09906005859375,32.0
10,159,-7.595694065093994,4.568289279937744,64.0
10,160,-26.061180114746094,25.98832893371582,261.0
12,0,-8.917638778686523,3.5749402046203613,20.0
12,1,-6.06186580657959,20.716548919677734,20.0
12,2,-6.821120262145996,2.649698257446289,19.0
12,3,-3.4581658840179443,1.9969743490219116,2.0
12,4,-13.064474105834961,26.20941162109375,844.0
12,5,-5.63384485244751,4.089657306671143,3.0
12,6,-24.73633575439453,7.8566575050354,52.0
12,7,-3.8444390296936035,3.6019654273986816,3.0
12,8,-5.699706077575684,4.157552242279053,11.0
12,9,-23.45149040222168,4.7751851081848145,11.0
12,10,-3.0994861125946045,2.1703133583068848,1.0
12,11,-8.509164810180664,3.372299909591675,10.0
12,12,-5.516074180603027,2.199017286300659,4.0
12,13,-5.477939128875732,2.9909403324127197,9.0
12,14,-7.083795070648193,5.876426696777344,30.0
12,15,-16.268386840820312,6.095791339874268,9.0
12,16,-11.122232437133789,40.748165130615234,48.0
12,17,-5.483333587646484,6.220049858093262,16.0
12,18,-8.564385414123535,5.544890880584717,74.0
12,19,-1.6194767951965332,1.4991064071655273,1.0
12,20,-15.847225189208984,7.249287128448486,801.0
12,21,-5.875570774078369,4.344421863555908,6.0
12,22,-14.07824420928955,109.1527328491211,1088.0
12,23,-2.2211339473724365,9.217777252197266,3.0
12,24,-3.9696898460388184,2.6977620124816895,3.0
12,25,-46.813941955566406,70.51412963867188,1726.0
12,26,-2.819847583770752,2.0237696170806885,2.0
12,27,-7.7776265144348145,13.363701820373535,9.0
12,28,-7.927333831787109,3.1033315658569336,4.0
12,29,-8.968413352966309,4.458157539367676,3.0
12,30,-8.457322120666504,3.347416639328003,9.0
12,31,-6.87204647064209,31.063180923461914,31.0
12,32,-22.051925659179688,82.30115509033203,219.0
12,33,-4.9741106033325195,5.248995780944824,10.0
12,34,-13.12124252319336,26.584028244018555,27.0
12,35,-5.734559059143066,3.1484551429748535,4.0
12,36,-3.265054702758789,1.9213171005249023,2.0
12,37,-2.6691789627075195,1.7054615020751953,1.0
12,38,-6.157185077667236,7.78652811050415,5.0
12,39,-18.940425872802734,23.493824005126953,42.0
12,40,-3.567432403564453,2.4396586418151855,2.0
12,41,-4.737431526184082,2.5792181491851807,3.0
12,42,-21.008615493774414,13.819448471069336,64.0
12,43,-14.310846328735352,117.95252990722656,2182.0
12,44,-11.028663635253906,3.969273090362549,4.0
12,45,-7.291950225830078,11.366268157958984,7.0
12,46,-11.77137279510498,4.355422496795654,8.0
12,47,-17.70796775817871,19.131343841552734,30.0
12,48,-13.317615509033203,779.6209106445312,1020.0
12,49,-11.088296890258789,15.991769790649414,41.0
12,50,-8.739324569702148,8.889147758483887,13.0
12,51,-8.678329467773438,3.45478892326355,140.0
12,52,-11.977510452270508,3.7841999530792236,130.0
12,53,-24.35720443725586,6.511898994445801,118.0
12,54,-7.841438293457031,13.650999069213867,21.0
12,55,-6.078168869018555,4.570132255554199,3.0
12,56,-3.8463785648345947,3.604295015335083,6.0
12,57,-10.0877685546875,7.519907474517822,97.0
12,58,-10.134452819824219,29.316513061523438,61.0
12,59,-12.276945114135742,2.7817459106445312,4.0
12,60,-8.129133224487305,3.8762006759643555,7.0
12,61,-6.977602481842041,32.74666976928711,10.0
12,62,-13.653959274291992,922.4005737304688,100.0
12,63,-12.281097412109375,3.914025068283081,5.0
12,64,-29.481508255004883,19.070655822753906,919.0
12,65,-13.122617721557617,13.79800033569336,83.0
12,66,-11.301758766174316,3.096200704574585,4.0
12,67,-7.693964958190918,4.658963680267334,57.0
12,68,-13.868399620056152,32.043678283691406,303.0
12,69,-1.8116734027862549,1.2229880094528198,1.0
12,70,-11.143693923950195,3.0476455688476562,28.0
12,71,-22.76004981994629,17.2016658782959,29.0
12,72,-8.86393928527832,4.381202220916748,6.0
12,73,-5.46836519241333,1.980888843536377,2.0
12,74,-7.296891689300537,6.197976589202881,11.0
12,75,-8.662736892700195,3.447101593017578,10.0
12,76,-6.1419830322265625,21.563274383544922,28.0
12,77,-13.853178977966309,10.062978744506836,10.0
12,78,-12.499706268310547,64.49378204345703,294.0
12,79,-42.0997314453125,67.35474395751953,137.0
12,80,-11.492603302001953,3.5857081413269043,88.0
12,81,-19.230512619018555,24.657608032226562,1179.0
12,82,-12.250062942504883,59.34420394897461,15.0
12,83,-11.190657615661621,9.3757963180542,20.0
12,84,-9.838047981262207,4.077301979064941,9.0
12,85,-5.317859649658203,2.8966991901397705,5.0
12,86,-13.466113090515137,3.4014172554016113,46.0
12,87,-15.373435020446777,8.990827560424805,552.0
12,88,-16.964311599731445,11.284985542297363,914.0
12,89,-19.100162506103516,8.349822998046875,652.0
12,90,-3.5796666145324707,5.9884538650512695,5.0
12,91,-9.338666915893555,106.62664794921875,73.0
12,92,-23.40542221069336,18.646860122680664,1813.0
12,93,-8.819559097290039,18.91306495666504,50.0
12,94,-13.345401763916016,3.040788173675537,95.0
12,95,-16.819564819335938,272.19580078125,159.0
12,96,-11.549790382385254,4.2364420890808105,6.0
12,97,-6.091983795166016,4.585944175720215,5.0
12,98,-4.493818283081055,3.075460195541382,4.0
12,99,-14.906513214111328,6.445061206817627,82.0
12,100,-5.3375678062438965,3.7976858615875244,14.0
12,101,-25.814971923828125,10.452232360839844,57.0
12,102,-31.31928253173828,5.198568344116211,25.0
12,103,-29.358997344970703,4.688957691192627,15.0
12,104,-4.744746208190918,4.862642765045166,12.0
12,105,-3.9812521934509277,7.320115566253662,3.0
12,106,-13.758909225463867,5.583766937255859,4.0
12,107,-9.229962348937988,4.656793594360352,8.0
12,108,-0.5795895457267761,1.7853055000305176,1.0
12,109,-8.979534149169922,9.439315795898438,11.0
12,110,-16.456546783447266,3.9407808780670166,15.0
12,111,-6.368344306945801,8.35434341430664,39.0
12,112,-24.0440673828125,31.02727508544922,40.0
12,113,-21.67236328125,76.28472137451172,397.0
12,114,-19.385589599609375,15.948580741882324,62.0
12,115,-8.516130447387695,2.5759973526000977,3.0
12,116,-13.271134376525879,27.59911346435547,45.0
12,117,-12.631105422973633,23.51824378967285,17.0
12,118,-16.324357986450195,26.176748275756836,292.0
12,119,-8.361903190612793,5.3248291015625,6.0
12,120,-9.87786865234375,139.6213836669922,43.0
12,121,-30.399330139160156,29.303396224975586,11126.0
12,122,-7.945442199707031,14.132550239562988,26.0
12,123,-24.146240234375,125.11683654785156,278.0
12,124,-13.270695686340332,5.25319766998291,198.0
12,125,-13.627053260803223,3.4515488147735596,6.0
12,126,-11.424982070922852,3.5588676929473877,6.0
12,127,-11.363760948181152,3.534741163253784,8.0
12,128,-3.1323843002319336,1.8710070848464966,2.0
12,129,-13.771267890930176,3.9634974002838135,52.0
12,130,-2.1642346382141113,2.057335138320923,1.0
12,131,-5.235267162322998,3.7017910480499268,3.0
12,132,-8.268350601196289,15.738609313964844,118.0
12,133,-11.288984298706055,16.8145751953125,13.0
12,134,-7.773804664611816,3.6533119678497314,38.0
12,135,-6.1368608474731445,4.6376848220825195,16.0
12,136,-19.82512664794922,16.982120513916016,119.0
12,137,-9.931463241577148,11.975534439086914,32.0
12,138,-17.394771575927734,8.79643440246582,44.0
12,139,-12.376253128051758,7.867252349853516,367.0
12,140,-16.692630767822266,6.390016555786133,37.0
12,141,-24.95090675354004,35.31879425048828,563.0
12,142,-4.973360061645508,5.247683048248291,16.0
12,143,-17.027725219726562,3.7055256366729736,106.0
12,144,-18.279441833496094,6.2210845947265625,16.0
12,145,-19.598644256591797,26.217853546142578,159.0
12,146,-7.662409782409668,12.860190391540527,5.0
12,147,-15.558402061462402,9.2315673828125,102.0
12,148,-10.908639907836914,3.9101667404174805,6.0
12,149,-11.113190650939941,9.231653213500977,67.0
12,150,-14.290464401245117,7.702114105224609,128.0
12,151,-11.35224723815918,17.082624435424805,385.0
12,152,-15.128037452697754,8.681100845336914,566.0
12,153,-11.58340072631836,6.893415927886963,13.0
12,154,-12.313508987426758,3.0630462169647217,8.0
12,155,-4.585941314697266,4.61193323135376,3.0
12,156,-13.870185852050781,16.023191452026367,13.0
12,157,-19.51261329650879,667.9439697265625,510.0
12,158,-14.015999794006348,5.7661237716674805,36.0
12,159,-7.319096565246582,4.322436809539795,56.0
12,160,-25.839862823486328,25.27922248840332,252.0
14,0,-8.490936279296875,3.3635294437408447,18.0
14,1,-5.72019100189209,17.463193893432617,16.0
14,2,-6.548180103302002,2.5483710765838623,13.0
14,3,-3.4114935398101807,1.9784202575683594,1.0
14,4,-12.934505462646484,25.371498107910156,807.0
14,5,-5.522665977478027,3.9775516986846924,3.0
14,6,-23.645278930664062,7.173831939697266,42.0
14,7,-3.6669070720672607,3.3949952125549316,3.0
14,8,-5.5546488761901855,4.0094828605651855,8.0
14,9,-21.544254302978516,4.205039024353027,9.0
14,10,-2.9986467361450195,2.116284132003784,1.0
14,11,-8.400032997131348,3.3201324939727783,10.0
14,12,-5.235671520233154,2.1126708984375,4.0
14,13,-5.273724555969238,2.8712427616119385,7.0
14,14,-6.96248722076416,5.700887680053711,30.0
14,15,-15.721171379089355,5.736199378967285,11.0
14,16,-11.194962501525879,41.74810791015625,55.0
14,17,-5.246859073638916,5.7485809326171875,16.0
14,18,-8.49979019165039,5.473718166351318,70.0
14,19,-1.472994327545166,1.4452012777328491,1.0
14,20,-15.345051765441895,6.808225631713867,787.0
14,21,-5.7090678215026855,4.167294025421143,6.0
14,22,-13.977506637573242,105.54830169677734,1092.0
14,23,-2.0672833919525146,7.903324127197266,2.0
14,24,-3.776782989501953,2.5707449913024902,3.0
14,25,-45.76163101196289,64.08101654052734,1736.0
14,26,-2.9067373275756836,2.068211793899536,2.0
14,27,-7.725189208984375,13.1321439743042,9.0
14,28,-7.663358211517334,2.9884815216064453,4.0
14,29,-8.90762710571289,4.413219928741455,3.0
14,30,-8.436732292175293,3.337584972381592,9.0
14,31,-6.777457237243652,29.628259658813477,28.0
14,32,-21.819517135620117,78.5632095336914,226.0
14,33,-4.442980766296387,4.397312641143799,5.0
14,34,-12.489643096923828,22.701040267944336,23.0
14,35,-5.6559882164001465,3.0993664264678955,4.0
14,36,-3.1385555267333984,1.873317837715149,2.0
14,37,-2.551748752593994,1.665873646736145,1.0
14,38,-6.035954475402832,7.478145599365234,5.0
14,39,-18.7890625,22.908557891845703,42.0
14,40,-3.358041763305664,2.3152332305908203,2.0
14,41,-4.614661693572998,2.5166592597961426,3.0
14,42,-20.751911163330078,13.383049011230469,66.0
14,43,-14.29881477355957,117.48041534423828,2194.0
14,44,-11.023999214172363,3.966959238052368,4.0
14,45,-7.079440116882324,10.588976860046387,7.0
14,46,-11.153112411499023,4.0315022468566895,9.0
14,47,-17.63019371032715,18.88495635986328,29.0
14,48,-13.354005813598633,793.93603515625,1027.0
14,49,-10.987014770507812,15.591933250427246,44.0
14,50,-8.73518180847168,8.879945755004883,13.0
14,51,-8.485624313354492,3.3609778881073,125.0
14,52,-11.770480155944824,3.6981441974639893,133.0
14,53,-23.970252990722656,6.320925235748291,117.0
14,54,-7.720527648925781,13.11175537109375,18.0
14,55,-5.662555694580078,4.119117259979248,3.0
14,56,-3.877473831176758,3.64184832572937,6.0
14,57,-9.945327758789062,7.308701038360596,88.0
14,58,-10.143449783325195,29.40456771850586,63.0
14,59,-12.144417762756348,2.7511932849884033,4.0
14,60,-7.715486526489258,3.6179747581481934,7.0
14,61,-6.702602386474609,28.539846420288086,9.0
14,62,-12.568653106689453,536.1031494140625,60.0
14,63,-11.924032211303711,3.7617809772491455,5.0
14,64,-29.579105377197266,19.257692337036133,910.0
14,65,-12.842424392700195,13.046041488647461,83.0
14,66,-11.713024139404297,3.226191759109497,5.0
14,67,-7.681633472442627,4.647487163543701,56.0
14,68,-13.855467796325684,31.940248489379883,295.0
14,69,-1.6906718015670776,1.2066553831100464,1.0
14,70,-9.86892318725586,2.6828839778900146,19.0
14,71,-22.094648361206055,15.8287992477417,24.0
14,72,-8.137619018554688,3.8816869258880615,3.0
14,73,-5.285306930541992,1.936076283454895,2.0
14,74,-6.889151573181152,5.597320079803467,10.0
14,75,-8.168915748596191,3.2123026847839355,9.0
14,76,-6.250452518463135,22.765045166015625,30.0
14,77,-13.465795516967773,9.433801651000977,10.0
14,78,-12.511201858520508,64.74137878417969,319.0
14,79,-41.07642364501953,60.803184509277344,129.0
14,80,-11.469317436218262,3.5764427185058594,93.0
14,81,-18.03835678100586,20.2143497467041,826.0
14,82,-12.133431434631348,57.08132553100586,12.0
14,83,-10.974138259887695,8.978452682495117,20.0
14,84,-9.07952880859375,3.658581495285034,9.0
14,85,-4.980449199676514,2.7076735496520996,4.0
14,86,-13.066941261291504,3.280197858810425,44.0
14,87,-15.11253547668457,8.661895751953125,547.0
14,88,-16.727035522460938,10.908872604370117,903.0
14,89,-18.746829986572266,8.028367042541504,567.0
14,90,-3.3958640098571777,5.462639331817627,4.0
14,91,-8.969904899597168,88.6727294921875,70.0
14,92,-23.09281349182129,17.932266235351562,1502.0
14,93,-9.024959564208984,20.25334358215332,55.0
14,94,-12.730306625366211,2.8888509273529053,86.0
14,95,-16.410266876220703,237.4813232421875,144.0
14,96,-11.14070987701416,4.025257110595703,6.0
14,97,-5.911956787109375,4.384120941162109,5.0
14,98,-4.391964435577393,2.9981369972229004,4.0
14,99,-14.842357635498047,6.393582344055176,82.0
14,100,-5.2668023109436035,3.7310903072357178,14.0
14,101,-24.653966903686523,9.405266761779785,46.0
14,102,-30.250896453857422,4.914315223693848,24.0
14,103,-28.12497329711914,4.3940958976745605,15.0
14,104,-4.464351654052734,4.428749084472656,10.0
14,105,-3.762021541595459,6.560132026672363,3.0
14,106,-13.651627540588379,5.509387493133545,4.0
14,107,-9.025131225585938,4.500500202178955,8.0
14,108,-0.5784523487091064,1.7832763195037842,1.0
14,109,-8.56061840057373,8.500751495361328,9.0
14,110,-16.1036319732666,3.8265719413757324,10.0
14,111,-6.358478546142578,8.326912879943848,39.0
14,112,-23.20228385925293,27.5117130279541,38.0
14,113,-21.313323974609375,70.99893188476562,384.0
14,114,-18.73148536682129,14.525800704956055,56.0
14,115,-7.4104323387146,2.2781901359558105,2.0
14,116,-13.234321594238281,27.346277236938477,45.0
14,117,-12.431070327758789,22.37104606628418,16.0
14,118,-15.893835067749023,24.017120361328125,262.0
14,119,-8.175884246826172,5.13036584854126,6.0
14,120,-9.762626647949219,131.80364990234375,44.0
14,121,-30.05792999267578,28.21263885498047,10768.0
14,122,-8.073639869689941,14.74956226348877,24.0
14,123,-23.319061279296875,106.03955078125,243.0
14,124,-12.654296875,4.863639831542969,196.0
14,125,-13.123832702636719,3.2972068786621094,7.0
14,126,-11.31543254852295,3.5158114433288574,6.0
14,127,-11.034666061401367,3.4078240394592285,5.0
14,128,-3.0189990997314453,1.8290557861328125,2.0
14,129,-13.049873352050781,3.6876420974731445,50.0
14,130,-2.145663261413574,2.0446388721466064,1.0
14,131,-4.930519104003906,3.4302384853363037,3.0
14,132,-8.284510612487793,15.823616027832031,118.0
14,133,-10.780128479003906,14.805994033813477,10.0
14,134,-7.8821868896484375,3.7199037075042725,37.0
14,135,-6.093318462371826,4.587474346160889,16.0
14,136,-19.682279586791992,16.639080047607422,125.0
14,137,-9.856599807739258,11.753487586975098,26.0
14,138,-17.056804656982422,8.432561874389648,36.0
14,139,-12.358426094055176,7.843912124633789,349.0
14,140,-16.162738800048828,6.024652481079102,38.0
14,141,-24.161550521850586,31.55241584777832,479.0
14,142,-4.775430202484131,4.912633419036865,13.0
14,143,-16.065967559814453,3.4412806034088135,93.0
14,144,-18.100147247314453,6.110537528991699,14.0
14,145,-19.71746826171875,26.74224853515625,160.0
14,146,-7.307221412658691,11.424275398254395,4.0
14,147,-15.318859100341797,8.921002388000488,103.0
14,148,-10.768012046813965,3.8420324325561523,6.0
14,149,-11.099908828735352,9.207162857055664,65.0
14,150,-13.936079978942871,7.321890830993652,120.0
14,151,-10.970293045043945,15.526888847351074,344.0
14,152,-14.800429344177246,8.284173965454102,539.0
14,153,-11.133108139038086,6.395010471343994,8.0
14,154,-11.984325408935547,2.9727399349212646,8.0
14,155,-4.326625823974609,4.23002815246582,3.0
14,156,-13.612030029296875,15.216888427734375,11.0
14,157,-19.255859375,613.1561279296875,463.0
14,158,-13.59184455871582,5.468369960784912,36.0
14,159,-7.213034152984619,4.231712818145752,50.0
14,160,-25.854360580444336,25.325077056884766,254.0
16,0,-7.854831695556641,3.071355104446411,16.0
16,1,-5.470616340637207,15.414493560791016,15.0
16,2,-6.410626411437988,2.4987828731536865,12.0
16,3,-3.248600721359253,1.915004849433899,1.0
16,4,-12.783398628234863,24.430923461914062,678.0
16,5,-5.388123035430908,3.8459887504577637,3.0
16,6,-22.749038696289062,6.657561302185059,36.0
16,7,-3.46354341506958,3.17248272895813,3.0
16,8,-5.3721418380737305,3.8306539058685303,10.0
16,9,-19.37503433227539,3.638854742050171,6.0
16,10,-2.958702564239502,2.0952556133270264,2.0
16,11,-7.98856782913208,3.1305978298187256,10.0
16,12,-4.919412136077881,2.0193450450897217,3.0
16,13,-5.224703311920166,2.8432297706604004,6.0
16,14,-6.893570423126221,5.603506565093994,30.0
16,15,-15.23737907409668,5.43599271774292,11.0
16,16,-11.588461875915527,47.599422454833984,67.0
16,17,-5.140730857849121,5.548773765563965,16.0
16,18,-8.24894905090332,5.205885410308838,60.0
16,19,-1.3257477283477783,1.3929682970046997,1.0
16,20,-14.665081024169922,6.2534613609313965,727.0
16,21,-5.489372253417969,3.944582223892212,6.0
16,22,-14.147238731384277,111.69215393066406,1066.0
16,23,-2.135560989379883,8.461792945861816,3.0
16,24,-3.5564043521881104,2.4329416751861572,2.0
16,25,-44.440208435058594,56.82742691040039,1681.0
16,26,-2.8473005294799805,2.0377068519592285,2.0
16,27,-7.644344329833984,12.78298282623291,9.0
16,28,-7.383523941040039,2.8713698387145996,4.0
16,29,-8.647851943969727,4.226222515106201,2.0
16,30,-8.447677612304688,3.3428075313568115,9.0
16,31,-6.662719249725342,27.976354598999023,27.0
16,32,-21.472646713256836,73.29771423339844,245.0
16,33,-3.783167839050293,3.5291459560394287,4.0
16,34,-11.814558029174805,19.175617218017578,19.0
16,35,-5.452179908752441,2.9755709171295166,4.0
16,36,-2.889249563217163,1.7822024822235107,1.0
16,37,-2.3508241176605225,1.6002579927444458,1.0
16,38,-5.65473747253418,6.58577823638916,5.0
16,39,-18.494264602661133,21.81019401550293,41.0
16,40,-3.2788491249084473,2.2698466777801514,2.0
16,41,-4.4733567237854,2.4465315341949463,3.0
16,42,-20.256305694580078,12.579119682312012,65.0
16,43,-14.20609188079834,113.90491485595703,2072.0
16,44,-11.132621765136719,4.0211896896362305,4.0
16,45,-6.981682300567627,10.249484062194824,7.0
16,46,-10.422550201416016,3.679654121398926,8.0
16,47,-17.341304779052734,17.997224807739258,29.0
16,48,-13.628717422485352,910.8322143554688,1054.0
16,49,-10.899499893188477,15.25450611114502,41.0
16,50,-8.62321662902832,8.634830474853516,13.0
16,51,-8.305828094482422,3.275750160217285,101.0
16,52,-11.769813537597656,3.6978702545166016,136.0
16,53,-23.913490295410156,6.293385982513428,109.0
16,54,-7.312661647796631,11.445011138916016,14.0
16,55,-5.346434593200684,3.8061137199401855,3.0
16,56,-3.854144811630249,3.613637685775757,6.0
16,57,-9.596519470214844,6.816212177276611,81.0
16,58,-10.175779342651367,29.723159790039062,60.0
16,59,-11.894055366516113,2.6943886280059814,4.0
16,60,-7.173168182373047,3.305302619934082,5.0
16,61,-6.315566062927246,23.518400192260742,5.0
16,62,-11.705880165100098,348.25677490234375,41.0
16,63,-11.23889446258545,3.4860386848449707,5.0
16,64,-29.424110412597656,18.96150779724121,889.0
16,65,-13.186731338500977,13.976065635681152,89.0
16,66,-11.325584411621094,3.1035866737365723,4.0
16,67,-7.674288272857666,4.640664577484131,53.0
16,68,-13.839676856994629,31.81440544128418,285.0
16,69,-1.4523792266845703,1.175126075744629,1.0
16,70,-8.703468322753906,2.3877389430999756,13.0
16,71,-22.047826766967773,15.736429214477539,23.0
16,72,-7.5130720138549805,3.497955560684204,4.0
16,73,-4.992745876312256,1.866552710533142,2.0
16,74,-6.58260440826416,5.184384346008301,10.0
16,75,-7.337121486663818,2.85239839553833,8.0
16,76,-6.344638824462891,23.862768173217773,32.0
16,77,-12.89409065246582,8.576408386230469,10.0
16,78,-12.45779037475586,63.59894943237305,298.0
16,79,-40.423301696777344,56.958919525146484,133.0
16,80,-11.38908576965332,3.544701337814331,108.0
16,81,-17.52529525756836,18.55765724182129,770.0
16,82,-11.92606258392334,53.26898193359375,11.0
16,83,-10.505451202392578,8.175077438354492,20.0
16,84,-8.709124565124512,3.4700212478637695,9.0
16,85,-4.644584655761719,2.5317656993865967,4.0
16,86,-12.585237503051758,3.139653444290161,42.0
16,87,-14.671812057495117,8.133353233337402,503.0
16,88,-16.304771423339844,10.27026653289795,893.0
16,89,-18.58806037902832,7.887979984283447,486.0
16,90,-3.3520822525024414,5.344356536865234,4.0
16,91,-9.149303436279297,96.99424743652344,79.0
16,92,-23.22352409362793,18.227664947509766,1424.0
16,93,-8.761185646057129,18.548616409301758,51.0
16,94,-11.969654083251953,2.711416244506836,65.0
16,95,-16.48111915588379,243.15673828125,130.0
16,96,-10.565921783447266,3.7461931705474854,6.0
16,97,-5.692211627960205,4.1497697830200195,5.0
16,98,-3.9993081092834473,2.7178118228912354,3.0
16,99,-14.583499908447266,6.1900153160095215,70.0
16,100,-5.136958122253418,3.611920118331909,13.0
16,101,-24.161758422851562,8.993691444396973,52.0
16,102,-28.86037826538086,4.567505836486816,22.0
16,103,-26.81210708618164,4.100724220275879,14.0
16,104,-4.3668904304504395,4.287184238433838,9.0
16,105,-3.6994788646698,6.3581624031066895,2.0
16,106,-13.20813274383545,5.212275981903076,4.0
16,107,-8.77236557006836,4.314842700958252,8.0
16,108,-0.5533081293106079,1.7389963865280151,1.0
16,109,-8.052194595336914,7.486105442047119,9.0
16,110,-15.270875930786133,3.570026397705078,8.0
16,111,-6.3170318603515625,8.212664604187012,42.0
16,112,-22.717636108398438,25.671377182006836,35.0
16,113,-20.956939697265625,66.114501953125,367.0
16,114,-17.649513244628906,12.4454984664917,43.0
16,115,-6.224339008331299,1.9968944787979126,2.0
16,116,-13.40489673614502,28.537649154663086,46.0
16,117,-12.128219604492188,20.73980712890625,13.0
16,118,-15.442572593688965,21.944456100463867,243.0
16,119,-7.840943813323975,4.797950267791748,5.0
16,120,-9.565858840942383,119.45377349853516,42.0
16,121,-29.703462600708008,27.12307357788086,11281.0
16,122,-7.955628395080566,14.180619239807129,23.0
16,123,-22.9334716796875,98.16937255859375,236.0
16,124,-11.929141998291016,4.442168712615967,145.0
16,125,-13.107003211975098,3.292165994644165,7.0
16,126,-11.122986793518066,3.4414310455322266,6.0
16,127,-10.64460563659668,3.2632837295532227,6.0
16,128,-2.778636932373047,1.7432085275650024,2.0
16,129,-12.432323455810547,3.466801404953003,51.0
16,130,-2.021326780319214,1.9616296291351318,1.0
16,131,-4.545797348022461,3.1156859397888184,2.0
16,132,-8.283626556396484,15.818952560424805,118.0
16,133,-10.541204452514648,13.947511672973633,7.0
16,134,-7.789270401000977,3.662740468978882,35.0
16,135,-6.043083190917969,4.530221462249756,16.0
16,136,-19.750598907470703,16.80227279663086,136.0
16,137,-9.546245574951172,10.876031875610352,23.0
16,138,-16.744670867919922,8.109886169433594,30.0
16,139,-12.377545356750488,7.868946075439453,329.0
16,140,-15.644487380981445,5.6875319480896,42.0
16,141,-24.01382827758789,30.893535614013672,441.0
16,142,-4.633095741271973,4.684997081756592,13.0
16,143,-15.390933990478516,3.2671499252319336,92.0
16,144,-17.715618133544922,5.880030632019043,12.0
16,145,-19.470096588134766,25.662124633789062,146.0
16,146,-7.078461170196533,10.585519790649414,4.0
16,147,-15.177769660949707,8.74299430847168,108.0
16,148,-10.346317291259766,3.644757032394409,6.0
16,149,-11.058774948120117,9.131728172302246,63.0
16,150,-13.478658676147461,6.858733177185059,101.0
16,151,-10.662491798400879,14.37690258026123,317.0
16,152,-14.345405578613281,7.762803554534912,502.0
16,153,-10.690009117126465,5.939756870269775,8.0
16,154,-11.47372055053711,2.8379034996032715,8.0
16,155,-3.6602635383605957,3.3874855041503906,3.0
16,156,-13.098257064819336,13.730935096740723,11.0
16,157,-19.204618453979492,602.772216796875,427.0
16,158,-13.130887985229492,5.1621904373168945,39.0
16,159,-7.023704528808594,4.0744709968566895,48.0
16,160,-25.523115158081055,24.29788589477539,233.0
18,0,-7.347803115844727,2.8567545413970947,13.0
18,1,-5.17530632019043,13.2985258102417,10.0
18,2,-6.500140190124512,2.5309417247772217,12.0
18,3,-3.1338350772857666,1.87155020236969,2.0
18,4,-12.562263488769531,23.116943359375,517.0
18,5,-5.316651344299316,3.777879238128662,4.0
18,6,-22.203269958496094,6.361553192138672,30.0
18,7,-3.3176255226135254,3.0218677520751953,3.0
18,8,-5.160289287567139,3.633049249649048,11.0
18,9,-17.23995590209961,3.156078815460205,4.0
18,10,-2.8769710063934326,2.052877902984619,2.0
18,11,-7.546988487243652,2.939211368560791,8.0
18,12,-4.649011135101318,1.942827582359314,3.0
18,13,-5.094871520996094,2.7703518867492676,6.0
18,14,-6.86061954498291,5.557535648345947,30.0
18,15,-14.748461723327637,5.14856481552124,11.0
18,16,-11.829992294311523,51.590152740478516,62.0
18,17,-5.180634021759033,5.623071670532227,17.0
18,18,-7.925526142120361,4.879804611206055,43.0
18,19,-1.2066946029663086,1.3521199226379395,1.0
18,20,-14.113809585571289,5.837054252624512,677.0
18,21,-5.211231231689453,3.6796135902404785,6.0
18,22,-14.20445728302002,113.84284973144531,958.0
18,23,-2.2952558994293213,9.926976203918457,3.0
18,24,-3.330519914627075,2.2993581295013428,2.0
18,25,-43.46178436279297,51.99103546142578,1585.0
18,26,-2.7249579429626465,1.9763257503509521,2.0
18,27,-7.477620601654053,12.091952323913574,9.0
18,28,-7.187047004699707,2.791896104812622,4.0
18,29,-8.492637634277344,4.1182966232299805,2.0
18,30,-8.379979133605957,3.3106343746185303,7.0
18,31,-6.448726654052734,25.13756561279297,24.0
18,32,-21.216175079345703,69.63275909423828,258.0
18,33,-3.250683069229126,2.9551844596862793,3.0
18,34,-11.297269821166992,16.84943962097168,18.0
18,35,-5.299690246582031,2.8861920833587646,4.0
18,36,-2.777299404144287,1.7427423000335693,1.0
18,37,-2.197701930999756,1.5519938468933105,1.0
18,38,-5.3726043701171875,5.994654655456543,4.0
18,39,-18.267868041992188,21.002565383911133,40.0
18,40,-3.183978319168091,2.216644525527954,2.0
18,41,-4.373249530792236,2.3980355262756348,2.0
18,42,-19.95803451538086,12.118755340576172,63.0
18,43,-13.926300048828125,103.76200103759766,1788.0
18,44,-11.3189115524292,4.115926265716553,4.0
18,45,-6.993135452270508,10.288689613342285,6.0
18,46,-9.758064270019531,3.3863682746887207,7.0
18,47,-17.324302673339844,17.94629669189453,30.0
18,48,-13.758920669555664,972.1015625,1056.0
18,49,-10.903278350830078,15.268922805786133,41.0
18,50,-8.417379379272461,8.201727867126465,11.0
18,51,-8.18266487121582,3.2186179161071777,88.0
18,52,-11.774694442749023,3.699876308441162,140.0
18,53,-23.898508071899414,6.286136627197266,100.0
18,54,-7.126180171966553,10.755243301391602,11.0
18,55,-5.1600799560546875,3.632859230041504,3.0
18,56,-3.7800893783569336,3.525526285171509,6.0
18,57,-9.135598182678223,6.215956211090088,74.0
18,58,-10.075359344482422,28.74468994140625,59.0
18,59,-11.680331230163574,2.6468255519866943,4.0
18,60,-6.681860446929932,3.045433759689331,4.0
18,61,-6.083338737487793,20.940170288085938,5.0
18,62,-10.68416976928711,208.9478759765625,31.0
18,63,-10.627555847167969,3.2571074962615967,5.0
18,64,-29.338459014892578,18.799795150756836,846.0
18,65,-13.623176574707031,15.250852584838867,91.0
18,66,-10.450958251953125,2.8436708450317383,4.0
18,67,-7.741827964782715,4.703775882720947,51.0
18,68,-13.796396255493164,31.47202491760254,272.0
18,69,-1.241246223449707,1.1478794813156128,1.0
18,70,-7.586165428161621,2.135319948196411,8.0
18,71,-21.898693084716797,15.445793151855469,23.0
18,72,-6.942941665649414,3.1808769702911377,4.0
18,73,-4.6870503425598145,1.7965736389160156,1.0
18,74,-6.417662143707275,4.974950790405273,6.0
18,75,-6.562289714813232,2.5535128116607666,6.0
18,76,-6.360633373260498,24.05436897277832,31.0
18,77,-12.507917404174805,8.041799545288086,10.0
18,78,-12.223291397094727,58.81697082519531,278.0
18,79,-40.028018951416016,54.751338958740234,130.0
18,80,-11.186413764953613,3.4657700061798096,112.0
18,81,-17.420974731445312,18.237791061401367,788.0
18,82,-11.599599838256836,47.77647018432617,11.0
18,83,-9.94153881072998,7.303164482116699,18.0
18,84,-8.430922508239746,3.334815740585327,9.0
18,85,-4.350096225738525,2.3869569301605225,4.0
18,86,-12.137948989868164,3.0145480632781982,39.0
18,87,-14.346895217895508,7.764456748962402,485.0
18,88,-15.927611351013184,9.731548309326172,877.0
18,89,-18.365577697753906,7.695377826690674,428.0
18,90,-3.3807501792907715,5.421513557434082,6.0
18,91,-9.569340705871582,119.66191864013672,91.0
18,92,-23.017345428466797,17.763896942138672,1416.0
18,93,-8.246529579162598,15.624547004699707,44.0
18,94,-11.420821189880371,2.5901999473571777,53.0
18,95,-16.404037475585938,236.98867797851562,114.0
18,96,-9.927545547485352,3.458874225616455,6.0
18,97,-5.468206405639648,3.923764705657959,6.0
18,98,-3.664297580718994,2.4994592666625977,3.0
18,99,-13.994853973388672,5.7509026527404785,62.0
18,100,-5.019890308380127,3.507742166519165,11.0
18,101,-23.92129135131836,8.79921817779541,58.0
18,102,-27.781845092773438,4.31545352935791,22.0
18,103,-26.01251220703125,3.931730031967163,14.0
18,104,-4.33730936050415,4.245118618011475,9.0
18,105,-3.6396045684814453,6.170638561248779,2.0
18,106,-12.73042106628418,4.910140514373779,3.0
18,107,-8.633291244506836,4.215979099273682,8.0
18,108,-0.5283587574958801,1.6961462497711182,1.0
18,109,-7.261867046356201,6.143943786621094,8.0
18,110,-14.60673713684082,3.3778116703033447,7.0
18,111,-6.25752067565918,8.05135440826416,42.0
18,112,-22.404306411743164,24.54762840270996,33.0
18,113,-20.647037506103516,62.14108657836914,345.0
18,114,-16.44150733947754,10.472856521606445,33.0
18,115,-5.169902801513672,1.776124358177185,2.0
18,116,-13.47083568572998,29.011981964111328,45.0
18,117,-11.860435485839844,19.39681625366211,13.0
18,118,-14.9928560256958,20.05685806274414,230.0
18,119,-7.441965103149414,4.429971218109131,5.0
18,120,-9.354310989379883,107.46395874023438,38.0
18,121,-29.14274787902832,25.484825134277344,11147.0
18,122,-7.831015586853027,13.603653907775879,23.0
18,123,-22.429567337036133,88.75797271728516,222.0
18,124,-10.978646278381348,3.944533586502075,114.0
18,125,-13.22063159942627,3.3263497352600098,6.0
18,126,-10.959455490112305,3.379464626312256,5.0
18,127,-10.015878677368164,3.0430960655212402,5.0
18,128,-2.603023052215576,1.6830449104309082,2.0
18,129,-12.092655181884766,3.351022243499756,52.0
18,130,-1.9068522453308105,1.8881876468658447,1.0
18,131,-4.1856689453125,2.847431182861328,2.0
18,132,-8.20644760131836,15.417180061340332,118.0
18,133,-10.129249572753906,12.582569122314453,7.0
18,134,-7.665396213531494,3.5878963470458984,35.0
18,135,-5.889261722564697,4.359317302703857,15.0
18,136,-19.8555965423584,17.05620002746582,138.0
18,137,-9.320343017578125,10.278822898864746,24.0
18,138,-16.661209106445312,8.025718688964844,27.0
18,139,-12.36243724822998,7.849157333374023,315.0
18,140,-15.32280158996582,5.487833023071289,45.0
18,141,-24.041969299316406,31.01797866821289,438.0
18,142,-4.562043190002441,4.5753397941589355,11.0
18,143,-14.413208961486816,3.0304417610168457,88.0
18,144,-17.444900512695312,5.722982406616211,11.0
18,145,-19.099258422851562,24.124059677124023,144.0
18,146,-6.885062217712402,9.924643516540527,4.0
18,147,-15.24156379699707,8.823038101196289,107.0
18,148,-10.067899703979492,3.5200932025909424,6.0
18,149,-11.063910484313965,9.14111328125,62.0
18,150,-13.159696578979492,6.553220748901367,91.0
18,151,-10.551948547363281,13.985025405883789,305.0
18,152,-14.015912055969238,7.405871391296387,476.0
18,153,-10.227724075317383,5.4992995262146,8.0
18,154,-10.94221019744873,2.704038619995117,6.0
18,155,-2.987978935241699,2.707411289215088,2.0
18,156,-12.504159927368164,12.192635536193848,10.0
18,157,-19.234573364257812,608.8209838867188,402.0
18,158,-12.638443946838379,4.854011535644531,42.0
18,159,-6.799561023712158,3.8958511352539062,46.0
18,160,-25.034517288208008,22.85831069946289,190.0
20,0,-7.332623481750488,2.8505663871765137,13.0
20,1,-4.857894420623779,11.346929550170898,9.0
20,2,-6.4074506759643555,2.4976494312286377,9.0
20,3,-3.280531406402588,1.9272733926773071,2.0
20,4,-12.611072540283203,23.4007511138916,573.0
20,5,-5.374058246612549,3.832489490509033,4.0
20,6,-21.756755828857422,6.12919282913208,26.0
20,7,-3.274285078048706,2.9785256385803223,3.0
20,8,-4.887951374053955,3.393927812576294,6.0
20,9,-16.11328125,2.9277045726776123,4.0
20,10,-2.8050856590270996,2.016314744949341,2.0
20,11,-7.527211666107178,2.9309189319610596,9.0
20,12,-4.440474510192871,1.8858026266098022,3.0
20,13,-4.719510555267334,2.569990396499634,4.0
20,14,-6.736371994018555,5.387562274932861,24.0
20,15,-14.827524185180664,5.193992614746094,11.0
20,16,-11.541756629943848,46.864112854003906,74.0
20,17,-4.941920280456543,5.192975044250488,13.0
20,18,-7.7277913093566895,4.69058895111084,40.0
20,19,-1.173587441444397,1.3409749269485474,1.0
20,20,-13.982873916625977,5.742297172546387,682.0
20,21,-5.243494987487793,3.7094132900238037,6.0
20,22,-14.297331809997559,117.4223403930664,922.0
20,23,-2.161318778991699,8.682580947875977,3.0
20,24,-3.2638466358184814,2.2613492012023926,2.0
20,25,-43.01954650878906,49.94227981567383,1520.0
20,26,-2.8503634929656982,2.0392680168151855,2.0
20,27,-7.338472843170166,11.543906211853027,8.0
20,28,-6.95344877243042,2.7002649307250977,4.0
20,29,-8.610981941223145,4.200332164764404,2.0
20,30,-8.291056632995605,3.2688448429107666,8.0
20,31,-6.35068941116333,23.935068130493164,22.0
20,32,-20.890718460083008,65.24461364746094,244.0
20,33,-3.1135573387145996,2.8231475353240967,2.0
20,34,-10.880228996276855,15.181190490722656,13.0
20,35,-5.279097557067871,2.8743298053741455,4.0
20,36,-2.7871904373168945,1.746193289756775,1.0
20,37,-2.214569568634033,1.5572383403778076,1.0
20,38,-5.475428581237793,6.203681468963623,4.0
20,39,-18.4044189453125,21.486032485961914,40.0
20,40,-2.9887895584106445,2.1110751628875732,2.0
20,41,-4.500911712646484,2.4600517749786377,2.0
20,42,-20.135263442993164,12.390226364135742,68.0
20,43,-13.678692817687988,95.54182434082031,1721.0
20,44,-11.248245239257812,4.0797295570373535,4.0
20,45,-6.915821552276611,10.026923179626465,6.0
20,46,-9.774589538574219,3.3933706283569336,8.0
20,47,-17.393253326416016,18.15372085571289,29.0
20,48,-13.560966491699219,880.4940795898438,1055.0
20,49,-10.939668655395508,15.408467292785645,45.0
20,50,-8.665236473083496,8.726018905639648,13.0
20,51,-7.835583686828613,3.0629212856292725,67.0
20,52,-11.862714767456055,3.736238718032837,132.0
20,53,-23.213336944580078,5.963403224945068,86.0
20,54,-7.047008037567139,10.475116729736328,10.0
20,55,-5.00868558883667,3.4979300498962402,3.0
20,56,-3.6003334522247314,3.320486068725586,5.0
20,57,-9.17026138305664,6.259199619293213,72.0
20,58,-10.067073822021484,28.6654109954834,59.0
20,59,-11.497607231140137,2.6068274974823,4.0
20,60,-6.706244945526123,3.0578360557556152,4.0
20,61,-6.117012023925781,21.295717239379883,5.0
20,62,-10.16855525970459,161.4632568359375,23.0
20,63,-10.468595504760742,3.200084686279297,5.0
20,64,-28.992435455322266,18.160404205322266,768.0
20,65,-13.094082832336426,13.71947956085205,88.0
20,66,-10.289512634277344,2.7981297969818115,4.0
20,67,-7.646978855133057,4.615387439727783,48.0
20,68,-13.639120101928711,30.258586883544922,269.0
20,69,-1.3525985479354858,1.1621696949005127,1.0
20,70,-7.073172092437744,2.0285418033599854,9.0
20,71,-20.974037170410156,13.759845733642578,22.0
20,72,-7.071000099182129,3.2494966983795166,4.0
20,73,-4.684556484222412,1.796013593673706,1.0
20,74,-6.047053813934326,4.534720420837402,6.0
20,75,-6.422138214111328,2.5028958320617676,6.0
20,76,-6.371941089630127,24.19075584411621,35.0
20,77,-12.422293663024902,7.927854061126709,10.0
20,78,-12.264163970947266,59.6237907409668,291.0
20,79,-39.386741638183594,51.3504753112793,99.0
20,80,-11.05678939819336,3.4162113666534424,100.0
20,81,-16.549198150634766,15.771424293518066,593.0
20,82,-11.407624244689941,44.81493377685547,11.0
20,83,-9.58388900756836,6.799015998840332,17.0
20,84,-8.130155563354492,3.1945643424987793,9.0
20,85,-4.227050304412842,2.328932762145996,4.0
20,86,-11.739625930786133,2.9073402881622314,34.0
20,87,-14.254212379455566,7.662330627441406,486.0
20,88,-15.777570724487305,9.525177955627441,870.0
20,89,-18.372753143310547,7.701516151428223,399.0
20,90,-3.2539424896240234,5.088439464569092,4.0
20,91,-9.157270431518555,97.38139343261719,92.0
20,92,-22.709606170654297,17.093542098999023,1369.0
20,93,-8.404708862304688,16.47047996520996,44.0
20,94,-11.227316856384277,2.54876708984375,60.0
20,95,-15.961164474487305,204.46327209472656,116.0
20,96,-9.771306991577148,3.3919785022735596,4.0
20,97,-4.946666717529297,3.4441139698028564,5.0
20,98,-3.673795700073242,2.505401372909546,3.0
20,99,-14.010942459106445,5.762479782104492,64.0
20,100,-4.956268787384033,3.4523913860321045,10.0
20,101,-22.83635902404785,7.972775459289551,40.0
20,102,-26.400226593017578,4.0127854347229,24.0
20,103,-24.89827537536621,3.7077882289886475,14.0
20,104,-4.0773115158081055,3.892703056335449,9.0
20,105,-3.410781145095825,5.50353479385376,2.0
20,106,-12.873414993286133,4.998694896697998,4.0
20,107,-8.48967170715332,4.116261005401611,8.0
20,108,-0.5238814353942871,1.6885689496994019,1.0
20,109,-5.997283935546875,4.478647232055664,7.0
20,110,-14.37166690826416,3.312286853790283,6.0
20,111,-6.233651638031006,7.987549304962158,41.0
20,112,-22.065847396850586,23.388954162597656,31.0
20,113,-20.472209930419922,60.00584030151367,328.0
20,114,-15.581114768981934,9.26156997680664,34.0
20,115,-5.038924217224121,1.7504633665084839,2.0
20,116,-13.457990646362305,28.91896629333496,45.0
20,117,-11.730903625488281,18.778749465942383,12.0
20,118,-14.682170867919922,18.84851837158203,187.0
20,119,-7.583968162536621,4.557588577270508,5.0
20,120,-9.190579414367676,99.01681518554688,38.0
20,121,-28.593116760253906,23.97503089904785,10685.0
20,122,-7.7932820320129395,13.433622360229492,23.0
20,123,-21.541976928710938,74.32113647460938,179.0
20,124,-10.794502258300781,3.8547756671905518,134.0
20,125,-12.763019561767578,3.1908090114593506,6.0
20,126,-10.666019439697266,3.271057367324829,4.0
20,127,-9.81668472290039,2.9764838218688965,4.0
20,128,-2.664562225341797,1.7038874626159668,2.0
20,129,-11.808059692382812,3.256998062133789,50.0
20,130,-1.8395018577575684,1.8462698459625244,1.0
20,131,-4.110496997833252,2.794419050216675,2.0
20,132,-8.19632339477539,15.365241050720215,118.0
20,133,-9.909677505493164,11.91048812866211,7.0
20,134,-7.637986183166504,3.5715432167053223,32.0
20,135,-5.850349426269531,4.317115306854248,16.0
20,136,-19.381885528564453,15.940146446228027,114.0
20,137,-9.642723083496094,11.1415433883667,21.0
20,138,-16.274578094482422,7.647067546844482,23.0
20,139,-12.050025939941406,7.450921535491943,316.0
20,140,-14.820622444152832,5.190011024475098,45.0
20,141,-23.63706398010254,29.274696350097656,384.0
20,142,-4.354313850402832,4.269248962402344,10.0
20,143,-13.874356269836426,2.9073967933654785,87.0
20,144,-17.222618103027344,5.597173690795898,10.0
20,145,-18.999845504760742,23.72764778137207,150.0
20,146,-6.621117115020752,9.088765144348145,4.0
20,147,-15.168006896972656,8.73081111907959,108.0
20,148,-10.199009895324707,3.578258514404297,6.0
20,149,-10.933605194091797,8.905962944030762,62.0
20,150,-12.697826385498047,6.134786605834961,70.0
20,151,-10.178603172302246,12.738779067993164,274.0
20,152,-13.893576622009277,7.277567386627197,461.0
20,153,-9.728470802307129,5.060229301452637,7.0
20,154,-10.765412330627441,2.6609251499176025,6.0
20,155,-2.8911430835723877,2.621415376663208,2.0
20,156,-12.205244064331055,11.485081672668457,9.0
20,157,-18.9296875,549.9877319335938,386.0
20,158,-12.938961029052734,5.03981876373291,44.0
20,159,-6.623644828796387,3.7611658573150635,41.0
20,160,-24.966352462768555,22.66436767578125,169.0
22,0,-7.51192569732666,2.924525499343872,13.0
22,1,-4.598236083984375,9.965389251708984,9.0
22,2,-6.354634761810303,2.4788753986358643,8.0
22,3,-3.3337738513946533,1.9479055404663086,1.0
22,4,-12.957572937011719,25.518234252929688,701.0
22,5,-5.3935747146606445,3.8512344360351562,4.0
22,6,-21.451448440551758,5.975218296051025,25.0
22,7,-3.300065517425537,3.0042314529418945,3.0
22,8,-4.810599327087402,3.3289263248443604,6.0
22,9,-15.477587699890137,2.8062222003936768,4.0
22,10,-2.813007116317749,2.0203115940093994,1.0
22,11,-7.376604080200195,2.868532419204712,9.0
22,12,-4.387179851531982,1.8714994192123413,3.0
22,13,-4.441497802734375,2.430992364883423,3.0
22,14,-6.686801910400391,5.321208477020264,25.0
22,15,-15.198015213012695,5.41226863861084,12.0
22,16,-11.307393074035645,43.34238052368164,82.0
22,17,-4.624598026275635,4.6717448234558105,10.0
22,18,-7.728870868682861,4.6916022300720215,37.0
22,19,-1.1542332172393799,1.3345022201538086,1.0
22,20,-13.921407699584961,5.698346138000488,679.0
22,21,-5.380327224731445,3.838500499725342,6.0
22,22,-14.313151359558105,118.04317474365234,862.0
22,23,-1.9728939533233643,7.191458225250244,2.0
22,24,-3.198843240737915,2.2248973846435547,2.0
22,25,-42.62940979003906,48.20201110839844,1418.0
22,26,-3.0324654579162598,2.1342523097991943,2.0
22,27,-7.292726516723633,11.369211196899414,7.0
22,28,-6.79847526550293,2.6411404609680176,4.0
22,29,-8.580080032348633,4.178754806518555,2.0
22,30,-8.204713821411133,3.2287724018096924,9.0
22,31,-6.366920471191406,24.130104064941406,23.0
22,32,-20.655588150024414,62.24746322631836,220.0
22,33,-3.262265682220459,2.966615915298462,3.0
22,34,-10.690288543701172,14.477158546447754,13.0
22,35,-5.25602912902832,2.8610992431640625,4.0
22,36,-2.864980936050415,1.7735730409622192,1.0
22,37,-2.1834919452667236,1.5475891828536987,1.0
22,38,-5.723502159118652,6.73847770690918,7.0
22,39,-18.617572784423828,22.263059616088867,43.0
22,40,-2.9179811477661133,2.074033498764038,2.0
22,41,-4.538424015045166,2.4785776138305664,2.0
22,42,-20.34328842163086,12.716636657714844,69.0
22,43,-13.738420486450195,97.46306610107422,1790.0
22,44,-10.967925071716309,3.939251184463501,4.0
22,45,-6.8545637130737305,9.824257850646973,7.0
22,46,-9.82603645324707,3.4152631759643555,9.0
22,47,-17.47418212890625,18.40024185180664,30.0
22,48,-13.490962982177734,850.2083740234375,1043.0
22,49,-10.93966007232666,15.408434867858887,44.0
22,50,-8.776582717895508,8.972332000732422,16.0
22,51,-7.7104291915893555,3.0086452960968018,61.0
22,52,-11.846537590026855,3.7295289039611816,115.0
22,53,-22.49549102783203,5.643036842346191,87.0
22,54,-7.219103813171387,11.093595504760742,10.0
22,55,-4.813392639160156,3.331251621246338,3.0
22,56,-3.542119026184082,3.256673812866211,5.0
22,57,-9.260069847106934,6.372641086578369,66.0
22,58,-9.976140022277832,27.809566497802734,59.0
22,59,-11.419994354248047,2.5900216102600098,4.0
22,60,-6.683464527130127,3.046248197555542,4.0
22,61,-6.31296443939209,23.48782730102539,6.0
22,62,-9.78986930847168,133.6112823486328,19.0
22,63,-10.278135299682617,3.133074998855591,5.0
22,64,-28.927892684936523,18.043569564819336,723.0
22,65,-12.541322708129883,12.283594131469727,84.0
22,66,-10.496440887451172,2.8566343784332275,5.0
22,67,-7.642024040222168,4.61081600189209,50.0
22,68,-13.608488082885742,30.027753829956055,277.0
22,69,-1.4826014041900635,1.1790788173675537,1.0
22,70,-7.015377998352051,2.0168519020080566,12.0
22,71,-20.20928955078125,12.50540828704834,19.0
22,72,-7.176862716674805,3.307338237762451,4.0
22,73,-4.798086643218994,1.8216830492019653,1.0
22,74,-5.741102695465088,4.200802803039551,4.0
22,75,-6.376351356506348,2.4865775108337402,6.0
22,76,-6.355602264404297,23.99393653869629,33.0
22,77,-12.29838752746582,7.765813827514648,10.0
22,78,-12.47623062133789,63.99106216430664,330.0
22,79,-38.761199951171875,48.2366943359375,79.0
22,80,-11.092489242553711,3.4297890663146973,82.0
22,81,-15.715607643127441,13.725672721862793,447.0
22,82,-11.473976135253906,45.81715774536133,11.0
22,83,-9.485257148742676,6.666209697723389,17.0
22,84,-7.84860897064209,3.0686259269714355,8.0
22,85,-4.20700740814209,2.319615602493286,4.0
22,86,-11.271430969238281,2.78619122505188,28.0
22,87,-14.119608879089355,7.516397476196289,470.0
22,88,-15.710956573486328,9.434965133666992,880.0
22,89,-18.2895565032959,7.630649089813232,394.0
22,90,-3.2047693729400635,4.964858055114746,3.0
22,91,-8.634778022766113,74.99256896972656,77.0
22,92,-22.403377532958984,16.45159149169922,1173.0
22,93,-8.762850761413574,18.558914184570312,54.0
22,94,-11.075779914855957,2.5167834758758545,66.0
22,95,-15.822856903076172,195.2509765625,137.0
22,96,-9.75637149810791,3.3856515884399414,5.0
22,97,-4.440629959106445,3.0348362922668457,5.0
22,98,-3.8623626232147217,2.626338481903076,3.0
22,99,-14.183576583862305,5.888181209564209,66.0
22,100,-4.953466892242432,3.4499740600585938,9.0
22,101,-21.752147674560547,7.224428176879883,30.0
22,102,-25.26995849609375,3.7810349464416504,24.0
22,103,-23.775850296020508,3.4950950145721436,14.0
22,104,-3.8810982704162598,3.6462504863739014,5.0
22,105,-3.205878257751465,4.967611789703369,2.0
22,106,-13.037734031677246,5.102429389953613,4.0
22,107,-8.438158988952637,4.0810723304748535,8.0
22,108,-0.5265412330627441,1.6930662393569946,1.0
22,109,-5.086721420288086,3.5668413639068604,6.0
22,110,-14.380277633666992,3.314664602279663,6.0
22,111,-6.196540832519531,7.889348983764648,40.0
22,112,-21.815649032592773,22.567737579345703,31.0
22,113,-20.137523651123047,56.12070846557617,294.0
22,114,-14.956852912902832,8.471378326416016,32.0
22,115,-4.951787948608398,1.7335975170135498,2.0
22,116,-13.45659065246582,28.908845901489258,48.0
22,117,-11.558035850524902,17.98447608947754,12.0
22,118,-14.481853485107422,18.108304977416992,161.0
22,119,-7.741799354553223,4.70374870300293,5.0
22,120,-8.937234878540039,87.23603057861328,34.0
22,121,-27.865150451660156,22.11216163635254,9803.0
22,122,-7.901618480682373,13.927603721618652,23.0
22,123,-20.800357818603516,64.07609558105469,149.0
22,124,-10.828365325927734,3.871126890182495,156.0
22,125,-12.351436614990234,3.0736258029937744,6.0
22,126,-10.396841049194336,3.174672842025757,4.0
22,127,-9.755842208862305,2.956429958343506,4.0
22,128,-2.730764865875244,1.7265980243682861,2.0
22,129,-11.559440612792969,3.1770215034484863,43.0
22,130,-1.7222110033035278,1.7754790782928467,1.0
22,131,-4.07952356338501,2.77286434173584,2.0
22,132,-8.166187286376953,15.211661338806152,115.0
22,133,-9.628212928771973,11.101200103759766,7.0
22,134,-7.593681812286377,3.5452675819396973,31.0
22,135,-5.9225335121154785,4.395729064941406,17.0
22,136,-18.82042121887207,14.711529731750488,99.0
22,137,-9.923906326293945,11.95293140411377,20.0
22,138,-15.828750610351562,7.232565402984619,22.0
22,139,-12.021596908569336,7.415700435638428,338.0
22,140,-14.440624237060547,4.975439548492432,47.0
22,141,-23.381446838378906,28.224958419799805,380.0
22,142,-4.0753583908081055,3.890169620513916,10.0
22,143,-13.18189525604248,2.7565832138061523,90.0
22,144,-17.128700256347656,5.544852256774902,10.0
22,145,-19.13563346862793,24.270755767822266,170.0
22,146,-6.288858413696289,8.135896682739258,4.0
22,147,-15.127655029296875,8.680624961853027,115.0
22,148,-10.255317687988281,3.6035327911376953,6.0
22,149,-10.81075668334961,8.689812660217285,62.0
22,150,-12.356023788452148,5.8424272537231445,59.0
22,151,-10.14688491821289,12.638166427612305,265.0
22,152,-13.72578239440918,7.105194091796875,448.0
22,153,-9.307109832763672,4.717056751251221,6.0
22,154,-10.474386215209961,2.5914483070373535,6.0
22,155,-2.9048783779144287,2.6334447860717773,2.0
22,156,-12.387096405029297,11.91048812866211,9.0
22,157,-18.61896324157715,495.8736877441406,361.0
22,158,-13.113083839416504,5.150714874267578,38.0
22,159,-6.430425643920898,3.6185925006866455,36.0
22,160,-25.009363174438477,22.786548614501953,162.0
24,0,-6.938539028167725,2.694519519805908,9.0
24,1,-4.459705829620361,9.298498153686523,8.0
24,2,-5.844233512878418,2.3045616149902344,5.0
24,3,-2.997764825820923,1.8213045597076416,2.0
24,4,-12.671164512634277,23.754955291748047,457.0
24,5,-5.309211254119873,3.7708590030670166,5.0
24,6,-20.617738723754883,5.5741777420043945,25.0
24,7,-3.0328822135925293,2.748239755630493,2.0
24,8,-4.663252830505371,3.208531141281128,6.0
24,9,-13.385904312133789,2.440965414047241,4.0
24,10,-2.681863784790039,1.9551481008529663,2.0
24,11,-6.478299617767334,2.523057222366333,8.0
24,12,-4.235225200653076,1.8313111066818237,3.0
24,13,-4.253751277923584,2.341402769088745,2.0
24,14,-6.970569610595703,5.712418079376221,32.0
24,15,-14.90150260925293,5.2368621826171875,13.0
24,16,-11.53778076171875,46.80205154418945,90.0
24,17,-4.355902671813965,4.271510601043701,9.0
24,18,-7.112887859344482,4.14779806137085,17.0
24,19,-0.9455553293228149,1.2666667699813843,1.0
24,20,-13.242390632629395,5.234643936157227,578.0
24,21,-4.860867500305176,3.3710250854492188,6.0
24,22,-14.84150505065918,140.77577209472656,895.0
24,23,-2.0735056400299072,7.952653408050537,3.0
24,24,-3.0517220497131348,2.1445517539978027,2.0
24,25,-41.25691223144531,42.547813415527344,1372.0
24,26,-2.966506004333496,2.0993473529815674,2.0
24,27,-7.152835845947266,10.85123062133789,6.0
24,28,-6.354557037353516,2.4788479804992676,4.0
24,29,-7.955516815185547,3.765646457672119,2.0
24,30,-8.185617446899414,3.2199759483337402,4.0
24,31,-6.077914237976074,20.883453369140625,24.0
24,32,-20.4507999420166,59.749446868896484,278.0
24,33,-2.860469102859497,2.5947487354278564,1.0
24,34,-10.209169387817383,12.836496353149414,12.0
24,35,-4.948896884918213,2.690640926361084,3.0
24,36,-2.7258331775665283,1.7248958349227905,1.0
24,37,-1.9160728454589844,1.466992735862732,1.0
24,38,-5.441774368286133,6.134476661682129,6.0
24,39,-18.2996826171875,21.114225387573242,48.0
24,40,-2.894183874130249,2.0617311000823975,2.0
24,41,-4.329002380371094,2.37690806388855,2.0
24,42,-19.765840530395508,11.83108139038086,66.0
24,43,-14.06934928894043,108.82957458496094,1843.0
24,44,-10.617071151733398,3.7702221870422363,4.0
24,45,-6.992077350616455,10.285061836242676,7.0
24,46,-9.278366088867188,3.189281702041626,4.0
24,47,-17.926950454711914,19.84248161315918,33.0
24,48,-14.042595863342285,1120.23974609375,1035.0
24,49,-10.841634750366211,15.035418510437012,37.0
24,50,-8.324172973632812,8.012824058532715,13.0
24,51,-7.63058614730835,2.9745230674743652,58.0
24,52,-11.714122772216797,3.6750590801239014,122.0
24,53,-21.63436508178711,5.281351566314697,73.0
24,54,-7.244983673095703,11.189708709716797,11.0
24,55,-4.344311714172363,2.9626314640045166,2.0
24,56,-3.5109548568725586,3.223018169403076,5.0
24,57,-8.536373138427734,5.513914108276367,37.0
24,58,-10.210448265075684,30.068635940551758,62.0
24,59,-11.386040687561035,2.5827038288116455,4.0
24,60,-5.959266662597656,2.69989013671875,4.0
24,61,-6.199474334716797,22.19211769104004,6.0
24,62,-8.230758666992188,61.27545166015625,9.0
24,63,-9.36738109588623,2.831538200378418,5.0
24,64,-28.678279876708984,17.5987491607666,670.0
24,65,-12.923664093017578,13.259745597839355,79.0
24,66,-9.475578308105469,2.5794026851654053,4.0
24,67,-7.8128204345703125,4.771039009094238,48.0
24,68,-13.923016548156738,32.48420715332031,262.0
24,69,-1.0996906757354736,1.129966378211975,1.0
24,70,-5.908583164215088,1.805537462234497,7.0
24,71,-20.653196334838867,13.218925476074219,21.0
24,72,-6.638343811035156,3.023425817489624,4.0
24,73,-4.408084869384766,1.7350056171417236,1.0
24,74,-5.483527660369873,3.9388227462768555,4.0
24,75,-5.17521333694458,2.0945026874542236,4.0
24,76,-6.2895708084106445,23.21469497680664,33.0
24,77,-11.717174530029297,7.048835277557373,10.0
24,78,-12.371200561523438,61.78950119018555,301.0
24,79,-38.617828369140625,47.550048828125,79.0
24,80,-10.736824035644531,3.2968926429748535,78.0
24,81,-15.433555603027344,13.095376014709473,462.0
24,82,-11.49169635772705,46.088592529296875,11.0
24,83,-8.987316131591797,6.03432035446167,12.0
24,84,-7.768604278564453,3.0337533950805664,8.0
24,85,-3.5735232830047607,2.0435829162597656,4.0
24,86,-10.394460678100586,2.5726873874664307,23.0
24,87,-13.404189109802246,6.786153316497803,394.0
24,88,-15.032730102539062,8.563704490661621,898.0
24,89,-18.079069137573242,7.454258441925049,387.0
24,90,-3.2027883529663086,4.959942817687988,3.0
24,91,-9.06881046295166,93.16808319091797,98.0
24,92,-22.17060661315918,15.979806900024414,904.0
24,93,-8.396523475646973,16.425601959228516,44.0
24,94,-10.140893936157227,2.3281514644622803,39.0
24,95,-16.05228042602539,210.76841735839844,129.0
24,96,-8.967578887939453,3.0677590370178223,4.0
24,97,-4.284188747406006,2.918433904647827,5.0
24,98,-3.373084545135498,2.3239564895629883,3.0
24,99,-14.058496475219727,5.796835422515869,64.0
24,100,-4.843271255493164,3.3562283515930176,10.0
24,101,-22.260101318359375,7.565857410430908,50.0
24,102,-23.048595428466797,3.363842725753784,18.0
24,103,-21.766244888305664,3.144301652908325,13.0
24,104,-3.911353588104248,3.683209180831909,9.0
24,105,-3.1492645740509033,4.828965187072754,1.0
24,106,-12.782998085021973,4.942517280578613,4.0
24,107,-8.4448881149292,4.085651874542236,8.0
24,108,-0.4956153929233551,1.6415081024169922,1.0
24,109,-4.541530132293701,3.1123640537261963,7.0
24,110,-13.552986145019531,3.0938477516174316,5.0
24,111,-5.909931659698486,7.17051362991333,37.0
24,112,-21.657350540161133,22.063112258911133,30.0
24,113,-19.62013816833496,50.603851318359375,203.0
24,114,-12.991073608398438,6.397246360778809,14.0
24,115,-4.221220970153809,1.5984342098236084,2.0
24,116,-13.524075508117676,29.400711059570312,47.0
24,117,-10.893569946289062,15.231908798217773,11.0
24,118,-14.353036880493164,17.647733688354492,144.0
24,119,-7.341378688812256,4.341742515563965,4.0
24,120,-8.720340728759766,78.27046966552734,29.0
24,121,-27.457141876220703,21.132108688354492,10490.0
24,122,-7.921905040740967,14.02210521697998,24.0
24,123,-20.244871139526367,57.338600158691406,122.0
24,124,-9.943942070007324,3.465970754623413,120.0
24,125,-12.691975593566895,3.1702675819396973,5.0
24,126,-10.140335083007812,3.0854697227478027,4.0
24,127,-9.490104675292969,2.8704137802124023,4.0
24,128,-2.4474220275878906,1.6314747333526611,2.0
24,129,-11.100040435791016,3.0343706607818604,50.0
24,130,-1.5693449974060059,1.6872751712799072,1.0
24,131,-3.5848984718322754,2.4503347873687744,1.0
24,132,-8.071311950683594,14.738120079040527,115.0
24,133,-9.080347061157227,9.680240631103516,5.0
24,134,-7.4074530601501465,3.4369192123413086,28.0
24,135,-5.7874040603637695,4.249711036682129,16.0
24,136,-19.163686752319336,15.450934410095215,116.0
24,137,-9.365663528442383,10.39594554901123,19.0
24,138,-15.395299911499023,6.8511223793029785,18.0
24,139,-12.09879207611084,7.511727333068848,356.0
24,140,-13.910478591918945,4.690826416015625,40.0
24,141,-23.473108291625977,28.59698486328125,398.0
24,142,-3.7201688289642334,3.455808162689209,7.0
24,143,-12.235461235046387,2.563027858734131,82.0
24,144,-17.150833129882812,5.557138442993164,10.0
24,145,-18.481143951416016,21.76255226135254,163.0
24,146,-5.8393754959106445,7.00383996963501,4.0
24,147,-14.996143341064453,8.519061088562012,125.0
24,148,-10.022562026977539,3.5002005100250244,5.0
24,149,-11.060251235961914,9.134424209594727,60.0
24,150,-11.944974899291992,5.509230613708496,50.0
24,151,-9.805288314819336,11.603677749633789,237.0
24,152,-13.129451751708984,6.524967670440674,388.0
24,153,-9.2877779006958,4.701882839202881,4.0
24,154,-9.88659381866455,2.4566073417663574,5.0
24,155,-2.1571097373962402,2.052454710006714,2.0
24,156,-11.882474899291992,10.767097473144531,7.0
24,157,-18.831974029541016,532.3624877929688,337.0
24,158,-12.484048843383789,4.76123046875,52.0
24,159,-6.24016809463501,3.4834864139556885,31.0
24,160,-24.623699188232422,21.714113235473633,160.0
26,0,-6.56804084777832,2.5556116104125977,10.0
26,1,-4.4864501953125,9.423674583435059,8.0
26,2,-5.506860733032227,2.196124792098999,3.0
26,3,-2.551687002182007,1.6658531427383423,2.0
26,4,-12.34007740020752,21.867891311645508,292.0
26,5,-5.226434230804443,3.6936256885528564,5.0
26,6,-20.27151107788086,5.415647983551025,28.0
26,7,-2.8135392665863037,2.554474353790283,2.0
26,8,-4.772407054901123,3.297292709350586,8.0
26,9,-11.391756057739258,2.137101173400879,4.0
26,10,-2.8045527935028076,2.0160460472106934,2.0
26,11,-5.770246505737305,2.28033185005188,8.0
26,12,-4.228341579437256,1.8295111656188965,3.0
26,13,-4.170253753662109,2.3026273250579834,2.0
26,14,-7.359070301055908,6.295075416564941,47.0
26,15,-14.850177764892578,5.207082748413086,13.0
26,16,-11.681804656982422,49.103729248046875,87.0
26,17,-4.376270294189453,4.300610065460205,10.0
26,18,-6.420078754425049,3.611111879348755,11.0
26,19,-0.8148243427276611,1.225937843322754,1.0
26,20,-12.645038604736328,4.8580145835876465,469.0
26,21,-4.439335346221924,3.0338542461395264,5.0
26,22,-15.146910667419434,155.86187744140625,892.0
26,23,-2.2466330528259277,9.45584487915039,3.0
26,24,-2.843970775604248,2.0360114574432373,2.0
26,25,-39.95803451538086,37.809051513671875,1303.0
26,26,-2.7711586952209473,1.999285101890564,2.0
26,27,-7.175564765930176,10.933757781982422,8.0
26,28,-5.888482093811035,2.3191754817962646,4.0
26,29,-7.4680914878845215,3.471830368041992,2.0
26,30,-8.381452560424805,3.3113315105438232,2.0
26,31,-5.8976593017578125,19.083606719970703,22.0
26,32,-20.223072052001953,57.08916473388672,307.0
26,33,-2.4973838329315186,2.2989702224731445,1.0
26,34,-9.839009284973145,11.701912879943848,10.0
26,35,-4.854028224945068,2.640070676803589,3.0
26,36,-2.679654598236084,1.709038496017456,1.0
26,37,-1.7318115234375,1.413914680480957,1.0
26,38,-5.204598426818848,5.668169021606445,4.0
26,39,-17.981473922729492,20.02361297607422,48.0
26,40,-2.8338918685913086,2.0308876037597656,2.0
26,41,-4.116898536682129,2.278186559677124,2.0
26,42,-19.156253814697266,10.96306324005127,60.0
26,43,-14.254297256469727,115.74996948242188,1868.0
26,44,-10.437185287475586,3.686391830444336,4.0
26,45,-7.18437385559082,10.965909957885742,7.0
26,46,-8.786772727966309,2.9992029666900635,4.0
26,47,-18.095367431640625,20.407339096069336,33.0
26,48,-14.516733169555664,1419.935302734375,1009.0
26,49,-10.983266830444336,15.577330589294434,36.0
26,50,-7.975634574890137,7.344183444976807,11.0
26,51,-7.981741428375244,3.1275463104248047,67.0
26,52,-11.590357780456543,3.624866485595703,128.0
26,53,-21.353015899658203,5.16827917098999,76.0
26,54,-7.372313499450684,11.674860000610352,12.0
26,55,-4.06001091003418,2.759371042251587,2.0
26,56,-3.437605857849121,3.145172357559204,5.0
26,57,-8.091561317443848,5.04456901550293,32.0
26,58,-10.300267219543457,30.982494354248047,64.0
26,59,-11.35462474822998,2.575950860977173,4.0
26,60,-5.321003437042236,2.427432060241699,3.0
26,61,-6.084896087646484,20.95648193359375,7.0
26,62,-6.908890724182129,31.64073371887207,6.0
26,63,-8.785232543945312,2.6541831493377686,3.0
26,64,-28.47403335571289,17.242948532104492,625.0
26,65,-13.448763847351074,14.728034973144531,79.0
26,66,-8.505524635314941,2.34093976020813,4.0
26,67,-8.20584487915039,5.161199569702148,48.0
26,68,-14.051106452941895,33.5412712097168,243.0
26,69,-0.8715097904205322,1.1016778945922852,1.0
26,70,-5.029980182647705,1.6536716222763062,3.0
26,71,-21.008127212524414,13.81860637664795,24.0
26,72,-6.303027629852295,2.859093189239502,4.0
26,73,-4.039079666137695,1.6567949056625366,1.0
26,74,-5.61309289932251,4.068495273590088,4.0
26,75,-4.132712364196777,1.8046876192092896,3.0
26,76,-6.223793029785156,22.463605880737305,30.0
26,77,-11.42160415649414,6.7100114822387695,11.0
26,78,-12.131383895874023,57.042388916015625,267.0
26,79,-38.247283935546875,45.82035827636719,84.0
26,80,-10.657329559326172,3.2679004669189453,83.0
26,81,-15.277519226074219,12.759207725524902,523.0
26,82,-11.021350860595703,39.40069580078125,10.0
26,83,-8.362814903259277,5.325799942016602,12.0
26,84,-7.962591171264648,3.119001626968384,7.0
26,85,-3.0536177158355713,1.8417634963989258,2.0
26,86,-9.931848526000977,2.4667346477508545,21.0
26,87,-13.022472381591797,6.42600679397583,366.0
26,88,-14.751581192016602,8.226566314697266,911.0
26,89,-17.708120346069336,7.153264999389648,395.0
26,90,-3.2586588859558105,5.100453853607178,4.0
26,91,-9.677135467529297,126.2883529663086,129.0
26,92,-22.507280349731445,16.666654586791992,811.0
26,93,-7.834063529968262,13.617485046386719,34.0
26,94,-9.422770500183105,2.192913055419922,27.0
26,95,-16.43199348449707,239.2074432373047,115.0
26,96,-8.344884872436523,2.83803129196167,3.0
26,97,-4.405250549316406,3.0081119537353516,6.0
26,98,-2.8388593196868896,2.0334112644195557,2.0
26,99,-14.128850936889648,5.848039150238037,67.0
26,100,-4.816351890563965,3.333717107772827,11.0
26,101,-22.452754974365234,7.699532508850098,74.0
26,102,-21.514047622680664,3.102841377258301,17.0
26,103,-20.352413177490234,2.91882061958313,10.0
26,104,-4.004452228546143,3.799302101135254,9.0
26,105,-3.2218668460845947,5.007483005523682,1.0
26,106,-12.508636474609375,4.775886058807373,4.0
26,107,-8.540133476257324,4.151026248931885,8.0
26,108,-0.4770236909389496,1.611271619796753,1.0
26,109,-4.16973352432251,2.8361098766326904,7.0
26,110,-12.894001960754395,2.9285287857055664,5.0
26,111,-5.757176399230957,6.814541339874268,35.0
26,112,-21.237533569335938,20.7788028717041,25.0
26,113,-19.213153839111328,46.64803695678711,160.0
26,114,-11.771620750427246,5.3744707107543945,9.0
26,115,-3.684797763824463,1.5059471130371094,2.0
26,116,-13.592561721801758,29.908432006835938,44.0
26,117,-10.35085678100586,13.299337387084961,10.0
26,118,-14.52603530883789,18.269027709960938,154.0
26,119,-6.939661979675293,4.006557941436768,4.0
26,120,-8.724777221679688,78.44428253173828,24.0
26,121,-27.522764205932617,21.286752700805664,11137.0
26,122,-8.019393920898438,14.485255241394043,25.0
26,123,-19.681045532226562,51.22405242919922,95.0
26,124,-9.181217193603516,3.1507866382598877,84.0
26,125,-13.449043273925781,3.3961427211761475,5.0
26,126,-10.097803115844727,3.0709228515625,4.0
26,127,-9.373666763305664,2.8335165977478027,4.0
26,128,-2.2219314575195312,1.5595327615737915,2.0
26,129,-10.956218719482422,2.991041898727417,62.0
26,130,-1.4990317821502686,1.6481893062591553,1.0
26,131,-3.1881799697875977,2.2189741134643555,1.0
26,132,-7.997075080871582,14.377889633178711,116.0
26,133,-8.683192253112793,8.765276908874512,4.0
26,134,-7.301849842071533,3.3769569396972656,27.0
26,135,-5.64222526550293,4.0982346534729,14.0
26,136,-19.536840438842773,16.296937942504883,144.0
26,137,-8.920578002929688,9.301209449768066,19.0
26,138,-15.047722816467285,6.5598344802856445,15.0
26,139,-11.971257209777832,7.3537445068359375,345.0
26,140,-13.376474380493164,4.420598030090332,29.0
26,141,-23.430940628051758,28.42523193359375,393.0
26,142,-3.5113348960876465,3.223426580429077,5.0
26,143,-11.178803443908691,2.362943410873413,66.0
26,144,-17.19803237915039,5.583429336547852,11.0
26,145,-18.007051467895508,20.109153747558594,158.0
26,146,-5.62593936920166,6.522861480712891,4.0
26,147,-14.951693534851074,8.465137481689453,138.0
26,148,-10.018269538879395,3.4983229637145996,5.0
26,149,-11.309733390808105,9.601762771606445,59.0
26,150,-11.671283721923828,5.297983169555664,43.0
26,151,-9.722915649414062,11.367164611816406,235.0
26,152,-12.714030265808105,6.149003982543945,309.0
26,153,-9.331819534301758,4.736522674560547,5.0
26,154,-9.580667495727539,2.3892266750335693,4.0
26,155,-1.6552854776382446,1.7363094091415405,2.0
26,156,-11.317689895629883,9.617053031921387,5.0
26,157,-19.034679412841797,569.576416015625,317.0
26,158,-12.195834159851074,4.592751502990723,61.0
26,159,-6.190207481384277,3.4488525390625,30.0
26,160,-24.263654708862305,20.758520126342773,157.0
28,0,-6.497722625732422,2.5300676822662354,9.0
28,1,-4.361520767211914,8.853035926818848,7.0
28,2,-5.182608604431152,2.0967166423797607,3.0
28,3,-2.6080424785614014,1.6847352981567383,2.0
28,4,-12.041915893554688,20.297121047973633,255.0
28,5,-5.204611778259277,3.673529624938965,5.0
28,6,-20.031272888183594,5.3083062171936035,26.0
28,7,-2.7945926189422607,2.5383923053741455,2.0
28,8,-4.608776092529297,3.1651296615600586,7.0
28,9,-10.996904373168945,2.0815794467926025,4.0
28,10,-2.7153842449188232,1.9716013669967651,2.0
28,11,-6.036612510681152,2.3687758445739746,8.0
28,12,-4.34555721282959,1.860404372215271,3.0
28,13,-4.41309118270874,2.4172203540802,3.0
28,14,-7.10291051864624,5.904575824737549,34.0
28,15,-14.4340238571167,4.971792221069336,11.0
28,16,-11.59642219543457,47.725887298583984,96.0
28,17,-4.438699722290039,4.391042232513428,11.0
28,18,-6.2928619384765625,3.5203919410705566,7.0
28,19,-0.800375759601593,1.221517562866211,1.0
28,20,-12.80963134765625,4.958999156951904,448.0
28,21,-4.615005970001221,3.1700632572174072,6.0
28,22,-15.124725341796875,154.71348571777344,848.0
28,23,-2.286656141281128,9.841972351074219,3.0
28,24,-2.6304264068603516,1.9301670789718628,2.0
28,25,-39.15894317626953,35.15981674194336,1130.0
28,26,-2.610696315765381,1.9206700325012207,2.0
28,27,-6.997395992279053,10.303312301635742,7.0
28,28,-6.161323547363281,2.41135573387146,4.0
28,29,-7.479864120483398,3.478649139404297,2.0
28,30,-8.194070816040039,3.223867177963257,3.0
28,31,-5.889805793762207,19.008817672729492,22.0
28,32,-19.729618072509766,51.72408676147461,257.0
28,33,-2.5070245265960693,2.3063700199127197,1.0
28,34,-9.47745132446289,10.69057846069336,9.0
28,35,-5.425861835479736,2.9599502086639404,4.0
28,36,-2.7094109058380127,1.7192397117614746,1.0
28,37,-1.7804434299468994,1.427734136581421,1.0
28,38,-5.107471466064453,5.4875969886779785,4.0
28,39,-17.88724136352539,19.711591720581055,41.0
28,40,-2.735267400741577,1.9814261198043823,2.0
28,41,-4.0832438468933105,2.2629034519195557,2.0
28,42,-18.185365676879883,9.710140228271484,56.0
28,43,-13.948310852050781,104.526123046875,1674.0
28,44,-10.838817596435547,3.876188039779663,4.0
28,45,-7.011519432067871,10.351933479309082,7.0
28,46,-8.591241836547852,2.9267868995666504,4.0
28,47,-17.569000244140625,18.693326950073242,31.0
28,48,-14.613545417785645,1490.3594970703125,1100.0
28,49,-11.017080307006836,15.709569931030273,38.0
28,50,-7.842751502990723,7.104212760925293,12.0
28,51,-7.539783477783203,2.936187505722046,47.0
28,52,-11.684591293334961,3.6630196571350098,121.0
28,53,-20.528169631958008,4.8505401611328125,72.0
28,54,-7.052554130554199,10.494500160217285,11.0
28,55,-4.0159912109375,2.729170799255371,2.0
28,56,-3.3905653953552246,3.0962400436401367,4.0
28,57,-8.849181175231934,5.869892120361328,42.0
28,58,-10.423360824584961,32.280189514160156,63.0
28,59,-11.262006759643555,2.5561459064483643,4.0
28,60,-5.345765590667725,2.4374709129333496,3.0
28,61,-5.989164352416992,19.977012634277344,7.0
28,62,-7.271496295928955,37.93021774291992,7.0
28,63,-8.80203914642334,2.659144163131714,2.0
28,64,-28.301700592041016,16.948345184326172,646.0
28,65,-13.325681686401367,14.369908332824707,88.0
28,66,-8.571737289428711,2.3564910888671875,4.0
28,67,-8.393631935119629,5.358726978302002,50.0
28,68,-14.023041725158691,33.3067626953125,210.0
28,69,-0.9986878037452698,1.1173560619354248,1.0
28,70,-4.857436180114746,1.6253832578659058,3.0
28,71,-20.231220245361328,12.5397367477417,22.0
28,72,-6.189100742340088,2.8053176403045654,4.0
28,73,-3.7395358085632324,1.5959064960479736,1.0
28,74,-5.4746575355529785,3.930098056793213,4.0
28,75,-4.7174072265625,1.9619038105010986,3.0
28,76,-6.404592514038086,24.588930130004883,32.0
28,77,-11.633410453796387,6.951113224029541,9.0
28,78,-12.258146286010742,59.50429916381836,273.0
28,79,-38.042137145996094,44.88994216918945,78.0
28,80,-11.06165885925293,3.418060064315796,121.0
28,81,-15.171868324279785,12.536504745483398,528.0
28,82,-10.340250015258789,31.39818000793457,7.0
28,83,-8.340375900268555,5.301952838897705,9.0
28,84,-7.513050079345703,2.924995183944702,7.0
28,85,-2.8949010372161865,1.7842180728912354,2.0
28,86,-9.667642593383789,2.4081928730010986,21.0
28,87,-13.072818756103516,6.472390651702881,365.0
28,88,-14.415627479553223,7.84106969833374,876.0
28,89,-16.744001388549805,6.42659330368042,324.0
28,90,-3.013333320617676,4.511666774749756,3.0
28,91,-9.270366668701172,103.04680633544922,115.0
28,92,-21.633529663085938,14.94222640991211,809.0
28,93,-7.536975860595703,12.333576202392578,32.0
28,94,-9.447440147399902,2.1974260807037354,28.0
28,95,-16.528949737548828,247.06459045410156,123.0
28,96,-8.19875717163086,2.7866625785827637,3.0
28,97,-4.168931007385254,2.835541009902954,5.0
28,98,-3.0100905895233154,2.122347116470337,2.0
28,99,-13.520954132080078,5.420126914978027,68.0
28,100,-4.902843952178955,3.4065871238708496,9.0
28,101,-21.971012115478516,7.369609832763672,63.0
28,102,-20.80891227722168,2.9897983074188232,23.0
28,103,-20.018829345703125,2.8680219650268555,13.0
28,104,-4.035243511199951,3.83849835395813,9.0
28,105,-3.1190340518951416,4.756523132324219,1.0
28,106,-12.053325653076172,4.511662483215332,3.0
28,107,-8.556471824645996,4.162344932556152,8.0
28,108,-0.48624128103256226,1.626192331314087,1.0
28,109,-4.502699851989746,3.08229660987854,7.0
28,110,-12.69104290008545,2.8794143199920654,5.0
28,111,-5.850388050079346,7.029597282409668,38.0
28,112,-21.3018856048584,20.970706939697266,28.0
28,113,-19.051830291748047,45.16697311401367,149.0
28,114,-11.224369049072266,4.970305442810059,7.0
28,115,-3.226928949356079,1.4312492609024048,2.0
28,116,-13.632306098937988,30.20708656311035,43.0
28,117,-10.44868278503418,13.628602027893066,11.0
28,118,-13.946343421936035,16.26911735534668,144.0
28,119,-6.777034282684326,3.878338575363159,4.0
28,120,-8.772134780883789,80.32391357421875,24.0
28,121,-27.326236724853516,20.826963424682617,12880.0
28,122,-7.685891151428223,12.9612455368042,24.0
28,123,-19.630023956298828,50.704002380371094,109.0
28,124,-9.502886772155762,3.280057191848755,88.0
28,125,-12.639281272888184,3.1551167964935303,6.0
28,126,-9.630682945251465,2.915600538253784,4.0
28,127,-9.231607437133789,2.789142370223999,4.0
28,128,-2.229259967803955,1.5618202686309814,2.0
28,129,-10.847145080566406,2.958595037460327,52.0
28,130,-1.4681944847106934,1.6313341856002808,1.0
28,131,-3.050974130630493,2.144150733947754,1.0
28,132,-8.024377822875977,14.50933837890625,115.0
28,133,-8.781562805175781,8.98351001739502,5.0
28,134,-7.3649492263793945,3.4126579761505127,29.0
28,135,-5.793524742126465,4.256218910217285,17.0
28,136,-19.61680793762207,16.484180450439453,132.0
28,137,-8.751684188842773,8.916656494140625,17.0
28,138,-14.800254821777344,6.360022068023682,12.0
28,139,-11.905241012573242,7.273276329040527,315.0
28,140,-13.123064041137695,4.297863960266113,35.0
28,141,-23.0350399017334,26.862197875976562,362.0
28,142,-3.6190056800842285,3.341217279434204,5.0
28,143,-11.240415573120117,2.374168634414673,75.0
28,144,-16.459474563598633,5.185920715332031,8.0
28,145,-17.8137264251709,19.471548080444336,145.0
28,146,-5.886434078216553,7.114569664001465,4.0
28,147,-15.211689949035645,8.7854642868042,138.0
28,148,-9.557722091674805,3.302617073059082,5.0
28,149,-11.17074203491211,9.338526725769043,60.0
28,150,-11.763792037963867,5.368463516235352,48.0
28,151,-9.788195610046387,11.55419921875,249.0
28,152,-12.904037475585938,6.318197727203369,327.0
28,153,-9.02859115600586,4.503096103668213,4.0
28,154,-9.351719856262207,2.340012788772583,5.0
28,155,-1.6800771951675415,1.7507176399230957,2.0
28,156,-11.095229148864746,9.198551177978516,7.0
28,157,-18.808155059814453,528.1524047851562,300.0
28,158,-12.115764617919922,4.547013282775879,62.0
28,159,-6.201709270477295,3.4567952156066895,27.0
28,160,-23.838327407836914,19.683700561523438,145.0
30,0,-6.685388565063477,2.5988149642944336,9.0
30,1,-4.336508750915527,8.743008613586426,6.0
30,2,-5.035213470458984,2.0530288219451904,3.0
30,3,-2.7072949409484863,1.7185122966766357,2.0
30,4,-12.092610359191895,20.555994033813477,273.0
30,5,-5.279622554779053,3.743068218231201,5.0
30,6,-19.927513122558594,5.262604236602783,21.0
30,7,-2.8113222122192383,2.5525872707366943,2.0
30,8,-4.540833473205566,3.1118218898773193,6.0
30,9,-11.107768058776855,2.0970211029052734,4.0
30,10,-2.8301734924316406,2.0290005207061768,2.0
30,11,-6.557964324951172,2.5519354343414307,8.0
30,12,-4.510828495025635,1.9048514366149902,4.0
30,13,-4.658583641052246,2.5388638973236084,3.0
30,14,-7.004270553588867,5.760749816894531,29.0
30,15,-14.110528945922852,4.796260356903076,10.0
30,16,-11.360945701599121,44.12302780151367,89.0
30,17,-4.546823978424072,4.552187919616699,11.0
30,18,-6.394998550415039,3.593043804168701,10.0
30,19,-0.8431621789932251,1.2346537113189697,1.0
30,20,-13.024503707885742,5.093997955322266,443.0
30,21,-4.7833123207092285,3.3062944412231445,6.0
30,22,-14.884124755859375,142.7899627685547,807.0
30,23,-2.196465015411377,8.993165969848633,3.0
30,24,-2.541274309158325,1.8876234292984009,2.0
30,25,-38.841651916503906,34.160133361816406,1083.0
30,26,-2.608164072036743,1.919454574584961,2.0
30,27,-6.801992893218994,9.653599739074707,6.0
30,28,-6.511047840118408,2.534888744354248,4.0
30,29,-7.613512992858887,3.5570051670074463,2.0
30,30,-8.056156158447266,3.1609716415405273,3.0
30,31,-5.942562103271484,19.51690673828125,23.0
30,32,-19.339637756347656,47.84313201904297,200.0
30,33,-2.6398041248321533,2.4107425212860107,1.0
30,34,-9.205573081970215,9.988088607788086,8.0
30,35,-5.865080833435059,3.2317254543304443,4.0
30,36,-2.7794041633605957,1.743476152420044,1.0
30,37,-1.8823108673095703,1.457120418548584,1.0
30,38,-5.244136810302734,5.7433671951293945,4.0
30,39,-18.127994537353516,20.518613815307617,34.0
30,40,-2.663405418395996,1.9461466073989868,2.0
30,41,-4.059686183929443,2.2522668838500977,2.0
30,42,-17.71194839477539,9.152193069458008,49.0
30,43,-13.846170425415039,101.02725219726562,1703.0
30,44,-11.363369941711426,4.138863563537598,4.0
30,45,-6.751511573791504,9.492517471313477,7.0
30,46,-8.677013397216797,2.9583351612091064,5.0
30,47,-17.22618865966797,17.65522003173828,29.0
30,48,-14.456388473510742,1377.732421875,1183.0
30,49,-11.147754669189453,16.231252670288086,39.0
30,50,-8.107369422912598,7.590081691741943,16.0
30,51,-7.423771858215332,2.8879268169403076,45.0
30,52,-11.5961275100708,3.6271910667419434,108.0
30,53,-20.181034088134766,4.722731113433838,70.0
30,54,-6.925642013549805,10.059799194335938,11.0
30,55,-4.021396636962891,2.732861280441284,2.0
30,56,-3.3765947818756104,3.0818545818328857,4.0
30,57,-9.45874309539795,6.630954265594482,65.0
30,58,-10.414337158203125,32.1832389831543,58.0
30,59,-11.165474891662598,2.53566575050354,4.0
30,60,-5.54777193069458,2.5209319591522217,3.0
30,61,-6.136425971984863,21.503442764282227,8.0
30,62,-7.971101760864258,53.81492614746094,12.0
30,63,-9.027517318725586,2.7266056537628174,2.0
30,64,-28.02530288696289,16.486309051513672,652.0
30,65,-12.919490814208984,13.248682022094727,88.0
30,66,-8.879829406738281,2.430222988128662,4.0
30,67,-8.26252555847168,5.220040798187256,51.0
30,68,-13.91344928741455,32.4066047668457,194.0
30,69,-1.182665467262268,1.1404321193695068,1.0
30,70,-4.912737846374512,1.6343967914581299,3.0
30,71,-19.401874542236328,11.304878234863281,20.0
30,72,-6.094771862030029,2.761558771133423,2.0
30,73,-3.7435216903686523,1.596701979637146,1.0
30,74,-5.410283088684082,3.8673548698425293,4.0
30,75,-5.445433139801025,2.1769373416900635,4.0
30,76,-6.535866737365723,26.25701904296875,37.0
30,77,-12.097328186035156,7.509893894195557,9.0
30,78,-12.260457992553711,59.550167083740234,271.0
30,79,-37.90756607055664,44.28990173339844,77.0
30,80,-11.31106185913086,3.5141043663024902,139.0
30,81,-14.563154220581055,11.327035903930664,464.0
30,82,-9.821250915527344,26.410200119018555,6.0
30,83,-8.326884269714355,5.287665843963623,8.0
30,84,-7.109827995300293,2.7612671852111816,6.0
30,85,-2.859269380569458,1.7715481519699097,2.0
30,86,-9.559286117553711,2.384587049484253,20.0
30,87,-13.320585250854492,6.705585479736328,360.0
30,88,-14.517019271850586,7.955471515655518,841.0
30,89,-15.968889236450195,5.896276950836182,251.0
30,90,-2.8878390789031982,4.237271308898926,3.0
30,91,-8.80182933807373,81.52540588378906,107.0
30,92,-21.172603607177734,14.105650901794434,850.0
30,93,-7.617753028869629,12.670178413391113,35.0
30,94,-9.614336013793945,2.228201150894165,32.0
30,95,-16.187137603759766,220.45913696289062,109.0
30,96,-8.230344772338867,2.797687292098999,3.0
30,97,-4.012223243713379,2.7266011238098145,5.0
30,98,-3.267488479614258,2.26340913772583,3.0
30,99,-13.178520202636719,5.193017959594727,63.0
30,100,-4.951571941375732,3.4483401775360107,8.0
30,101,-21.47247314453125,7.043062686920166,43.0
30,102,-20.862937927246094,2.998311996459961,27.0
30,103,-20.3355712890625,2.916234254837036,14.0
30,104,-3.9054203033447266,3.6759321689605713,7.0
30,105,-2.9566543102264404,4.385602951049805,1.0
30,106,-11.73699951171875,4.336749076843262,3.0
30,107,-8.542069435119629,4.152365684509277,8.0
30,108,-0.5113468766212463,1.6675355434417725,1.0
30,109,-4.720191478729248,3.254530191421509,7.0
30,110,-12.710709571838379,2.8841371536254883,5.0
30,111,-5.965287208557129,7.304050922393799,39.0
30,112,-21.409421920776367,21.295352935791016,28.0
30,113,-18.88520622253418,43.686588287353516,156.0
30,114,-11.12741470336914,4.9019389152526855,7.0
30,115,-2.97049617767334,1.3910447359085083,2.0
30,116,-13.653356552124023,30.366472244262695,43.0
30,117,-10.624895095825195,14.242405891418457,12.0
30,118,-13.618852615356445,15.237668991088867,148.0
30,119,-6.879617691040039,3.958730697631836,4.0
30,120,-8.766435623168945,80.09535217285156,25.0
30,121,-27.267019271850586,20.690380096435547,12946.0
30,122,-7.514627456665039,12.242039680480957,23.0
30,123,-19.39293670654297,48.35585021972656,113.0
30,124,-9.878768920898438,3.437849283218384,92.0
30,125,-11.993494987487793,2.975219249725342,6.0
30,126,-9.374833106994629,2.833883762359619,4.0
30,127,-9.175949096679688,2.771946668624878,4.0
30,128,-2.308661699295044,1.5868204832077026,2.0
30,129,-10.939325332641602,2.9859933853149414,47.0
30,130,-1.47885262966156,1.6371400356292725,1.0
30,131,-3.084196090698242,2.1620330810546875,1.0
30,132,-8.099455833435059,14.877032279968262,116.0
30,133,-8.939826011657715,9.346075057983398,5.0
30,134,-7.473228931427002,3.474804162979126,29.0
30,135,-5.980869293212891,4.460305690765381,20.0
30,136,-19.41167449951172,16.00812339782715,120.0
30,137,-8.909070014953613,9.27448844909668,18.0
30,138,-14.580141067504883,6.187417030334473,11.0
30,139,-11.730826377868652,7.064892292022705,295.0
30,140,-13.122485160827637,4.297588348388672,46.0
30,141,-22.864940643310547,26.217317581176758,354.0
30,142,-3.740216016769409,3.478978395462036,7.0
30,143,-11.331918716430664,2.3909385204315186,74.0
30,144,-15.985062599182129,4.945639610290527,6.0
30,145,-17.824569702148438,19.50676918029785,120.0
30,146,-6.0396647453308105,7.487399578094482,4.0
30,147,-15.426569938659668,9.059334754943848,132.0
30,148,-9.385875701904297,3.2324306964874268,5.0
30,149,-11.021366119384766,9.063661575317383,61.0
30,150,-11.966117858886719,5.525896072387695,50.0
30,151,-9.895386695861816,11.868011474609375,272.0
30,152,-13.133119583129883,6.528387069702148,343.0
30,153,-8.673422813415527,4.244272708892822,3.0
30,154,-9.394944190979004,2.3492257595062256,5.0
30,155,-1.766424536705017,1.8018397092819214,2.0
30,156,-11.423291206359863,9.822328567504883,10.0
30,157,-18.54204559326172,483.3213195800781,288.0
30,158,-12.343544006347656,4.678338050842285,66.0
30,159,-6.42340087890625,3.613511800765991,29.0
30,160,-23.74374008178711,19.452341079711914,132.0
32,0,-6.674614429473877,2.594817876815796,9.0
32,1,-4.037319183349609,7.52822732925415,4.0
32,2,-4.708512306213379,1.9594122171401978,2.0
32,3,-2.4914004802703857,1.645888090133667,2.0
32,4,-12.182488441467285,21.02310562133789,252.0
32,5,-5.274725914001465,3.7384889125823975,5.0
32,6,-19.260221481323242,4.977952003479004,18.0
32,7,-2.645575523376465,2.415384531021118,2.0
32,8,-4.57828950881958,3.1410977840423584,7.0
32,9,-10.575262069702148,2.0238819122314453,4.0
32,10,-2.9230587482452393,2.0766680240631104,2.0
32,11,-6.0610432624816895,2.3770573139190674,8.0
32,12,-4.3815083503723145,1.8699837923049927,4.0
32,13,-4.2881364822387695,2.357560157775879,3.0
32,14,-7.126124858856201,5.938943386077881,35.0
32,15,-13.818822860717773,4.64329719543457,9.0
32,16,-11.548269271850586,46.965965270996094,92.0
32,17,-4.670121192932129,4.743176460266113,12.0
32,18,-6.263228416442871,3.4995899200439453,6.0
32,19,-0.8097814321517944,1.2243931293487549,1.0
32,20,-12.778837203979492,4.939947128295898,432.0
32,21,-4.498394012451172,3.0789804458618164,6.0
32,22,-15.385757446289062,168.7782745361328,909.0
32,23,-2.1286709308624268,8.403690338134766,3.0
32,24,-2.5221376419067383,1.8786143064498901,2.0
32,25,-38.928688049316406,34.431495666503906,1120.0
32,26,-2.4655394554138184,1.852219820022583,2.0
32,27,-6.505804538726807,8.746044158935547,6.0
32,28,-6.2550153732299805,2.443847417831421,4.0
32,29,-7.574378490447998,3.5338799953460693,2.0
32,30,-8.089079856872559,3.1758737564086914,3.0
32,31,-5.812266826629639,18.28595733642578,22.0
32,32,-18.85801887512207,43.44969177246094,181.0
32,33,-2.466460704803467,2.2753946781158447,1.0
32,34,-9.112361907958984,9.758028984069824,7.0
32,35,-5.642065525054932,3.090747833251953,4.0
32,36,-2.954692840576172,1.8056823015213013,1.0
32,37,-1.767905592918396,1.4241585731506348,1.0
32,38,-5.016424179077148,5.3235554695129395,3.0
32,39,-18.20303726196289,20.776851654052734,37.0
32,40,-2.632368803024292,1.9311046600341797,2.0
32,41,-3.9896178245544434,2.2209246158599854,2.0
32,42,-17.971656799316406,9.454181671142578,58.0
32,43,-14.38713550567627,120.9905014038086,2059.0
32,44,-11.189092636108398,4.049674987792969,4.0
32,45,-6.719442844390869,9.391586303710938,7.0
32,46,-8.626378059387207,2.9396698474884033,6.0
32,47,-17.450374603271484,18.327373504638672,30.0
32,48,-14.728277206420898,1578.355224609375,1214.0
32,49,-10.985862731933594,15.587442398071289,35.0
32,50,-7.926041603088379,7.253690719604492,13.0
32,51,-7.448241710662842,2.8980398178100586,39.0
32,52,-11.709955215454102,3.6733574867248535,113.0
32,53,-19.613941192626953,4.521142482757568,59.0
32,54,-6.940204620361328,10.108750343322754,10.0
32,55,-3.9064996242523193,2.6554787158966064,2.0
32,56,-3.2896552085876465,2.9938247203826904,4.0
32,57,-9.365510940551758,6.508455753326416,63.0
32,58,-10.235372543334961,30.319494247436523,57.0
32,59,-10.918577194213867,2.484027862548828,4.0
32,60,-5.3295440673828125,2.43088960647583,3.0
32,61,-5.900702476501465,19.1126651763916,7.0
32,62,-7.328742027282715,39.031578063964844,8.0
32,63,-8.610507011413574,2.60315203666687,2.0
32,64,-27.932865142822266,16.334617614746094,651.0
32,65,-13.45557975769043,14.748124122619629,95.0
32,66,-8.663894653320312,2.3783085346221924,4.0
32,67,-8.515409469604492,5.490843296051025,50.0
32,68,-13.829416275024414,31.73290252685547,196.0
32,69,-1.1073954105377197,1.1309340000152588,1.0
32,70,-4.390131950378418,1.5511757135391235,3.0
32,71,-19.156335830688477,10.963174819946289,20.0
32,72,-5.772030353546143,2.616938591003418,3.0
32,73,-3.60593581199646,1.5694762468338013,1.0
32,74,-5.350697040557861,3.810171604156494,4.0
32,75,-5.340923309326172,2.14467716217041,4.0
32,76,-6.536964416503906,26.271434783935547,35.0
32,77,-11.939031600952148,7.3143534660339355,9.0
32,78,-12.081576347351074,56.1031608581543,265.0
32,79,-38.10737609863281,45.183753967285156,73.0
32,80,-11.541443824768066,3.6052191257476807,165.0
32,81,-14.016290664672852,10.340295791625977,344.0
32,82,-9.91553783416748,27.253429412841797,6.0
32,83,-8.286750793457031,5.245392799377441,7.0
32,84,-7.154836654663086,2.779078722000122,6.0
32,85,-2.6859898567199707,1.7112051248550415,2.0
32,86,-9.169761657714844,2.301623582839966,18.0
32,87,-13.1209716796875,6.517067909240723,332.0
32,88,-14.650069236755371,8.108128547668457,853.0
32,89,-15.601876258850098,5.660667896270752,218.0
32,90,-2.8941524028778076,4.250668525695801,3.0
32,91,-8.844959259033203,83.3025894165039,106.0
32,92,-21.69640350341797,15.060123443603516,781.0
32,93,-7.893461227416992,13.889787673950195,35.0
32,94,-9.233224868774414,2.1585471630096436,27.0
32,95,-16.217681884765625,222.7152099609375,103.0
32,96,-7.893167495727539,2.682223081588745,4.0
32,97,-4.0231852531433105,2.734083652496338,5.0
32,98,-3.1174774169921875,2.1800968647003174,2.0
32,99,-13.008357048034668,5.08372688293457,61.0
32,100,-4.970102787017822,3.4643523693084717,10.0
32,101,-21.378768920898438,6.983320713043213,41.0
32,102,-19.892911911010742,2.8490779399871826,27.0
32,103,-19.750205993652344,2.8277587890625,14.0
32,104,-3.599512815475464,3.319577693939209,5.0
32,105,-2.782473087310791,4.01981782913208,1.0
32,106,-11.654972076416016,4.29250955581665,3.0
32,107,-8.440696716308594,4.082798957824707,8.0
32,108,-0.47086238861083984,1.601374626159668,1.0
32,109,-4.7686004638671875,3.294156312942505,7.0
32,110,-12.456253051757812,2.8236238956451416,5.0
32,111,-6.037524223327637,7.482059955596924,40.0
32,112,-20.921932220458984,19.862777709960938,26.0
32,113,-18.548667907714844,40.84292221069336,151.0
32,114,-10.471780776977539,4.463658332824707,5.0
32,115,-2.6628546714782715,1.3442991971969604,2.0
32,116,-13.964895248413086,32.82609558105469,44.0
32,117,-10.427289962768555,13.555908203125,11.0
32,118,-13.756683349609375,15.663553237915039,147.0
32,119,-6.977187633514404,4.036740303039551,4.0
32,120,-8.572793006896973,72.70401000976562,20.0
32,121,-26.92406463623047,19.916784286499023,12376.0
32,122,-7.657607078552246,12.839620590209961,23.0
32,123,-18.215375900268555,38.20915603637695,82.0
32,124,-9.475984573364258,3.26904559135437,92.0
32,125,-12.349533081054688,3.073094129562378,6.0
32,126,-9.183337211608887,2.7742233276367188,4.0
32,127,-8.764338493347168,2.6480283737182617,4.0
32,128,-2.2251367568969727,1.560532808303833,2.0
32,129,-10.887903213500977,2.9706783294677734,57.0
32,130,-1.4453765153884888,1.6189733743667603,1.0
32,131,-2.9369077682495117,2.0838704109191895,1.0
32,132,-8.097216606140137,14.865931510925293,114.0
32,133,-8.799762725830078,9.024478912353516,5.0
32,134,-7.446637153625488,3.459437847137451,29.0
32,135,-5.916180610656738,4.3887529373168945,17.0
32,136,-19.123531341552734,15.362555503845215,125.0
32,137,-9.185399055480957,9.937840461730957,18.0
32,138,-14.078638076782227,5.811448097229004,7.0
32,139,-11.82193374633789,7.172987937927246,284.0
32,140,-12.821319580078125,4.156157970428467,38.0
32,141,-22.657543182373047,25.451936721801758,347.0
32,142,-3.7916693687438965,3.539161443710327,7.0
32,143,-11.155401229858398,2.3586933612823486,72.0
32,144,-16.070362091064453,4.988006114959717,6.0
32,145,-17.492733001708984,18.457218170166016,109.0
32,146,-5.791775703430176,6.893589973449707,4.0
32,147,-15.153680801391602,8.712960243225098,118.0
32,148,-9.550085067749023,3.2994658946990967,5.0
32,149,-10.943130493164062,8.922945022583008,60.0
32,150,-11.957958221435547,5.519458293914795,50.0
32,151,-9.990119934082031,12.152440071105957,286.0
32,152,-12.939619064331055,6.350395679473877,296.0
32,153,-8.66728401184082,4.239932060241699,3.0
32,154,-9.104249954223633,2.287956476211548,5.0
32,155,-1.7774158716201782,1.8084533214569092,2.0
32,156,-12.116421699523926,11.282855033874512,12.0
32,157,-18.709434509277344,511.0555419921875,249.0
32,158,-11.955272674560547,4.45670223236084,66.0
32,159,-6.4292497634887695,3.617741584777832,30.0
32,160,-23.27071762084961,18.335512161254883,122.0
34,0,-6.665519714355469,2.591449022293091,9.0
34,1,-3.7350521087646484,6.472264766693115,3.0
34,2,-4.518631935119629,1.9069762229919434,2.0
34,3,-2.350909948348999,1.6002854108810425,2.0
34,4,-12.248614311218262,21.373537063598633,226.0
34,5,-5.272156238555908,3.7360877990722656,5.0
34,6,-18.600234985351562,4.711562633514404,14.0
34,7,-2.4667091369628906,2.275583267211914,1.0
34,8,-4.68082857131958,3.2226600646972656,7.0
34,9,-10.125961303710938,1.9641587734222412,4.0
34,10,-3.0279693603515625,2.131854772567749,2.0
34,11,-5.775150775909424,2.2819299697875977,8.0
34,12,-4.291494369506836,1.846091389656067,5.0
34,13,-3.956638813018799,2.2063241004943848,3.0
34,14,-7.38252067565918,6.332088947296143,41.0
34,15,-13.66908073425293,4.566681385040283,9.0
34,16,-11.889663696289062,52.62657928466797,101.0
34,17,-4.877971172332764,5.083451271057129,14.0
34,18,-6.198793888092041,3.454779863357544,6.0
34,19,-0.7524615526199341,1.2069727182388306,1.0
34,20,-12.471450805664062,4.7537384033203125,396.0
34,21,-4.285384654998779,2.919306755065918,5.0
34,22,-15.875235557556152,198.68988037109375,1024.0
34,23,-2.0445010662078857,7.7253031730651855,2.0
34,24,-2.507122039794922,1.8715753555297852,2.0
34,25,-38.80278778076172,34.03965759277344,1201.0
34,26,-2.279873847961426,1.7682112455368042,2.0
34,27,-6.299275875091553,8.164198875427246,6.0
34,28,-6.070151329040527,2.380152463912964,4.0
34,29,-7.448659896850586,3.460604429244995,2.0
34,30,-8.197427749633789,3.2254135608673096,3.0
34,31,-5.771501541137695,17.917015075683594,22.0
34,32,-18.42237091064453,39.82417678833008,166.0
34,33,-2.2629103660583496,2.1261301040649414,1.0
34,34,-9.012334823608398,9.517038345336914,8.0
34,35,-5.600784778594971,3.065335512161255,3.0
34,36,-3.05674147605896,1.8429144620895386,1.0
34,37,-1.6571568250656128,1.3929604291915894,1.0
34,38,-4.844359874725342,5.026814937591553,3.0
34,39,-18.208261489868164,20.794950485229492,39.0
34,40,-2.6513752937316895,1.9403022527694702,2.0
34,41,-3.9399538040161133,2.1989736557006836,2.0
34,42,-18.307971954345703,9.860101699829102,64.0
34,43,-14.829509735107422,140.2140350341797,2385.0
34,44,-11.124410629272461,4.017064094543457,4.0
34,45,-6.6823320388793945,9.27612590789795,7.0
34,46,-8.634071350097656,2.942498207092285,6.0
34,47,-17.656042098999023,18.966487884521484,32.0
34,48,-14.777299880981445,1617.5208740234375,1218.0
34,49,-10.764432907104492,14.748010635375977,28.0
34,50,-7.721855163574219,6.892706394195557,12.0
34,51,-7.41201639175415,2.8830809593200684,35.0
34,52,-11.826410293579102,3.7211976051330566,124.0
34,53,-19.307640075683594,4.4158616065979,54.0
34,54,-6.951111793518066,10.1455717086792,10.0
34,55,-3.8221564292907715,2.600071907043457,2.0
34,56,-3.219954252243042,2.9250693321228027,4.0
34,57,-9.124326705932617,6.20196008682251,58.0
34,58,-10.094064712524414,28.924474716186523,56.0
34,59,-10.758180618286133,2.4510464668273926,4.0
34,60,-5.229857444763184,2.3908355236053467,3.0
34,61,-5.632099151611328,16.71070671081543,5.0
34,62,-6.776545524597168,29.614755630493164,6.0
34,63,-8.182815551757812,2.4823403358459473,3.0
34,64,-28.003429412841797,16.450288772583008,628.0
34,65,-14.050143241882324,16.61039161682129,100.0
34,66,-8.466650009155273,2.331857204437256,4.0
34,67,-9.003775596618652,6.05421781539917,56.0
34,68,-13.779000282287598,31.335451126098633,218.0
34,69,-1.0606679916381836,1.1250776052474976,1.0
34,70,-3.97293758392334,1.4877928495407104,3.0
34,71,-19.18468475341797,11.002094268798828,20.0
34,72,-5.4943132400512695,2.498570680618286,4.0
34,73,-3.5227036476135254,1.5532320737838745,1.0
34,74,-5.348774433135986,3.808340549468994,4.0
34,75,-5.065619468688965,2.0619661808013916,3.0
34,76,-6.585122585296631,26.91170310974121,32.0
34,77,-11.990001678466797,7.376753330230713,9.0
34,78,-11.969066619873047,54.0380744934082,255.0
34,79,-38.30409240722656,46.081398010253906,74.0
34,80,-11.597090721130371,3.6275794506073,186.0
34,81,-13.776362419128418,9.934964179992676,290.0
34,82,-10.067798614501953,28.67234230041504,7.0
34,83,-8.231956481933594,5.188222885131836,5.0
34,84,-7.39940071105957,2.877889633178711,6.0
34,85,-2.6146082878112793,1.6869491338729858,2.0
34,86,-8.845062255859375,2.2346768379211426,19.0
34,87,-13.073528289794922,6.473047256469727,320.0
34,88,-14.860713958740234,8.355827331542969,881.0
34,89,-15.50844955444336,5.602209568023682,208.0
34,90,-3.0452308654785156,4.58419942855835,4.0
34,91,-8.893844604492188,85.36381530761719,110.0
34,92,-22.18482208251953,16.00822639465332,717.0
34,93,-8.057372093200684,14.66979694366455,36.0
34,94,-9.034460067749023,2.1230883598327637,25.0
34,95,-16.128053665161133,216.15982055664062,104.0
34,96,-7.5987067222595215,2.585291624069214,4.0
34,97,-3.9343488216400146,2.6740314960479736,5.0
34,98,-2.991750955581665,2.1126387119293213,2.0
34,99,-12.962742805480957,5.05482292175293,52.0
34,100,-4.987881660461426,3.4797847270965576,11.0
34,101,-20.92204475402832,6.699307441711426,35.0
34,102,-19.151691436767578,2.7400708198547363,24.0
34,103,-19.193363189697266,2.746087074279785,13.0
34,104,-3.406383991241455,3.1126091480255127,4.0
34,105,-2.630089282989502,3.72491717338562,1.0
34,106,-11.627598762512207,4.277846813201904,3.0
34,107,-8.366355895996094,4.032524585723877,8.0
34,108,-0.4441908597946167,1.5592280626296997,1.0
34,109,-4.91212797164917,3.4145030975341797,7.0
34,110,-12.474342346191406,2.82788348197937,5.0
34,111,-6.091629981994629,7.618224620819092,41.0
34,112,-20.4400577545166,18.541439056396484,26.0
34,113,-18.353271484375,39.2775993347168,145.0
34,114,-10.119454383850098,4.2445526123046875,5.0
34,115,-2.537609100341797,1.3257211446762085,2.0
34,116,-14.120462417602539,34.12791442871094,42.0
34,117,-10.234092712402344,12.916727066040039,11.0
34,118,-14.022613525390625,16.51919174194336,152.0
34,119,-7.022336006164551,4.073355674743652,4.0
34,120,-8.45587158203125,68.57553100585938,20.0
34,121,-26.59747886657715,19.207014083862305,11413.0
34,122,-7.612278938293457,12.647079467773438,20.0
34,123,-17.23351287841797,31.39668846130371,64.0
34,124,-9.131507873535156,3.1312692165374756,92.0
34,125,-12.77310562133789,3.1937363147735596,6.0
34,126,-8.991168022155762,2.715615749359131,4.0
34,127,-8.604105949401855,2.6013011932373047,4.0
34,128,-2.1309516429901123,1.531412124633789,2.0
34,129,-10.838155746459961,2.9559366703033447,64.0
34,130,-1.40460205078125,1.5971177816390991,1.0
34,131,-2.876689910888672,2.052733898162842,1.0
34,132,-8.155450820922852,15.15732192993164,115.0
34,133,-8.77132511138916,8.960546493530273,5.0
34,134,-7.39202880859375,3.4280951023101807,28.0
34,135,-5.947991371154785,4.423794746398926,18.0
34,136,-19.026437759399414,15.150940895080566,134.0
34,137,-9.471428871154785,10.674494743347168,19.0
34,138,-13.783348083496094,5.600850582122803,7.0
34,139,-11.88405990600586,7.247645378112793,288.0
34,140,-12.690996170043945,4.096408843994141,35.0
34,141,-22.691165924072266,25.574480056762695,347.0
34,142,-3.913356304168701,3.685668706893921,8.0
34,143,-11.13784408569336,2.3555099964141846,74.0
34,144,-16.273395538330078,5.0903143882751465,7.0
34,145,-17.115196228027344,17.331621170043945,103.0
34,146,-5.570532321929932,6.403496265411377,4.0
34,147,-14.944902420043945,8.456929206848145,104.0
34,148,-9.676708221435547,3.352105140686035,5.0
34,149,-10.928655624389648,8.897150993347168,59.0
34,150,-11.937627792358398,5.503451824188232,45.0
34,151,-9.926742553710938,11.961410522460938,277.0
34,152,-12.792174339294434,6.218032360076904,253.0
34,153,-8.672906875610352,4.243907928466797,3.0
34,154,-8.859976768493652,2.237708568572998,5.0
34,155,-1.8486096858978271,1.8518836498260498,2.0
34,156,-12.589266777038574,12.401945114135742,11.0
34,157,-18.879009246826172,540.7748413085938,221.0
34,158,-11.779969215393066,4.360105037689209,65.0
34,159,-6.362466335296631,3.569741725921631,30.0
34,160,-22.751628875732422,17.183568954467773,111.0
36,0,-6.757760047912598,2.6258227825164795,10.0
36,1,-3.413801908493042,5.5118536949157715,3.0
36,2,-4.337900161743164,1.8583704233169556,2.0
36,3,-2.1649415493011475,1.541858196258545,2.0
36,4,-12.050687789916992,20.3416805267334,194.0
36,5,-5.262436389923096,3.727020263671875,5.0
36,6,-18.70879554748535,4.754380226135254,18.0
36,7,-2.4739580154418945,2.281088352203369,2.0
36,8,-4.772487640380859,3.297358989715576,7.0
36,9,-9.499505996704102,1.8838177919387817,4.0
36,10,-3.0966081619262695,2.168752431869507,2.0
36,11,-5.588625431060791,2.2219276428222656,8.0
36,12,-4.140930652618408,1.806807518005371,5.0
36,13,-3.677048921585083,2.086336851119995,3.0
36,14,-7.656852722167969,6.7816009521484375,44.0
36,15,-13.729543685913086,4.597464084625244,9.0
36,16,-12.138544082641602,57.178688049316406,98.0
36,17,-5.2019147872924805,5.663100719451904,17.0
36,18,-6.0472259521484375,3.3516249656677246,5.0
36,19,-0.7008868455886841,1.1915103197097778,1.0
36,20,-12.361137390136719,4.688638210296631,393.0
36,21,-3.9976232051849365,2.7166671752929688,4.0
36,22,-16.24181365966797,224.51400756835938,1075.0
36,23,-2.0386242866516113,7.680036544799805,2.0
36,24,-2.430448055267334,1.836041808128357,2.0
36,25,-38.13691711425781,32.04023361206055,1241.0
36,26,-2.134979248046875,1.7053064107894897,2.0
36,27,-6.296226501464844,8.155905723571777,6.0
36,28,-5.892690658569336,2.320570230484009,4.0
36,29,-7.409887313842773,3.4383137226104736,2.0
36,30,-8.418418884277344,3.328864336013794,3.0
36,31,-5.646234512329102,16.8292293548584,21.0
36,32,-18.003097534179688,36.62091827392578,159.0
36,33,-2.091198682785034,2.0078535079956055,1.0
36,34,-8.7617826461792,8.93919563293457,5.0
36,35,-5.699962615966797,3.1267447471618652,3.0
36,36,-3.192965030670166,1.8938143253326416,1.0
36,37,-1.5780258178710938,1.3710887432098389,1.0
36,38,-4.660589218139648,4.728129863739014,3.0
36,39,-18.08047866821289,20.356761932373047,38.0
36,40,-2.58367919921875,1.9077409505844116,2.0
36,41,-3.8604817390441895,2.1642985343933105,2.0
36,42,-17.997228622436523,9.48444938659668,64.0
36,43,-14.856925964355469,141.5012664794922,2389.0
36,44,-11.260787010192871,4.086130142211914,4.0
36,45,-6.8176374435424805,9.70407485961914,6.0
36,46,-8.503824234008789,2.894979476928711,6.0
36,47,-17.87842559814453,19.682649612426758,33.0
36,48,-14.689757347106934,1548.2470703125,1167.0
36,49,-10.760835647583008,14.73475456237793,28.0
36,50,-7.655030250549316,6.778512001037598,10.0
36,51,-7.2694172859191895,2.8249428272247314,33.0
36,52,-11.670347213745117,3.657227039337158,115.0
36,53,-18.97677230834961,4.3048906326293945,50.0
36,54,-6.882564544677734,9.916383743286133,8.0
36,55,-3.7463674545288086,2.551271677017212,2.0
36,56,-3.3044605255126953,3.008635997772217,4.0
36,57,-8.969892501831055,6.013329029083252,54.0
36,58,-10.031530380249023,28.327795028686523,53.0
36,59,-10.617937088012695,2.422567844390869,4.0
36,60,-5.080077171325684,2.3318910598754883,3.0
36,61,-5.3189287185668945,14.288634300231934,5.0
36,62,-6.183010578155518,22.01018524169922,4.0
36,63,-7.881518840789795,2.40061354637146,2.0
36,64,-28.144872665405273,16.68461799621582,624.0
36,65,-14.502273559570312,18.182411193847656,99.0
36,66,-7.844240188598633,2.1911444664001465,4.0
36,67,-9.27290153503418,6.389016151428223,55.0
36,68,-13.642860412597656,30.286893844604492,214.0
36,69,-1.0320237874984741,1.1215025186538696,1.0
36,70,-3.637035608291626,1.438647747039795,2.0
36,71,-19.373924255371094,11.265450477600098,20.0
36,72,-5.289891242980957,2.414877414703369,4.0
36,73,-3.4408516883850098,1.5374211072921753,1.0
36,74,-5.337791919708252,3.797898769378662,4.0
36,75,-4.3494720458984375,1.8614451885223389,3.0
36,76,-6.605668544769287,27.189592361450195,33.0
36,77,-11.84709358215332,7.203129291534424,9.0
36,78,-11.802943229675293,51.12709045410156,247.0
36,79,-38.60984802246094,47.51211929321289,74.0
36,80,-11.474298477172852,3.5784225463867188,204.0
36,81,-14.024741172790527,10.354870796203613,307.0
36,82,-9.967273712158203,27.72749900817871,8.0
36,83,-7.9566874504089355,4.910312175750732,5.0
36,84,-7.494634628295898,2.9173104763031006,7.0
36,85,-2.4844632148742676,1.6436060667037964,1.0
36,86,-8.65815258026123,2.197026491165161,17.0
36,87,-12.87448501586914,6.291579723358154,305.0
36,88,-14.728785514831543,8.199819564819336,888.0
36,89,-15.571630477905273,5.64167594909668,230.0
36,90,-3.1348116397857666,4.79419469833374,6.0
36,91,-9.35672378540039,107.59368133544922,123.0
36,92,-22.26801300048828,16.175561904907227,663.0
36,93,-7.984421730041504,14.317378044128418,36.0
36,94,-8.593178749084473,2.0464329719543457,16.0
36,95,-16.59795570373535,252.81346130371094,112.0
36,96,-7.193833351135254,2.4577078819274902,4.0
36,97,-3.8302395343780518,2.6053314208984375,5.0
36,98,-2.6063292026519775,1.9185742139816284,2.0
36,99,-12.841064453125,4.978521823883057,45.0
36,100,-4.969645023345947,3.463955879211426,10.0
36,101,-21.01173210144043,6.754151821136475,39.0
36,102,-18.180923461914062,2.603588342666626,21.0
36,103,-18.69557762145996,2.6750760078430176,11.0
36,104,-3.4002952575683594,3.1062982082366943,4.0
36,105,-2.714506149291992,3.885505437850952,1.0
36,106,-11.28194808959961,4.09695291519165,3.0
36,107,-8.310469627380371,3.9951388835906982,9.0
36,108,-0.42761096358299255,1.5335893630981445,1.0
36,109,-4.855157852172852,3.3662166595458984,7.0
36,110,-12.221455574035645,2.7689125537872314,4.0
36,111,-5.952949047088623,7.274073123931885,39.0
36,112,-19.930397033691406,17.239437103271484,21.0
36,113,-18.269725799560547,38.62675476074219,140.0
36,114,-9.567998886108398,3.9230010509490967,5.0
36,115,-2.323638916015625,1.2945746183395386,2.0
36,116,-14.116132736206055,34.09099197387695,45.0
36,117,-9.962224006652832,12.067984580993652,11.0
36,118,-14.423473358154297,17.898099899291992,174.0
36,119,-7.060969352722168,4.10495138168335,4.0
36,120,-8.257378578186035,62.09647750854492,21.0
36,121,-26.674806594848633,19.37274932861328,11260.0
36,122,-7.411175727844238,11.827082633972168,18.0
36,123,-16.64227867126465,27.895231246948242,58.0
36,124,-8.89797592163086,3.041184186935425,85.0
36,125,-13.110398292541504,3.293182134628296,6.0
36,126,-9.101993560791016,2.7492623329162598,3.0
36,127,-8.243742942810059,2.499201774597168,4.0
36,128,-1.9961886405944824,1.4906879663467407,2.0
36,129,-10.867653846740723,2.9646689891815186,69.0
36,130,-1.361952304840088,1.574573040008545,1.0
36,131,-2.7779765129089355,2.0026957988739014,1.0
36,132,-8.160443305969238,15.18256664276123,116.0
36,133,-8.588468551635742,8.560144424438477,4.0
36,134,-7.336440086364746,3.396481513977051,27.0
36,135,-5.801087856292725,4.2642741203308105,15.0
36,136,-19.1149959564209,15.343832969665527,149.0
36,137,-9.4791259765625,10.69505500793457,19.0
36,138,-13.675262451171875,5.525688171386719,7.0
36,139,-11.858579635620117,7.21693229675293,289.0
36,140,-12.616826057434082,4.062788009643555,32.0
36,141,-22.891605377197266,26.31737518310547,351.0
36,142,-3.7704927921295166,3.5142669677734375,8.0
36,143,-11.13819408416748,2.3555734157562256,72.0
36,144,-15.996850967407227,4.951472759246826,6.0
36,145,-16.917156219482422,16.768898010253906,103.0
36,146,-5.267233848571777,5.787755966186523,4.0
36,147,-14.979214668273926,8.49848461151123,98.0
36,148,-9.832335472106934,3.4179532527923584,5.0
36,149,-10.77078914642334,8.620627403259277,58.0
36,150,-11.91093921661377,5.482508659362793,43.0
36,151,-9.806026458740234,11.605819702148438,248.0
36,152,-12.684725761413574,6.123315334320068,201.0
36,153,-8.662944793701172,4.236867427825928,3.0
36,154,-8.74321174621582,2.214080810546875,6.0
36,155,-1.747690200805664,1.790622591972351,2.0
36,156,-12.124183654785156,11.300382614135742,10.0
36,157,-18.863983154296875,538.0730590820312,209.0
36,158,-11.790787696838379,4.3660054206848145,69.0
36,159,-6.2806620597839355,3.511812925338745,28.0
36,160,-22.4588680267334,16.566099166870117,87.0
38,0,-6.849620819091797,2.660508394241333,10.0
38,1,-3.1865851879119873,4.919921398162842,3.0
38,2,-4.3625617027282715,1.8649293184280396,2.0
38,3,-2.1120848655700684,1.5256445407867432,2.0
38,4,-11.793028831481934,19.07268524169922,157.0
38,5,-5.256831169128418,3.721801280975342,5.0
38,6,-18.733917236328125,4.76434326171875,18.0
38,7,-2.44976544380188,2.2627670764923096,2.0
38,8,-4.773594379425049,3.298271656036377,8.0
38,9,-9.223651885986328,1.8494904041290283,4.0
38,10,-3.16273832321167,2.2049055099487305,2.0
38,11,-5.671306610107422,2.2483277320861816,8.0
38,12,-4.0701584815979,1.7886323928833008,5.0
38,13,-3.527543544769287,2.024876356124878,3.0
38,14,-7.733089447021484,6.912092685699463,49.0
38,15,-13.748512268066406,4.607163906097412,10.0
38,16,-12.441061019897461,63.24526596069336,97.0
38,17,-5.454488754272461,6.160531044006348,20.0
38,18,-5.993351459503174,3.3157050609588623,5.0
38,19,-0.6660000681877136,1.1811635494232178,1.0
38,20,-12.273834228515625,4.637749671936035,375.0
38,21,-3.926069736480713,2.6685025691986084,4.0
38,22,-16.392602920532227,236.08714294433594,1054.0
38,23,-2.0031723976135254,7.412534236907959,2.0
38,24,-2.4415626525878906,1.8411504030227661,2.0
38,25,-37.48440933227539,30.194917678833008,1233.0
38,26,-1.9875192642211914,1.643584966659546,1.0
38,27,-6.265988826751709,8.074111938476562,6.0
38,28,-5.875696659088135,2.314943313598633,4.0
38,29,-7.395993232727051,3.430361032485962,2.0
38,30,-8.547093391418457,3.3906219005584717,3.0
38,31,-5.609045028686523,16.51918601989746,20.0
38,32,-17.693553924560547,34.422515869140625,148.0
38,33,-2.004782199859619,1.9508413076400757,1.0
38,34,-8.6204833984375,8.62893295288086,5.0
38,35,-5.877694129943848,3.2398881912231445,4.0
38,36,-3.318546772003174,1.941982388496399,1.0
38,37,-1.5635024309158325,1.3671119213104248,1.0
38,38,-4.597583293914795,4.629865646362305,3.0
38,39,-18.02558708190918,20.171377182006836,32.0
38,40,-2.534573793411255,1.8844640254974365,2.0
38,41,-3.7920639514923096,2.134884834289551,2.0
38,42,-17.636709213256836,9.066520690917969,63.0
38,43,-14.724198341369629,135.37738037109375,2265.0
38,44,-11.371931076049805,4.143294811248779,4.0
38,45,-6.84340238571167,9.787775039672852,6.0
38,46,-8.496906280517578,2.892477035522461,5.0
38,47,-18.001731872558594,20.091337203979492,33.0
38,48,-14.586711883544922,1470.4974365234375,1099.0
38,49,-10.694714546203613,14.493186950683594,27.0
38,50,-7.622150897979736,6.723021984100342,10.0
38,51,-7.13746452331543,2.772190570831299,33.0
38,52,-11.366765022277832,3.535921096801758,103.0
38,53,-18.988752365112305,4.308859348297119,46.0
38,54,-6.861135482788086,9.845803260803223,7.0
38,55,-3.696838855743408,2.519876003265381,2.0
38,56,-3.3174314498901367,3.021672487258911,4.0
38,57,-8.934552192687988,5.97097635269165,52.0
38,58,-9.932576179504395,27.408653259277344,53.0
38,59,-10.526969909667969,2.4042727947235107,4.0
38,60,-5.007320404052734,2.3037850856781006,3.0
38,61,-5.083165645599365,12.69975757598877,4.0
38,62,-5.820889949798584,18.36496925354004,4.0
38,63,-7.758618354797363,2.3680543899536133,2.0
38,64,-28.194137573242188,16.76701545715332,607.0
38,65,-14.639045715332031,18.686647415161133,98.0
38,66,-7.274052619934082,2.0697033405303955,4.0
38,67,-9.454270362854004,6.625025272369385,53.0
38,68,-13.465494155883789,28.973264694213867,202.0
38,69,-1.0089926719665527,1.1186362504959106,2.0
38,70,-3.5263118743896484,1.4228063821792603,2.0
38,71,-19.501506805419922,11.446550369262695,21.0
38,72,-5.214789390563965,2.3848390579223633,4.0
38,73,-3.4922471046447754,1.5473300218582153,1.0
38,74,-5.365518569946289,3.8243157863616943,4.0
38,75,-3.7120163440704346,1.699421763420105,3.0
38,76,-6.555429935455322,26.51511573791504,30.0
38,77,-11.85484504699707,7.212441921234131,9.0
38,78,-11.713943481445312,49.632598876953125,239.0
38,79,-38.58525085449219,47.39539337158203,76.0
38,80,-11.269984245300293,3.4981021881103516,202.0
38,81,-14.163286209106445,10.596755027770996,320.0
38,82,-9.80815315246582,26.295146942138672,7.0
38,83,-7.792869567871094,4.752039909362793,5.0
38,84,-7.2706403732299805,2.825436592102051,7.0
38,85,-2.470268964767456,1.638946771621704,1.0
38,86,-8.573770523071289,2.180237054824829,16.0
38,87,-12.816174507141113,6.2393879890441895,294.0
38,88,-14.86782169342041,8.3643159866333,913.0
38,89,-15.5014066696167,5.597826957702637,231.0
38,90,-3.0424115657806396,4.577741622924805,5.0
38,91,-9.699726104736328,127.722900390625,123.0
38,92,-22.089736938476562,15.819084167480469,607.0
38,93,-7.9753265380859375,14.274036407470703,35.0
38,94,-8.365049362182617,2.0078961849212646,12.0
38,95,-16.76799774169922,267.5570068359375,117.0
38,96,-7.002414703369141,2.399599313735962,3.0
38,97,-3.73054575920105,2.5411999225616455,5.0
38,98,-2.3285956382751465,1.789880633354187,2.0
38,99,-12.905227661132812,5.018612384796143,45.0
38,100,-4.995963096618652,3.4868223667144775,10.0
38,101,-20.81170654296875,6.632444381713867,40.0
38,102,-17.671449661254883,2.5347025394439697,20.0
38,103,-18.320331573486328,2.6227622032165527,11.0
38,104,-3.409623384475708,3.1159720420837402,4.0
38,105,-2.8093361854553223,4.074174404144287,1.0
38,106,-11.028602600097656,3.969242572784424,3.0
38,107,-8.195398330688477,3.9192473888397217,9.0
38,108,-0.41587886214256287,1.515702247619629,1.0
38,109,-4.744912147521973,3.274705648422241,8.0
38,110,-12.063870429992676,2.7327888011932373,4.0
38,111,-5.894255638122559,7.133142471313477,41.0
38,112,-19.560928344726562,16.35311508178711,21.0
38,113,-18.136741638183594,37.61294937133789,131.0
38,114,-9.2981595993042,3.7746529579162598,5.0
38,115,-2.327723503112793,1.2951622009277344,2.0
38,116,-14.064299583435059,33.65208053588867,43.0
38,117,-9.780454635620117,11.5318603515625,11.0
38,118,-14.803413391113281,19.31114959716797,211.0
38,119,-7.098435401916504,4.1358256340026855,5.0
38,120,-8.167489051818848,59.36735916137695,21.0
38,121,-26.612991333007812,19.24014663696289,10496.0
38,122,-7.180965900421143,10.953458786010742,17.0
38,123,-16.363258361816406,26.381200790405273,54.0
38,124,-8.817707061767578,3.0108227729797363,82.0
38,125,-13.326387405395508,3.3584842681884766,6.0
38,126,-9.113531112670898,2.75278902053833,3.0
38,127,-8.078645706176758,2.4537742137908936,4.0
38,128,-1.9239615201950073,1.4693090915679932,2.0
38,129,-10.907142639160156,2.9763991832733154,69.0
38,130,-1.3554068803787231,1.5711413621902466,1.0
38,131,-2.733520269393921,1.9805607795715332,1.0
38,132,-8.129781723022461,15.028183937072754,115.0
38,133,-8.457815170288086,8.285058975219727,4.0
38,134,-7.325287818908691,3.390174388885498,27.0
38,135,-5.688863277435303,4.146297454833984,15.0
38,136,-19.094457626342773,15.298880577087402,153.0
38,137,-9.529158592224121,10.829670906066895,19.0
38,138,-13.600374221801758,5.474203586578369,7.0
38,139,-11.899051666259766,7.265777587890625,281.0
38,140,-12.37890338897705,3.956792116165161,24.0
38,141,-23.063644409179688,26.972187042236328,333.0
38,142,-3.726229667663574,3.462796688079834,6.0
38,143,-11.090555191040039,2.346956968307495,68.0
38,144,-15.843365669250488,4.8760552406311035,6.0
38,145,-16.878177642822266,16.660314559936523,103.0
38,146,-5.264201641082764,5.781908988952637,4.0
38,147,-15.093879699707031,8.638842582702637,97.0
38,148,-9.752215385437012,3.3838932514190674,5.0
38,149,-10.604541778564453,8.33870792388916,57.0
38,150,-11.954484939575195,5.516720294952393,42.0
38,151,-9.576419830322266,10.958385467529297,227.0
38,152,-12.638195037841797,6.082746982574463,183.0
38,153,-8.799869537353516,4.334667682647705,5.0
38,154,-8.732620239257812,2.2119503021240234,5.0
38,155,-1.7176517248153687,1.7727829217910767,2.0
38,156,-11.805837631225586,10.603322982788086,9.0
38,157,-18.818092346191406,529.90478515625,200.0
38,158,-11.825224876403809,4.38484001159668,71.0
38,159,-6.235971450805664,3.4805636405944824,26.0
38,160,-22.087602615356445,15.814866065979004,80.0
40,0,-6.8979105949401855,2.6789255142211914,10.0
40,1,-2.8645617961883545,4.188241481781006,2.0
40,2,-4.097381114959717,1.7956016063690186,2.0
40,3,-2.0071375370025635,1.4939558506011963,1.0
40,4,-12.032048225402832,20.24711036682129,199.0
40,5,-5.198519706726074,3.6679389476776123,5.0
40,6,-18.74533462524414,4.768878936767578,20.0
40,7,-2.5462677478790283,2.336737871170044,2.0
40,8,-4.701189041137695,3.239105701446533,8.0
40,9,-9.156692504882812,1.8412526845932007,4.0
40,10,-3.1226181983947754,2.1829006671905518,2.0
40,11,-5.46275520324707,2.182331085205078,8.0
40,12,-4.047740936279297,1.782913327217102,5.0
40,13,-3.3644838333129883,1.9599064588546753,2.0
40,14,-7.862562656402588,7.139485836029053,56.0
40,15,-14.023488998413086,4.750098705291748,10.0
40,16,-12.240693092346191,59.159141540527344,94.0
40,17,-5.080066204071045,5.4376959800720215,17.0
40,18,-6.04851770401001,3.3524906635284424,7.0
40,19,-0.6347906589508057,1.1719834804534912,1.0
40,20,-12.260148048400879,4.629822731018066,367.0
40,21,-3.857797384262085,2.623342752456665,3.0
40,22,-16.237293243408203,224.1759490966797,971.0
40,23,-1.9709038734436035,7.177160739898682,2.0
40,24,-2.3936588764190674,1.81923246383667,2.0
40,25,-37.288536071777344,29.662002563476562,1198.0
40,26,-1.935199499130249,1.6222269535064697,1.0
40,27,-6.192727088928223,7.879325866699219,6.0
40,28,-5.912906646728516,2.3272817134857178,4.0
40,29,-7.235501766204834,3.339820146560669,2.0
40,30,-8.515419006347656,3.375314235687256,3.0
40,31,-5.590557098388672,16.3671875,20.0
40,32,-17.457475662231445,32.83500289916992,132.0
40,33,-2.0856919288635254,2.004171371459961,1.0
40,34,-8.484210968017578,8.339913368225098,5.0
40,35,-5.9396867752075195,3.280308246612549,4.0
40,36,-3.301485538482666,1.935367226600647,1.0
40,37,-1.5633080005645752,1.3670588731765747,1.0
40,38,-4.767897129058838,4.900312900543213,3.0
40,39,-18.121315002441406,20.49578285217285,33.0
40,40,-2.4202733039855957,1.8313772678375244,2.0
40,41,-3.7709336280822754,2.125882148742676,2.0
40,42,-17.401325225830078,8.803643226623535,63.0
40,43,-14.689249038696289,133.8093719482422,2247.0
40,44,-11.525880813598633,4.223799228668213,4.0
40,45,-6.6103010177612305,9.05605697631836,3.0
40,46,-8.368875503540039,2.84655499458313,5.0
40,47,-17.95821762084961,19.94615364074707,34.0
40,48,-14.522706985473633,1424.182861328125,1114.0
40,49,-10.78689956665039,14.83107852935791,28.0
40,50,-7.692276477813721,6.841925144195557,12.0
40,51,-7.023958206176758,2.7276015281677246,30.0
40,52,-11.146537780761719,3.450448513031006,94.0
40,53,-18.60495948791504,4.1835103034973145,43.0
40,54,-6.900467872619629,9.975736618041992,8.0
40,55,-3.5784659385681152,2.446397304534912,2.0
40,56,-3.2656428813934326,2.9699573516845703,4.0
40,57,-9.03672981262207,6.09425163269043,52.0
40,58,-9.92381763458252,27.328750610351562,52.0
40,59,-10.241608619689941,2.347773313522339,4.0
40,60,-4.9268693923950195,2.2731008529663086,3.0
40,61,-5.043340682983398,12.44937515258789,4.0
40,62,-5.744426727294922,17.676097869873047,4.0
40,63,-7.696035861968994,2.351644992828369,2.0
40,64,-27.768638610839844,16.06854820251465,552.0
40,65,-14.707496643066406,18.94422721862793,103.0
40,66,-6.998300075531006,2.0134103298187256,4.0
40,67,-9.258523941040039,6.370671272277832,44.0
40,68,-13.524306297302246,29.402406692504883,204.0
40,69,-1.0296714305877686,1.1212095022201538,2.0
40,70,-3.099597454071045,1.3633701801300049,2.0
40,71,-19.55872344970703,11.52871036529541,21.0
40,72,-5.082507133483887,2.3328356742858887,4.0
40,73,-3.5390784740448,1.5564146041870117,1.0
40,74,-5.4548020362854,3.910637855529785,5.0
40,75,-3.597111701965332,1.6717535257339478,2.0
40,76,-6.578804969787598,26.82682991027832,29.0
40,77,-11.981037139892578,7.3657402992248535,10.0
40,78,-11.83326530456543,51.64646530151367,259.0
40,79,-38.042938232421875,44.89353942871094,70.0
40,80,-11.192909240722656,3.4682726860046387,194.0
40,81,-13.629022598266602,9.69396686553955,291.0
40,82,-9.728822708129883,25.608924865722656,7.0
40,83,-7.618175029754639,4.588875770568848,7.0
40,84,-7.004837989807129,2.7201614379882812,7.0
40,85,-2.249401569366455,1.5681244134902954,1.0
40,86,-8.386492729187012,2.143432378768921,15.0
40,87,-12.69407844543457,6.131502151489258,264.0
40,88,-14.97078800201416,8.488260269165039,929.0
40,89,-15.364689826965332,5.513434886932373,232.0
40,90,-2.9554150104522705,4.3828864097595215,4.0
40,91,-9.630468368530273,123.37570190429688,121.0
40,92,-21.796085357666016,15.248950004577637,582.0
40,93,-7.99489688873291,14.36745548248291,36.0
40,94,-8.099638938903809,1.963973879814148,12.0
40,95,-16.884418487548828,278.1441650390625,113.0
40,96,-6.93692684173584,2.3800365924835205,3.0
40,97,-3.725280284881592,2.5378570556640625,5.0
40,98,-2.1931793689727783,1.7303000688552856,1.0
40,99,-12.837054252624512,4.97602653503418,45.0
40,100,-4.976369857788086,3.4697842597961426,10.0
40,101,-20.75181770324707,6.596431732177734,43.0
40,102,-17.05926513671875,2.4543354511260986,22.0
40,103,-17.742450714111328,2.544192314147949,11.0
40,104,-3.383847951889038,3.0893149375915527,4.0
40,105,-2.8102548122406006,4.076045989990234,1.0
40,106,-10.97410774230957,3.9422967433929443,3.0
40,107,-8.134615898132324,3.879744291305542,8.0
40,108,-0.4421934187412262,1.5561167001724243,1.0
40,109,-4.496103286743164,3.0772175788879395,7.0
40,110,-11.830291748046875,2.6801095008850098,3.0
40,111,-5.881762504577637,7.103499412536621,42.0
40,112,-19.537084579467773,16.297504425048828,21.0
40,113,-17.92669105529785,36.0655517578125,123.0
40,114,-9.192344665527344,3.7180230617523193,5.0
40,115,-2.1951732635498047,1.2762271165847778,2.0
40,116,-14.012078285217285,33.21559524536133,44.0
40,117,-9.914953231811523,11.926207542419434,11.0
40,118,-14.719013214111328,18.987913131713867,198.0
40,119,-7.106766700744629,4.142723083496094,5.0
40,120,-8.05550765991211,56.134681701660156,21.0
40,121,-26.430971145629883,18.854930877685547,10380.0
40,122,-7.207633972167969,11.051262855529785,17.0
40,123,-16.489240646362305,27.05436134338379,64.0
40,124,-8.916850090026855,3.048367738723755,86.0
40,125,-13.061748504638672,3.2786498069763184,6.0
40,126,-9.066003799438477,2.738290309906006,4.0
40,127,-7.920289993286133,2.410977602005005,4.0
40,128,-1.9415009021759033,1.4744722843170166,2.0
40,129,-10.815045356750488,2.949113607406616,69.0
40,130,-1.3673205375671387,1.5773930549621582,1.0
40,131,-2.763037919998169,1.9952303171157837,1.0
40,132,-8.210558891296387,15.438322067260742,116.0
40,133,-8.336848258972168,8.03825569152832,3.0
40,134,-7.278960704803467,3.3640987873077393,26.0
40,135,-5.667372703552246,4.124080657958984,15.0
40,136,-19.17349624633789,15.472602844238281,167.0
40,137,-9.59245491027832,11.002403259277344,19.0
40,138,-13.419418334960938,5.35176944732666,7.0
40,139,-11.81274127960205,7.162006855010986,288.0
40,140,-12.121002197265625,3.8450169563293457,21.0
40,141,-22.962684631347656,26.585968017578125,325.0
40,142,-3.656325340270996,3.3830413818359375,6.0
40,143,-11.142894744873047,2.3564252853393555,67.0
40,144,-15.81535530090332,4.8624162673950195,6.0
40,145,-16.95011329650879,16.861263275146484,108.0
40,146,-5.131279468536377,5.531319618225098,4.0
40,147,-14.960784912109375,8.4761381149292,95.0
40,148,-9.676495552062988,3.352015972137451,5.0
40,149,-10.553766250610352,8.254457473754883,57.0
40,150,-12.046144485473633,5.589432239532471,47.0
40,151,-9.452247619628906,10.623429298400879,230.0
40,152,-12.459558486938477,5.929482460021973,151.0
40,153,-8.554259300231934,4.160810470581055,5.0
40,154,-8.663251876831055,2.198045015335083,5.0
40,155,-1.7208435535430908,1.7746700048446655,2.0
40,156,-11.790980339050293,10.571863174438477,9.0
40,157,-18.890663146972656,542.8797607421875,217.0
40,158,-11.804758071899414,4.373636245727539,77.0
40,159,-6.308762550354004,3.5316050052642822,29.0
40,160,-22.1153564453125,15.86982536315918,69.0
42,0,-6.831029891967773,2.653451919555664,10.0
42,1,-2.647444725036621,3.7573814392089844,2.0
42,2,-3.924903392791748,1.7518993616104126,2.0
42,3,-2.0060930252075195,1.4936437606811523,1.0
42,4,-12.16927719116211,20.953784942626953,215.0
42,5,-5.190316677093506,3.6604244709014893,5.0
42,6,-18.76311492919922,4.775949954986572,21.0
42,7,-2.624788284301758,2.3987059593200684,2.0
42,8,-4.641639709472656,3.1912410259246826,8.0
42,9,-9.025093078613281,1.825169563293457,4.0
42,10,-3.0853805541992188,2.1626734733581543,2.0
42,11,-5.393387794494629,2.1608119010925293,8.0
42,12,-4.054126262664795,1.7845402956008911,5.0
42,13,-3.2896456718444824,1.930789828300476,2.0
42,14,-7.914864540100098,7.233450889587402,61.0
42,15,-14.275167465209961,4.8848066329956055,9.0
42,16,-11.909524917602539,52.97614669799805,87.0
42,17,-4.87127161026001,5.072112083435059,13.0
42,18,-6.073094844818115,3.3690099716186523,7.0
42,19,-0.6181297302246094,1.167112112045288,1.0
42,20,-12.306907653808594,4.656962871551514,358.0
42,21,-3.8711562156677246,2.6321184635162354,3.0
42,22,-15.931748390197754,202.46817016601562,894.0
42,23,-1.953658938407898,7.054451942443848,2.0
42,24,-2.314336061477661,1.7835112810134888,2.0
42,25,-37.087249755859375,29.124164581298828,1118.0
42,26,-1.9327068328857422,1.6212162971496582,1.0
42,27,-6.100716590881348,7.641334533691406,6.0
42,28,-5.940548896789551,2.3364901542663574,4.0
42,29,-7.222280502319336,3.3324687480926514,2.0
42,30,-8.54700756072998,3.390580177307129,3.0
42,31,-5.592823505401611,16.385746002197266,19.0
42,32,-17.276119232177734,31.665374755859375,119.0
42,33,-2.1789352893829346,2.06744122505188,1.0
42,34,-8.450458526611328,8.269835472106934,5.0
42,35,-5.897271156311035,3.252598524093628,4.0
42,36,-3.3427445888519287,1.9514037370681763,1.0
42,37,-1.590835690498352,1.3746060132980347,1.0
42,38,-4.837645530700684,5.01557731628418,3.0
42,39,-18.203800201416016,20.779497146606445,31.0
42,40,-2.385037899017334,1.815315842628479,2.0
42,41,-3.764069080352783,2.1229653358459473,2.0
42,42,-17.273773193359375,8.66439151763916,65.0
42,43,-14.613557815551758,130.4755401611328,2214.0
42,44,-11.592252731323242,4.258988380432129,4.0
42,45,-6.513134956359863,8.767441749572754,3.0
42,46,-8.309621810913086,2.8255491256713867,4.0
42,47,-17.879514694213867,19.68622589111328,34.0
42,48,-14.512568473815918,1416.9815673828125,1130.0
42,49,-10.855864524841309,15.089001655578613,28.0
42,50,-7.780083656311035,6.993778228759766,13.0
42,51,-7.062796115875244,2.742776870727539,30.0
42,52,-10.913663864135742,3.3623135089874268,87.0
42,53,-18.43050765991211,4.127745628356934,42.0
42,54,-6.999909400939941,10.3119478225708,9.0
42,55,-3.530557632446289,2.417271375656128,2.0
42,56,-3.2218799591064453,2.9269471168518066,4.0
42,57,-9.146110534667969,6.229039192199707,50.0
42,58,-9.94607162475586,27.5322265625,52.0
42,59,-10.104040145874023,2.321012020111084,4.0
42,60,-4.884243965148926,2.257009267807007,3.0
42,61,-5.024031639099121,12.32975959777832,4.0
42,62,-5.777134895324707,17.967552185058594,4.0
42,63,-7.675103187561035,2.346181631088257,2.0
42,64,-27.495826721191406,15.636106491088867,517.0
42,65,-14.488822937011719,18.133563995361328,101.0
42,66,-6.837158203125,1.981225848197937,4.0
42,67,-9.012142181396484,6.064356803894043,41.0
42,68,-13.568699836730957,29.73054313659668,203.0
42,69,-1.027345061302185,1.1209195852279663,2.0
42,70,-2.8956387042999268,1.3358447551727295,2.0
42,71,-19.51010513305664,11.45885944366455,24.0
42,72,-5.011816024780273,2.305511713027954,4.0
42,73,-3.645160675048828,1.5771905183792114,1.0
42,74,-5.532062530517578,3.9869065284729004,5.0
42,75,-3.535677433013916,1.6571459770202637,2.0
42,76,-6.6083292961120605,27.22579002380371,30.0
42,77,-12.126177787780762,7.546091556549072,10.0
42,78,-11.912412643432617,53.02716064453125,267.0
42,79,-37.46247863769531,42.36183166503906,63.0
42,80,-11.07520866394043,3.4232101440429688,188.0
42,81,-13.277277946472168,9.14200496673584,277.0
42,82,-9.723916053771973,25.567075729370117,7.0
42,83,-7.500211715698242,4.481878757476807,8.0
42,84,-6.64653205871582,2.5844290256500244,7.0
42,85,-2.206747531890869,1.5548040866851807,1.0
42,86,-8.226065635681152,2.112398624420166,14.0
42,87,-12.6539888381958,6.096487045288086,233.0
42,88,-15.024517059326172,8.55366325378418,925.0
42,89,-15.24071979522705,5.438010215759277,218.0
42,90,-2.846963405609131,4.151549816131592,4.0
42,91,-9.58681869506836,120.71222686767578,118.0
42,92,-21.75934410095215,15.1790771484375,565.0
42,93,-8.027100563049316,14.522515296936035,36.0
42,94,-7.927454948425293,1.9359946250915527,12.0
42,95,-16.71308135986328,262.7038269042969,112.0
42,96,-6.848206996917725,2.353787899017334,3.0
42,97,-3.655416965484619,2.4939160346984863,5.0
42,98,-2.118753671646118,1.6984031200408936,1.0
42,99,-12.855125427246094,4.987279891967773,46.0
42,100,-4.946093559265137,3.443620443344116,10.0
42,101,-20.66925811767578,6.547108173370361,49.0
42,102,-16.491390228271484,2.382065534591675,22.0
42,103,-17.225549697875977,2.47590970993042,11.0
42,104,-3.31136155128479,3.0155649185180664,4.0
42,105,-2.7982583045959473,4.051670074462891,1.0
42,106,-10.937396049499512,3.9242467880249023,3.0
42,107,-8.110532760620117,3.8642032146453857,8.0
42,108,-0.4414852559566498,1.5550150871276855,1.0
42,109,-4.45495080947876,3.0457212924957275,7.0
42,110,-11.829680442810059,2.6799731254577637,3.0
42,111,-5.886716365814209,7.115238666534424,40.0
42,112,-19.287620544433594,15.7269287109375,21.0
42,113,-17.893386840820312,35.82612609863281,115.0
42,114,-9.117977142333984,3.678731918334961,4.0
42,115,-2.190234661102295,1.275527000427246,2.0
42,116,-13.99907398223877,33.107784271240234,44.0
42,117,-9.92664623260498,11.961121559143066,11.0
42,118,-14.627485275268555,18.643489837646484,194.0
42,119,-7.0501556396484375,4.09608268737793,5.0
42,120,-7.9561967849731445,53.41536331176758,20.0
42,121,-26.350976943969727,18.688087463378906,10271.0
42,122,-7.218314170837402,11.090676307678223,17.0
42,123,-16.82441520690918,28.930110931396484,79.0
42,124,-8.992402076721191,3.0772929191589355,92.0
42,125,-12.789432525634766,3.1984803676605225,6.0
42,126,-8.998476028442383,2.7178215980529785,4.0
42,127,-7.899575710296631,2.4054346084594727,4.0
42,128,-1.9454705715179443,1.475643515586853,2.0
42,129,-10.7410306930542,2.927366256713867,62.0
42,130,-1.3620294332504272,1.5746134519577026,1.0
42,131,-2.741711139678955,1.9846205711364746,1.0
42,132,-8.179669380187988,15.280179977416992,115.0
42,133,-8.239713668823242,7.845407962799072,3.0
42,134,-7.2512688636779785,3.3486084938049316,24.0
42,135,-5.614937782287598,4.070372104644775,14.0
42,136,-19.178373336791992,15.48338508605957,179.0
42,137,-9.658599853515625,11.185853958129883,19.0
42,138,-13.406867027282715,5.343379974365234,6.0
42,139,-11.848027229309082,7.204251289367676,291.0
42,140,-11.98878002166748,3.7889411449432373,19.0
42,141,-22.92993927001953,26.461889266967773,316.0
42,142,-3.5017504692077637,3.2131447792053223,6.0
42,143,-11.20844554901123,2.3683371543884277,67.0
42,144,-15.817208290100098,4.863317489624023,6.0
42,145,-17.00282096862793,17.010034561157227,114.0
42,146,-4.907108306884766,5.133063793182373,4.0
42,147,-15.149785041809082,8.708110809326172,94.0
42,148,-9.594230651855469,3.317723512649536,5.0
42,149,-10.491828918457031,8.152835845947266,57.0
42,150,-12.213587760925293,5.724747180938721,54.0
42,151,-9.598969459533691,11.020336151123047,248.0
42,152,-12.46024227142334,5.9300618171691895,148.0
42,153,-8.447025299072266,4.0871076583862305,5.0
42,154,-8.658531188964844,2.1971018314361572,5.0
42,155,-1.6915132999420166,1.757404088973999,2.0
42,156,-11.793572425842285,10.577346801757812,9.0
42,157,-18.982770919799805,559.8060913085938,237.0
42,158,-11.720846176147461,4.328001022338867,78.0
42,159,-6.3235578536987305,3.5420708656311035,28.0
42,160,-22.001251220703125,15.645078659057617,58.0
44,0,-6.8886308670043945,2.6753766536712646,11.0
44,1,-2.4439356327056885,3.393859624862671,2.0
44,2,-3.9168357849121094,1.749881386756897,2.0
44,3,-1.883177638053894,1.457373023033142,1.0
44,4,-12.08786392211914,20.5316162109375,185.0
44,5,-5.108325481414795,3.58615779876709,5.0
44,6,-18.51321792602539,4.677520275115967,22.0
44,7,-2.573668956756592,2.3581788539886475,2.0
44,8,-4.58384895324707,3.1454665660858154,8.0
44,9,-9.019968032836914,1.8245460987091064,4.0
44,10,-3.3381595611572266,2.3037538528442383,2.0
44,11,-5.086631774902344,2.068164825439453,8.0
44,12,-4.2155561447143555,1.8261727094650269,5.0
44,13,-3.253319501876831,1.9168131351470947,2.0
44,14,-8.15017032623291,7.671733379364014,74.0
44,15,-14.247194290161133,4.869647979736328,9.0
44,16,-12.677167892456055,68.42394256591797,118.0
44,17,-5.054165363311768,5.390951156616211,14.0
44,18,-5.989320755004883,3.31303334236145,7.0
44,19,-0.5908235907554626,1.1591719388961792,1.0
44,20,-12.20659065246582,4.598931312561035,343.0
44,21,-3.6051506996154785,2.4627723693847656,3.0
44,22,-16.39742660522461,236.467041015625,900.0
44,23,-1.9423143863677979,6.974874973297119,2.0
44,24,-2.2255351543426514,1.744353175163269,2.0
44,25,-36.64665222167969,27.980670928955078,1097.0
44,26,-1.8602540493011475,1.5921152830123901,1.0
44,27,-6.15306282043457,7.775835037231445,6.0
44,28,-5.888301849365234,2.3191158771514893,4.0
44,29,-7.163968086242676,3.3002381324768066,2.0
44,30,-8.56396484375,3.398804187774658,3.0
44,31,-5.5390400886535645,15.950976371765137,19.0
44,32,-16.893186569213867,29.330774307250977,116.0
44,33,-2.0657269954681396,1.9908777475357056,1.0
44,34,-8.191362380981445,7.751145362854004,5.0
44,35,-6.051678657531738,3.3546106815338135,4.0
44,36,-3.201097249984741,1.8968969583511353,1.0
44,37,-1.5961850881576538,1.37607741355896,1.0
44,38,-4.695624351501465,4.783670425415039,3.0
44,39,-18.143495559692383,20.571691513061523,27.0
44,40,-2.430366277694702,1.8360041379928589,2.0
44,41,-3.6624269485473633,2.080244541168213,2.0
44,42,-16.995115280151367,8.36778736114502,64.0
44,43,-14.569332122802734,128.56619262695312,2113.0
44,44,-11.835021018981934,4.390212535858154,4.0
44,45,-6.485820293426514,8.687976837158203,3.0
44,46,-8.027244567871094,2.7275550365448,4.0
44,47,-17.882808685302734,19.697032928466797,36.0
44,48,-14.513839721679688,1417.882568359375,1104.0
44,49,-10.949495315551758,15.446367263793945,29.0
44,50,-7.629317283630371,6.735077857971191,12.0
44,51,-7.316529750823975,2.844020128250122,37.0
44,52,-10.846955299377441,3.3374838829040527,86.0
44,53,-17.97568130493164,3.985826253890991,34.0
44,54,-6.795415878295898,9.63245964050293,6.0
44,55,-3.4331445693969727,2.359114170074463,3.0
44,56,-3.3257734775543213,3.0300862789154053,4.0
44,57,-9.047024726867676,6.106812477111816,46.0
44,58,-10.003305435180664,28.062530517578125,52.0
44,59,-9.897110939025879,2.2813313007354736,3.0
44,60,-4.681578636169434,2.182046413421631,3.0
44,61,-4.912158012390137,11.65900707244873,4.0
44,62,-5.636026382446289,16.74355125427246,4.0
44,63,-7.403907299041748,2.2765390872955322,2.0
44,64,-27.511566162109375,15.660735130310059,487.0
44,65,-14.954349517822266,19.902990341186523,116.0
44,66,-6.534300804138184,1.9221227169036865,4.0
44,67,-9.545064926147461,6.746427536010742,41.0
44,68,-13.669635772705078,30.490310668945312,199.0
44,69,-1.026294231414795,1.1207886934280396,2.0
44,70,-2.8584485054016113,1.330885887145996,2.0
44,71,-19.865503311157227,11.979392051696777,26.0
44,72,-4.7133588790893555,2.193634510040283,4.0
44,73,-3.604191541671753,1.5691341161727905,1.0
44,74,-5.576519966125488,4.031466007232666,7.0
44,75,-3.380033016204834,1.6207060813903809,2.0
44,76,-6.748314380645752,29.199665069580078,31.0
44,77,-11.91714096069336,7.287715911865234,10.0
44,78,-12.001354217529297,54.622806549072266,274.0
44,79,-38.20250701904297,45.61564636230469,68.0
44,80,-11.194290161132812,3.4688048362731934,210.0
44,81,-13.448589324951172,9.406786918640137,290.0
44,82,-9.603691101074219,24.56273078918457,7.0
44,83,-7.506361961364746,4.487395763397217,5.0
44,84,-6.8490400314331055,2.660287618637085,7.0
44,85,-2.122593402862549,1.5288543701171875,1.0
44,86,-8.106871604919434,2.089632749557495,15.0
44,87,-12.458633422851562,5.928699493408203,194.0
44,88,-14.920741081237793,8.427787780761719,930.0
44,89,-15.211462020874023,5.420361042022705,235.0
44,90,-2.783116340637207,4.021111011505127,3.0
44,91,-10.126487731933594,158.1025390625,140.0
44,92,-22.582073211669922,16.823204040527344,630.0
44,93,-7.874631881713867,13.802879333496094,33.0
44,94,-7.713493824005127,1.901781678199768,10.0
44,95,-16.687252044677734,260.45172119140625,104.0
44,96,-6.4972076416015625,2.2527482509613037,3.0
44,97,-3.805405616760254,2.5892064571380615,5.0
44,98,-1.8790256977081299,1.5996044874191284,1.0
44,99,-12.814827919006348,4.962221622467041,45.0
44,100,-4.995279788970947,3.4862265586853027,10.0
44,101,-21.030500411987305,6.765686511993408,59.0
44,102,-15.673637390136719,2.28171706199646,20.0
44,103,-16.483375549316406,2.381060838699341,10.0
44,104,-3.2908036708831787,2.9949707984924316,4.0
44,105,-2.7636964321136475,3.98225474357605,1.0
44,106,-10.878503799438477,3.8954644203186035,3.0
44,107,-8.121448516845703,3.871239423751831,8.0
44,108,-0.4255695044994354,1.5304617881774902,1.0
44,109,-4.353598117828369,2.969517707824707,7.0
44,110,-11.682830810546875,2.647376775741577,3.0
44,111,-5.84641695022583,7.020298004150391,38.0
44,112,-19.277175903320312,15.703476905822754,22.0
44,113,-17.70720672607422,34.51663589477539,99.0
44,114,-8.938103675842285,3.58540678024292,4.0
44,115,-2.0681025981903076,1.258334755897522,2.0
44,116,-14.211930274963379,34.91730499267578,44.0
44,117,-9.687231063842773,11.266207695007324,11.0
44,118,-14.85439682006836,19.50906753540039,213.0
44,119,-6.846868515014648,3.9328866004943848,4.0
44,120,-7.933073997497559,52.801361083984375,17.0
44,121,-26.436710357666016,18.866960525512695,9888.0
44,122,-7.060911178588867,10.523775100708008,17.0
44,123,-16.396350860595703,26.556385040283203,73.0
44,124,-8.874089241027832,3.0321171283721924,85.0
44,125,-12.550559997558594,3.1297712326049805,5.0
44,126,-8.794713973999023,2.6569807529449463,4.0
44,127,-7.683196067810059,2.348292589187622,4.0
44,128,-1.868928074836731,1.4532256126403809,2.0
44,129,-10.811344146728516,2.94802188873291,69.0
44,130,-1.3413933515548706,1.5638192892074585,1.0
44,131,-2.6475677490234375,1.9384561777114868,1.0
44,132,-8.226863861083984,15.52245807647705,116.0
44,133,-8.042122840881348,7.467279434204102,3.0
44,134,-7.148374080657959,3.2916719913482666,24.0
44,135,-5.632603645324707,4.088388919830322,15.0
44,136,-19.377681732177734,15.930574417114258,197.0
44,137,-9.491792678833008,10.72897720336914,20.0
44,138,-13.466949462890625,5.383661270141602,7.0
44,139,-11.924257278442383,7.296364784240723,261.0
44,140,-11.771186828613281,3.698434352874756,19.0
44,141,-23.112754821777344,27.162090301513672,316.0
44,142,-3.4483485221862793,3.1564548015594482,6.0
44,143,-11.322155952453613,2.389143943786621,69.0
44,144,-15.48425006866455,4.704055309295654,6.0
44,145,-16.871620178222656,16.64211654663086,114.0
44,146,-4.978832244873047,5.257264137268066,4.0
44,147,-15.523037910461426,9.185046195983887,106.0
44,148,-9.59733772277832,3.31901216506958,5.0
44,149,-10.378827095031738,7.970644474029541,56.0
44,150,-12.280008316040039,5.779325008392334,53.0
44,151,-9.407477378845215,10.505188941955566,230.0
44,152,-12.15785026550293,5.679344177246094,125.0
44,153,-8.633185386657715,4.215904712677002,5.0
44,154,-8.581254959106445,2.1817212104797363,5.0
44,155,-1.6873868703842163,1.754988431930542,2.0
44,156,-11.422290802001953,9.82036304473877,9.0
44,157,-19.0845947265625,579.1327514648438,236.0
44,158,-11.722380638122559,4.328831672668457,83.0
44,159,-6.386519432067871,3.5869557857513428,32.0
44,160,-21.320192337036133,14.368294715881348,50.0
46,0,-6.952631950378418,2.6999497413635254,11.0
46,1,-2.3595387935638428,3.2536237239837646,2.0
46,2,-3.9859039783477783,1.7672326564788818,2.0
46,3,-1.8014534711837769,1.4337462186813354,1.0
46,4,-12.21510124206543,21.19521141052246,179.0
46,5,-5.115067958831787,3.592207670211792,6.0
46,6,-18.540489196777344,4.688162326812744,20.0
46,7,-2.5595109462738037,2.347075939178467,2.0
46,8,-4.627986907958984,3.1803674697875977,9.0
46,9,-8.978157997131348,1.8194674253463745,4.0
46,10,-3.521897315979004,2.412043571472168,2.0
46,11,-4.824906349182129,1.9922653436660767,7.0
46,12,-4.3068952560424805,1.850157380104065,6.0
46,13,-3.3488476276397705,1.9537869691848755,2.0
46,14,-8.390865325927734,8.147541999816895,77.0
46,15,-14.235870361328125,4.863524436950684,9.0
46,16,-12.925122261047363,74.31954193115234,148.0
46,17,-5.106472015380859,5.485769271850586,14.0
46,18,-5.973928928375244,3.3028502464294434,7.0
46,19,-0.579362154006958,1.1558552980422974,1.0
46,20,-12.122819900512695,4.551024913787842,322.0
46,21,-3.522311210632324,2.4122931957244873,2.0
46,22,-16.638063430786133,256.2160339355469,940.0
46,23,-1.9432759284973145,6.9815850257873535,2.0
46,24,-2.1517527103424072,1.7124724388122559,2.0
46,25,-36.21580505371094,26.90591049194336,1063.0
46,26,-1.8944809436798096,1.6057970523834229,1.0
46,27,-6.21078634262085,7.926901340484619,6.0
46,28,-5.816612243652344,2.2954862117767334,4.0
46,29,-7.217963218688965,3.3300716876983643,2.0
46,30,-8.632207870483398,3.432100772857666,3.0
46,31,-5.524535655975342,15.835715293884277,19.0
46,32,-16.64590072631836,27.915449142456055,115.0
46,33,-2.025430917739868,1.9643150568008423,1.0
46,34,-8.022523880004883,7.43078088760376,5.0
46,35,-6.046165943145752,3.3509140014648438,4.0
46,36,-3.100839853286743,1.859240174293518,1.0
46,37,-1.6198517084121704,1.3826063871383667,1.0
46,38,-4.619039058685303,4.663095951080322,3.0
46,39,-18.040283203125,20.220842361450195,24.0
46,40,-2.463754415512085,1.8513935804367065,2.0
46,41,-3.6627891063690186,2.080394983291626,2.0
46,42,-16.732927322387695,8.097990036010742,62.0
46,43,-14.28796672821045,117.05638885498047,1888.0
46,44,-12.056523323059082,4.513465881347656,4.0
46,45,-6.480906963348389,8.673760414123535,3.0
46,46,-8.002163887023926,2.7190170288085938,4.0
46,47,-17.97530746459961,20.003047943115234,38.0
46,48,-14.594822883605957,1476.4730224609375,1111.0
46,49,-11.038997650146484,15.795884132385254,30.0
46,50,-7.6682329177856445,6.800922393798828,11.0
46,51,-7.373597621917725,2.8673007488250732,41.0
46,52,-10.694231033325195,3.28132700920105,83.0
46,53,-17.879741668701172,3.956519842147827,31.0
46,54,-6.899507522583008,9.972545623779297,8.0
46,55,-3.386720657348633,2.331892490386963,3.0
46,56,-3.241004705429077,2.9456658363342285,4.0
46,57,-9.122406005859375,6.199578285217285,48.0
46,58,-9.979010581970215,27.8361873626709,53.0
46,59,-9.77331256866455,2.2579169273376465,3.0
46,60,-4.4952592849731445,2.115328073501587,3.0
46,61,-4.87336540222168,11.435044288635254,4.0
46,62,-5.702019214630127,17.30524444580078,4.0
46,63,-7.195620536804199,2.2244582176208496,2.0
46,64,-27.488018035888672,15.623899459838867,457.0
46,65,-15.341236114501953,21.504180908203125,121.0
46,66,-6.326810836791992,1.882651448249817,4.0
46,67,-9.890010833740234,7.228287696838379,46.0
46,68,-13.835578918457031,31.781827926635742,204.0
46,69,-0.9769958853721619,1.114666223526001,2.0
46,70,-2.94258451461792,1.3421307802200317,2.0
46,71,-20.29907989501953,12.646556854248047,26.0
46,72,-4.617067813873291,2.1587109565734863,4.0
46,73,-3.611570119857788,1.5705820322036743,1.0
46,74,-5.64223051071167,4.098239898681641,7.0
46,75,-3.2946219444274902,1.6010509729385376,2.0
46,76,-6.912278652191162,31.694377899169922,33.0
46,77,-11.77619457244873,7.1185150146484375,10.0
46,78,-12.131616592407227,57.04682159423828,278.0
46,79,-38.4659538269043,46.833335876464844,71.0
46,80,-11.237029075622559,3.485316038131714,239.0
46,81,-13.72011661529541,9.842267990112305,310.0
46,82,-9.45165729522705,23.348960876464844,7.0
46,83,-7.492237091064453,4.474736213684082,6.0
46,84,-6.880690574645996,2.6723437309265137,6.0
46,85,-2.0068042278289795,1.4938561916351318,1.0
46,86,-8.039623260498047,2.0768966674804688,15.0
46,87,-12.284441947937012,5.782986640930176,172.0
46,88,-14.84269905090332,8.3343505859375,932.0
46,89,-15.205680847167969,5.4168806076049805,242.0
46,90,-2.7191505432128906,3.8945388793945312,3.0
46,91,-10.228411674499512,166.3686065673828,142.0
46,92,-22.77874183654785,17.241905212402344,687.0
46,93,-7.7829084396362305,13.387252807617188,31.0
46,94,-7.659048080444336,1.8931723833084106,8.0
46,95,-16.584951400756836,251.7198944091797,98.0
46,96,-6.313775539398193,2.2016828060150146,3.0
46,97,-3.801464557647705,2.5866565704345703,5.0
46,98,-1.8076677322387695,1.5713213682174683,1.0
46,99,-12.913519859313965,5.02381706237793,47.0
46,100,-5.047821998596191,3.5323219299316406,10.0
46,101,-21.38838768005371,6.989429473876953,68.0
46,102,-14.883785247802734,2.188807964324951,19.0
46,103,-16.123620986938477,2.3364007472991943,10.0
46,104,-3.2901296615600586,2.994297981262207,4.0
46,105,-2.794064998626709,4.043184280395508,1.0
46,106,-10.891132354736328,3.901618719100952,3.0
46,107,-8.148866653442383,3.888970136642456,9.0
46,108,-0.4198240637779236,1.5216938257217407,1.0
46,109,-4.298499584197998,2.92889404296875,8.0
46,110,-11.612186431884766,2.6318373680114746,3.0
46,111,-5.859781265258789,7.051641464233398,43.0
46,112,-19.23410987854004,15.60716438293457,20.0
46,113,-17.72561264038086,34.64393615722656,91.0
46,114,-8.929376602172852,3.580939531326294,4.0
46,115,-1.9618827104568481,1.2435708045959473,2.0
46,116,-14.301547050476074,35.70842742919922,43.0
46,117,-9.47562026977539,10.685686111450195,11.0
46,118,-15.003850936889648,20.101011276245117,224.0
46,119,-6.6096086502075195,3.750622272491455,4.0
46,120,-7.9807515144348145,54.0752067565918,17.0
46,121,-26.369306564331055,18.7261905670166,9595.0
46,122,-7.107213973999023,10.687461853027344,17.0
46,123,-16.321123123168945,26.15981674194336,73.0
46,124,-8.8080472946167,3.0071895122528076,80.0
46,125,-12.455606460571289,3.1028714179992676,5.0
46,126,-8.762813568115234,2.6475799083709717,4.0
46,127,-7.516629219055176,2.3052313327789307,4.0
46,128,-1.8369035720825195,1.4439475536346436,2.0
46,129,-10.90080738067627,2.9745142459869385,73.0
46,130,-1.3382618427276611,1.562187671661377,1.0
46,131,-2.6035141944885254,1.917224407196045,1.0
46,132,-8.21609878540039,15.4668607711792,116.0
46,133,-8.10262393951416,7.581082344055176,3.0
46,134,-7.099882125854492,3.265176296234131,24.0
46,135,-5.633577346801758,4.089384078979492,15.0
46,136,-19.43027687072754,16.05072021484375,211.0
46,137,-9.443534851074219,10.60031509399414,20.0
46,138,-13.566886901855469,5.451336860656738,7.0
46,139,-12.054170608520508,7.4560699462890625,234.0
46,140,-11.569145202636719,3.616333246231079,19.0
46,141,-23.13585662841797,27.251874923706055,328.0
46,142,-3.314527988433838,3.018749475479126,5.0
46,143,-11.347264289855957,2.3937628269195557,68.0
46,144,-15.338113784790039,4.635811805725098,6.0
46,145,-16.66370964050293,16.075315475463867,110.0
46,146,-4.9669880867004395,5.23654842376709,4.0
46,147,-15.727997779846191,9.457962036132812,113.0
46,148,-9.629718780517578,3.3324735164642334,5.0
46,149,-10.367570877075195,7.95272159576416,56.0
46,150,-12.426433563232422,5.901489734649658,54.0
46,151,-9.239133834838867,10.072242736816406,216.0
46,152,-11.972015380859375,5.530553817749023,119.0
46,153,-8.737920761108398,4.2901434898376465,5.0
46,154,-8.676870346069336,2.200767993927002,5.0
46,155,-1.6478737592697144,1.7320250272750854,2.0
46,156,-11.227947235107422,9.445981979370117,9.0
46,157,-19.08456039428711,579.1261596679688,229.0
46,158,-11.810298919677734,4.37666654586792,93.0
46,159,-6.356724739074707,3.5656449794769287,33.0
46,160,-20.835189819335938,13.523091316223145,49.0
48,0,-6.8163065910339355,2.647876739501953,11.0
48,1,-2.3381779193878174,3.2190587520599365,2.0
48,2,-3.963083028793335,1.7614805698394775,2.0
48,3,-1.9386242628097534,1.473624348640442,1.0
48,4,-12.207952499389648,21.157365798950195,167.0
48,5,-5.110326290130615,3.587951898574829,5.0
48,6,-18.505939483642578,4.674684047698975,19.0
48,7,-2.6633782386779785,2.429760694503784,2.0
48,8,-4.728402614593506,3.2612175941467285,8.0
48,9,-9.005390167236328,1.8227736949920654,4.0
48,10,-3.3999998569488525,2.339646816253662,2.0
48,11,-4.912282943725586,2.017289400100708,7.0
48,12,-4.1721906661987305,1.814894437789917,4.0
48,13,-3.4202327728271484,1.9818812608718872,2.0
48,14,-8.39157772064209,8.148993492126465,76.0
48,15,-14.19814395904541,4.843180179595947,9.0
48,16,-12.925655364990234,74.332763671875,152.0
48,17,-5.18889045715332,5.638567924499512,15.0
48,18,-6.051187515258789,3.354281187057495,8.0
48,19,-0.6025028228759766,1.1625614166259766,1.0
48,20,-12.182814598083496,4.585283279418945,322.0
48,21,-3.4718503952026367,2.3820526599884033,2.0
48,22,-16.619327545166016,254.6209259033203,917.0
48,23,-2.0212905406951904,7.548060417175293,2.0
48,24,-2.215259075164795,1.739877700805664,2.0
48,25,-36.09430694580078,26.61035919189453,1056.0
48,26,-1.9039180278778076,1.60958993434906,1.0
48,27,-6.247690677642822,8.025015830993652,6.0
48,28,-5.976214408874512,2.3484249114990234,4.0
48,29,-7.306436538696289,3.3795394897460938,2.0
48,30,-8.54411792755127,3.389180898666382,3.0
48,31,-5.697157382965088,17.263229370117188,19.0
48,32,-16.397838592529297,26.564289093017578,103.0
48,33,-2.057591438293457,1.9854861497879028,1.0
48,34,-8.074849128723145,7.528624057769775,5.0
48,35,-5.922913074493408,3.269321918487549,4.0
48,36,-3.0794970989227295,1.8513209819793701,1.0
48,37,-1.6167328357696533,1.381744146347046,1.0
48,38,-4.652281761169434,4.715055465698242,4.0
48,39,-18.030250549316406,20.18705940246582,29.0
48,40,-2.542759418487549,1.88832426071167,2.0
48,41,-3.6875228881835938,2.090711832046509,2.0
48,42,-16.88967514038086,8.258223533630371,64.0
48,43,-14.23027515411377,114.8268051147461,1859.0
48,44,-12.047558784484863,4.508411407470703,4.0
48,45,-6.511498928070068,8.762660026550293,3.0
48,46,-8.059797286987305,2.7386763095855713,4.0
48,47,-17.854557037353516,19.604507446289062,36.0
48,48,-14.542999267578125,1438.7064208984375,1115.0
48,49,-10.947257995605469,15.43773078918457,31.0
48,50,-7.659936904907227,6.786831855773926,11.0
48,51,-6.957520961761475,2.701836347579956,32.0
48,52,-10.915902137756348,3.363149642944336,86.0
48,53,-17.741979598999023,3.914813280105591,30.0
48,54,-6.923207759857178,10.051640510559082,7.0
48,55,-3.4543304443359375,2.3716423511505127,3.0
48,56,-3.260211944580078,2.964585542678833,4.0
48,57,-8.987852096557617,6.03496789932251,46.0
48,58,-9.929557800292969,27.381088256835938,54.0
48,59,-9.825161933898926,2.2676939964294434,3.0
48,60,-4.571783065795898,2.142479658126831,3.0
48,61,-4.932374000549316,11.777454376220703,4.0
48,62,-5.801671981811523,18.18934440612793,4.0
48,63,-7.2700371742248535,2.2429275512695312,2.0
48,64,-27.687084197998047,15.93803596496582,483.0
48,65,-15.104001998901367,20.50769805908203,105.0
48,66,-6.449197769165039,1.9058341979980469,4.0
48,67,-9.814576148986816,7.120053291320801,44.0
48,68,-13.660320281982422,30.41938591003418,196.0
48,69,-0.9843010902404785,1.1155714988708496,2.0
48,70,-2.7743635177612305,1.319742202758789,2.0
48,71,-20.140762329101562,12.398746490478516,26.0
48,72,-4.634317398071289,2.164926290512085,4.0
48,73,-3.6255526542663574,1.5733295679092407,1.0
48,74,-5.4127068519592285,3.8696987628936768,4.0
48,75,-3.515922784805298,1.6524758338928223,2.0
48,76,-6.84513521194458,30.648006439208984,31.0
48,77,-11.815340042114258,7.165109634399414,10.0
48,78,-12.010944366455078,54.797698974609375,261.0
48,79,-38.157066345214844,45.408836364746094,70.0
48,80,-10.969157218933105,3.3831095695495605,214.0
48,81,-13.957659721374512,10.23974323272705,331.0
48,82,-9.622001647949219,24.71310806274414,7.0
48,83,-7.526166915893555,4.505205154418945,5.0
48,84,-6.821868896484375,2.6499814987182617,7.0
48,85,-2.0755114555358887,1.5145256519317627,1.0
48,86,-8.052343368530273,2.0792999267578125,14.0
48,87,-12.374200820922852,5.8576178550720215,171.0
48,88,-14.703714370727539,8.170504570007324,916.0
48,89,-14.984309196472168,5.285267353057861,225.0
48,90,-2.7149975299835205,3.8864598274230957,3.0
48,91,-10.120713233947754,157.64671325683594,135.0
48,92,-22.603038787841797,16.86734962463379,637.0
48,93,-7.874767303466797,13.80350399017334,34.0
48,94,-7.602304458618164,1.8842414617538452,8.0
48,95,-16.64795684814453,257.0623779296875,108.0
48,96,-6.429733753204346,2.233828067779541,3.0
48,97,-3.6735572814941406,2.5052521228790283,5.0
48,98,-1.9210237264633179,1.6164880990982056,1.0
48,99,-12.90434455871582,5.018058776855469,45.0
48,100,-5.001307964324951,3.4914846420288086,10.0
48,101,-21.624792098999023,7.141266822814941,74.0
48,102,-14.890554428100586,2.1895878314971924,19.0
48,103,-15.58241081237793,2.2707879543304443,10.0
48,104,-3.2926149368286133,2.9967799186706543,4.0
48,105,-2.8149850368499756,4.085697650909424,1.0
48,106,-10.873016357421875,3.8927934169769287,3.0
48,107,-8.10311508178711,3.859428882598877,9.0
48,108,-0.43444517254829407,1.5441060066223145,1.0
48,109,-4.262709140777588,2.902804374694824,6.0
48,110,-11.690237998962402,2.6490111351013184,3.0
48,111,-5.848846435546875,7.025986194610596,39.0
48,112,-19.077768325805664,15.26244831085205,21.0
48,113,-17.535261154174805,33.349815368652344,81.0
48,114,-8.939005851745605,3.5858685970306396,4.0
48,115,-1.9559597969055176,1.2427527904510498,2.0
48,116,-14.136576652526855,34.26567459106445,42.0
48,117,-9.367990493774414,10.401995658874512,11.0
48,118,-14.71915340423584,18.988447189331055,208.0
48,119,-6.6044487953186035,3.746753215789795,4.0
48,120,-7.93661642074585,52.89496994018555,17.0
48,121,-26.31085205078125,18.604957580566406,10540.0
48,122,-7.001922607421875,10.318869590759277,17.0
48,123,-16.441551208496094,26.79754638671875,80.0
48,124,-8.81794548034668,3.0109126567840576,80.0
48,125,-12.280082702636719,3.0537524223327637,5.0
48,126,-8.69819450378418,2.628638505935669,4.0
48,127,-7.610467910766602,2.329392671585083,4.0
48,128,-1.8245561122894287,1.4403862953186035,2.0
48,129,-10.750184059143066,2.930046796798706,64.0
48,130,-1.3109129667282104,1.548011064529419,1.0
48,131,-2.6902222633361816,1.9592379331588745,1.0
48,132,-8.116979598999023,14.964187622070312,115.0
48,133,-7.994426727294922,7.378767967224121,3.0
48,134,-7.059039115905762,3.2430248260498047,24.0
48,135,-5.538828372955322,3.9936559200286865,14.0
48,136,-19.34518051147461,15.856781005859375,196.0
48,137,-9.245988845825195,10.089519500732422,20.0
48,138,-13.519109725952148,5.418877601623535,7.0
48,139,-11.98331069946289,7.368532180786133,235.0
48,140,-11.827951431274414,3.721835136413574,22.0
48,141,-22.935569763183594,26.483184814453125,360.0
48,142,-3.268533229827881,2.9728200435638428,5.0
48,143,-11.366479873657227,2.397303581237793,70.0
48,144,-15.42281723022461,4.675245761871338,6.0
48,145,-16.575618743896484,15.841024398803711,117.0
48,146,-4.911541938781738,5.140655994415283,4.0
48,147,-15.650599479675293,9.353961944580078,113.0
48,148,-9.518614768981934,3.2865121364593506,5.0
48,149,-10.291980743408203,7.833395957946777,55.0
48,150,-12.3073091506958,5.801909446716309,50.0
48,151,-9.3700532913208,10.407361030578613,224.0
48,152,-12.016716003417969,5.565983772277832,111.0
48,153,-8.551268577575684,4.1587371826171875,5.0
48,154,-8.65511703491211,2.196420192718506,5.0
48,155,-1.6577900648117065,1.7377595901489258,2.0
48,156,-11.298870086669922,9.580923080444336,8.0
48,157,-18.915586471557617,547.408447265625,220.0
48,158,-11.849631309509277,4.398237228393555,84.0
48,159,-6.3352556228637695,3.5503671169281006,30.0
48,160,-20.76875877380371,13.411262512207031,49.0
50,0,-6.772077560424805,2.6311991214752197,11.0
50,1,-2.349299907684326,3.2370097637176514,2.0
50,2,-3.9672770500183105,1.7625362873077393,2.0
50,3,-1.9791066646575928,1.485603928565979,1.0
50,4,-12.338113784790039,21.857158660888672,173.0
50,5,-5.117029190063477,3.5939693450927734,5.0
50,6,-18.277751922607422,4.586632251739502,18.0
50,7,-2.637849807739258,2.409172296524048,2.0
50,8,-4.8261613845825195,3.341902732849121,10.0
50,9,-8.950260162353516,1.816086769104004,4.0
50,10,-3.3770062923431396,2.3262362480163574,2.0
50,11,-4.958869934082031,2.030759572982788,8.0
50,12,-4.134827136993408,1.8052328824996948,4.0
50,13,-3.4798035621643066,2.0056350231170654,2.0
50,14,-8.322091102600098,8.008654594421387,75.0
50,15,-14.136796951293945,4.810279846191406,9.0
50,16,-12.934978485107422,74.56411743164062,152.0
50,17,-5.110742568969727,5.493583679199219,15.0
50,18,-6.108307361602783,3.392820119857788,7.0
50,19,-0.6288281679153442,1.1702377796173096,1.0
50,20,-12.253124237060547,4.625759124755859,326.0
50,21,-3.533585786819458,2.419102191925049,2.0
50,22,-16.6539306640625,257.5747985839844,918.0
50,23,-2.0250611305236816,7.576573848724365,2.0
50,24,-2.266209125518799,1.7621809244155884,2.0
50,25,-35.99919128417969,26.381258010864258,1039.0
50,26,-1.9090611934661865,1.6116609573364258,1.0
50,27,-6.352420806884766,8.310115814208984,6.0
50,28,-6.0647873878479,2.378329277038574,4.0
50,29,-7.3492045402526855,3.403714656829834,2.0
50,30,-8.444038391113281,3.3410704135894775,3.0
50,31,-5.745500087738037,17.68558692932129,20.0
50,32,-16.346914291381836,26.295108795166016,100.0
50,33,-2.023792028427124,1.9632421731948853,1.0
50,34,-8.088946342468262,7.555204391479492,5.0
50,35,-5.911086082458496,3.2615978717803955,4.0
50,36,-3.0445170402526855,1.838414192199707,1.0
50,37,-1.659765362739563,1.39368736743927,1.0
50,38,-4.6021037101745605,4.636847019195557,4.0
50,39,-18.09869956970215,20.41867446899414,30.0
50,40,-2.5612807273864746,1.8970881700515747,2.0
50,41,-3.7120509147644043,2.1009931564331055,2.0
50,42,-16.79487419128418,8.16093921661377,62.0
50,43,-14.074936866760254,109.03245544433594,1749.0
50,44,-12.099092483520508,4.5375471115112305,4.0
50,45,-6.529203414916992,8.814526557922363,3.0
50,46,-8.137569427490234,2.765430212020874,4.0
50,47,-17.787994384765625,19.388219833374023,35.0
50,48,-14.607576370239258,1485.918212890625,1135.0
50,49,-10.997511863708496,15.632905006408691,31.0
50,50,-7.5651326179504395,6.627868175506592,11.0
50,51,-6.692858695983887,2.6015896797180176,29.0
50,52,-10.989730834960938,3.390852212905884,89.0
50,53,-17.662494659423828,3.8909502029418945,30.0
50,54,-6.889229774475098,9.938437461853027,8.0
50,55,-3.4808084964752197,2.3873934745788574,3.0
50,56,-3.2430317401885986,2.9476568698883057,4.0
50,57,-8.989136695861816,6.036518096923828,47.0
50,58,-9.924763679504395,27.337366104125977,54.0
50,59,-9.901829719543457,2.282228708267212,3.0
50,60,-4.659015655517578,2.173856258392334,3.0
50,61,-4.965168476104736,11.972164154052734,4.0
50,62,-5.718774318695068,17.450830459594727,4.0
50,63,-7.340068340301514,2.2604482173919678,2.0
50,64,-27.6854248046875,15.935392379760742,491.0
50,65,-14.808327674865723,19.330141067504883,94.0
50,66,-6.517390251159668,1.918874740600586,4.0
50,67,-9.728562355041504,6.9986162185668945,43.0
50,68,-13.710220336914062,30.801244735717773,196.0
50,69,-1.0287506580352783,1.1210947036743164,2.0
50,70,-2.7475979328155518,1.3162144422531128,2.0
50,71,-20.03445053100586,12.235069274902344,26.0
50,72,-4.640512466430664,2.1671626567840576,4.0
50,73,-3.6261041164398193,1.573438048362732,1.0
50,74,-5.25999116897583,3.7247426509857178,3.0
50,75,-3.6118969917297363,1.675288438796997,2.0
50,76,-6.7712178230285645,29.535972595214844,30.0
50,77,-11.772513389587402,7.114149570465088,10.0
50,78,-11.952413558959961,53.73893356323242,255.0
50,79,-37.85725402832031,44.067623138427734,60.0
50,80,-10.817340850830078,3.3265199661254883,201.0
50,81,-14.024545669555664,10.354532241821289,326.0
50,82,-9.642433166503906,24.881996154785156,7.0
50,83,-7.63632869720459,4.60556697845459,7.0
50,84,-6.589315414428711,2.5633904933929443,7.0
50,85,-2.089589834213257,1.5187960863113403,1.0
50,86,-8.130316734313965,2.0940911769866943,15.0
50,87,-12.390972137451172,5.871668815612793,175.0
50,88,-14.610950469970703,8.062942504882812,912.0
50,89,-14.87945556640625,5.2240495681762695,218.0
50,90,-2.801622152328491,4.05849027633667,4.0
50,91,-9.99704647064209,148.19415283203125,131.0
50,92,-22.292402267456055,16.224950790405273,607.0
50,93,-7.886276721954346,13.856562614440918,34.0
50,94,-7.5909552574157715,1.8824604749679565,9.0
50,95,-16.46851348876953,242.13717651367188,109.0
50,96,-6.507709980010986,2.2557077407836914,3.0
50,97,-3.6589910984039307,2.496145486831665,5.0
50,98,-1.9130468368530273,1.6132676601409912,1.0
50,99,-12.952171325683594,5.048148155212402,45.0
50,100,-4.934520244598389,3.433671236038208,9.0
50,101,-21.455415725708008,7.032149314880371,68.0
50,102,-14.888505935668945,2.189351797103882,20.0
50,103,-15.368030548095703,2.2453103065490723,10.0
50,104,-3.3229281902313232,3.0272140502929688,4.0
50,105,-2.852531671524048,4.163124084472656,1.0
50,106,-10.843902587890625,3.878652572631836,3.0
50,107,-8.086540222167969,3.8487818241119385,9.0
50,108,-0.42815253138542175,1.5344202518463135,1.0
50,109,-4.24253511428833,2.8882007598876953,6.0
50,110,-11.614856719970703,2.632423162460327,3.0
50,111,-5.846395969390869,7.020248889923096,43.0
50,112,-19.162384033203125,15.448060989379883,18.0
50,113,-17.468490600585938,32.90741729736328,85.0
50,114,-8.85600471496582,3.5436010360717773,4.0
50,115,-1.977043867111206,1.2456674575805664,2.0
50,116,-13.96423053741455,32.820640563964844,41.0
50,117,-9.34089469909668,10.331770896911621,11.0
50,118,-14.547747611999512,18.348529815673828,195.0
50,119,-6.581014633178711,3.729233980178833,4.0
50,120,-7.911446571350098,52.233455657958984,17.0
50,121,-26.256864547729492,18.49368667602539,10811.0
50,122,-6.948032379150391,10.135162353515625,16.0
50,123,-16.25912857055664,25.83747100830078,80.0
50,124,-8.86131477355957,3.0272796154022217,83.0
50,125,-12.129731178283691,3.0122969150543213,5.0
50,126,-8.59262466430664,2.597984552383423,3.0
50,127,-7.596851825714111,2.325870990753174,4.0
50,128,-1.7791900634765625,1.4273762702941895,2.0
50,129,-10.632847785949707,2.8958675861358643,58.0
50,130,-1.3037443161010742,1.5443164110183716,1.0
50,131,-2.7157764434814453,1.971794605255127,1.0
50,132,-8.070358276367188,14.733436584472656,115.0
50,133,-8.040043830871582,7.463399410247803,3.0
50,134,-7.048146724700928,3.23714280128479,24.0
50,135,-5.559541702270508,4.014389991760254,14.0
50,136,-19.106189727783203,15.324543952941895,185.0
50,137,-9.201866149902344,9.978837013244629,18.0
50,138,-13.429622650146484,5.35860013961792,7.0
50,139,-12.129724502563477,7.550552845001221,238.0
50,140,-12.022918701171875,3.803340435028076,24.0
50,141,-22.927154541015625,26.45136833190918,374.0
50,142,-3.2096123695373535,2.9150030612945557,5.0
50,143,-11.377795219421387,2.399390935897827,70.0
50,144,-15.433121681213379,4.680065631866455,6.0
50,145,-16.51487159729004,15.681451797485352,116.0
50,146,-4.872250556945801,5.073766708374023,4.0
50,147,-15.539135932922363,9.206193923950195,110.0
50,148,-9.473752975463867,3.2681336402893066,5.0
50,149,-10.289170265197754,7.828995227813721,55.0
50,150,-12.288695335388184,5.786501884460449,49.0
50,151,-9.539677619934082,10.858187675476074,238.0
50,152,-11.983664512634277,5.539765357971191,109.0
50,153,-8.476147651672363,4.106993675231934,4.0
50,154,-8.744308471679688,2.214301824569702,5.0
50,155,-1.6946356296539307,1.7592339515686035,2.0
50,156,-11.496736526489258,9.96767520904541,9.0
50,157,-19.082897186279297,578.8050537109375,237.0
50,158,-11.913612365722656,4.433554172515869,79.0
50,159,-6.350296974182129,3.5610640048980713,30.0
50,160,-20.792057037353516,13.450376510620117,49.0
52,0,-6.812311172485352,2.6463658809661865,11.0
52,1,-2.2099475860595703,3.0191454887390137,2.0
52,2,-3.9768800735473633,1.764955997467041,2.0
52,3,-1.9158118963241577,1.4669163227081299,1.0
52,4,-12.351707458496094,21.931564331054688,158.0
52,5,-5.070137977600098,3.55208420753479,5.0
52,6,-18.24069595336914,4.572490692138672,18.0
52,7,-2.6339502334594727,2.4060428142547607,2.0
52,8,-4.762257099151611,3.2889363765716553,8.0
52,9,-9.031596183776855,1.8259609937667847,4.0
52,10,-3.41805362701416,2.3502304553985596,2.0
52,11,-4.779519081115723,1.9793894290924072,7.0
52,12,-4.078310489654541,1.7907164096832275,4.0
52,13,-3.3955535888671875,1.9721230268478394,2.0
52,14,-8.432056427001953,8.231877326965332,76.0
52,15,-14.166873931884766,4.826382160186768,8.0
52,16,-13.201639175415039,81.49539947509766,167.0
52,17,-5.3637213706970215,5.976930618286133,17.0
52,18,-6.032961845397949,3.342076539993286,7.0
52,19,-0.6227279901504517,1.1684545278549194,1.0
52,20,-12.27355670928955,4.637588977813721,328.0
52,21,-3.4106855392456055,2.345905303955078,2.0
52,22,-16.703319549560547,261.85040283203125,976.0
52,23,-2.0291366577148438,7.607515811920166,2.0
52,24,-2.1680824756622314,1.719477653503418,2.0
52,25,-35.83876037597656,25.999284744262695,1025.0
52,26,-1.911884069442749,1.6127986907958984,1.0
52,27,-6.249794006347656,8.030643463134766,6.0
52,28,-6.071603775024414,2.3806464672088623,4.0
52,29,-7.350963592529297,3.404712677001953,2.0
52,30,-8.455455780029297,3.346524238586426,3.0
52,31,-5.678733825683594,17.10493278503418,20.0
52,32,-16.074466705322266,24.900636672973633,93.0
52,33,-1.9599061012268066,1.9218764305114746,1.0
52,34,-7.9852705001831055,7.361896514892578,5.0
52,35,-5.984135150909424,3.3095991611480713,4.0
52,36,-3.0948264598846436,1.8570054769515991,1.0
52,37,-1.6268559694290161,1.3845444917678833,1.0
52,38,-4.607056140899658,4.644507884979248,4.0
52,39,-18.03694725036621,20.20960235595703,30.0
52,40,-2.5778255462646484,1.9049512147903442,2.0
52,41,-3.7079994678497314,2.0992913246154785,2.0
52,42,-16.715259552001953,8.08012580871582,65.0
52,43,-14.202096939086914,113.7533187866211,1812.0
52,44,-12.174430847167969,4.580480098724365,4.0
52,45,-6.514514923095703,8.771474838256836,3.0
52,46,-8.022623062133789,2.7259795665740967,4.0
52,47,-17.865917205810547,19.641660690307617,36.0
52,48,-14.658100128173828,1523.933349609375,1132.0
52,49,-11.046271324157715,15.824634552001953,31.0
52,50,-7.501434803009033,6.523158550262451,11.0
52,51,-6.807361602783203,2.6444952487945557,29.0
52,52,-11.016040802001953,3.4007790088653564,91.0
52,53,-17.56331443786621,3.8613779544830322,30.0
52,54,-6.909414291381836,10.005531311035156,5.0
52,55,-3.4141368865966797,2.3479301929473877,2.0
52,56,-3.2268950939178467,2.931844472885132,4.0
52,57,-8.941301345825195,5.97904109954834,48.0
52,58,-9.984770774841309,27.88968276977539,55.0
52,59,-9.7005615234375,2.244269609451294,3.0
52,60,-4.54069709777832,2.131408214569092,3.0
52,61,-4.950774669647217,11.886310577392578,4.0
52,62,-5.621108055114746,16.619123458862305,4.0
52,63,-7.144430160522461,2.2118418216705322,2.0
52,64,-27.714614868164062,15.981974601745605,487.0
52,65,-15.036442756652832,20.232463836669922,101.0
52,66,-6.418179035186768,1.8999316692352295,4.0
52,67,-9.943852424621582,7.306544780731201,44.0
52,68,-13.662527084350586,30.43617057800293,189.0
52,69,-1.0156517028808594,1.1194641590118408,2.0
52,70,-2.6834359169006348,1.3077963590621948,2.0
52,71,-20.03232192993164,12.23181438446045,24.0
52,72,-4.593973636627197,2.1504180431365967,4.0
52,73,-3.566340446472168,1.5617274045944214,1.0
52,74,-5.324628829956055,3.785421133041382,4.0
52,75,-3.591442108154297,1.6704000234603882,2.0
52,76,-6.7970147132873535,29.91940689086914,29.0
52,77,-11.794829368591309,7.140658378601074,10.0
52,78,-11.848230361938477,51.90474319458008,257.0
52,79,-37.91363525390625,44.3167839050293,57.0
52,80,-11.054973602294922,3.4155218601226807,222.0
52,81,-14.042228698730469,10.385092735290527,328.0
52,82,-9.58135986328125,24.380573272705078,7.0
52,83,-7.580234527587891,4.5541863441467285,7.0
52,84,-6.868037223815918,2.6675171852111816,7.0
52,85,-2.048774480819702,1.50644850730896,1.0
52,86,-8.004414558410645,2.0702595710754395,14.0
52,87,-12.233125686645508,5.740747451782227,150.0
52,88,-14.475236892700195,7.908126354217529,902.0
52,89,-14.797842979431152,5.176891326904297,215.0
52,90,-2.727329969406128,3.910498857498169,2.0
52,91,-9.90925407409668,141.82969665527344,125.0
52,92,-22.56874656677246,16.795202255249023,629.0
52,93,-7.953291893005371,14.169578552246094,33.0
52,94,-7.571503639221191,1.8794113397598267,9.0
52,95,-16.469444274902344,242.2123260498047,105.0
52,96,-6.352485179901123,2.2123618125915527,3.0
52,97,-3.6758875846862793,2.506711959838867,5.0
52,98,-1.8526731729507446,1.58910071849823,1.0
52,99,-12.83674430847168,4.975834369659424,46.0
52,100,-4.983423709869385,3.4759087562561035,10.0
52,101,-21.58834457397461,7.1176438331604,74.0
52,102,-14.496434211730957,2.144636869430542,19.0
52,103,-15.13516616821289,2.2179596424102783,10.0
52,104,-3.2321255207061768,2.936960458755493,4.0
52,105,-2.851219892501831,4.160394668579102,1.0
52,106,-10.700052261352539,3.809532403945923,3.0
52,107,-8.085028648376465,3.8478124141693115,9.0
52,108,-0.4222429394721985,1.5253791809082031,1.0
52,109,-4.2661614418029785,2.905310869216919,6.0
52,110,-11.510920524597168,2.6097211837768555,3.0
52,111,-5.834104061126709,6.991543292999268,39.0
52,112,-18.988143920898438,15.068281173706055,20.0
52,113,-17.34883689880371,32.129268646240234,73.0
52,114,-8.723722457885742,3.4772651195526123,4.0
52,115,-1.80703604221344,1.222357988357544,2.0
52,116,-14.152080535888672,34.398746490478516,42.0
52,117,-9.2048921585083,9.986388206481934,11.0
52,118,-14.639142036437988,18.68700408935547,200.0
52,119,-6.576547145843506,3.7259035110473633,4.0
52,120,-7.854960918426514,50.77887725830078,17.0
52,121,-26.29692268371582,18.576183319091797,10299.0
52,122,-6.995061874389648,10.295297622680664,17.0
52,123,-16.130746841430664,25.1825008392334,77.0
52,124,-8.85361099243164,3.0243654251098633,82.0
52,125,-12.121397972106934,3.0100154876708984,5.0
52,126,-8.495718955993652,2.570161819458008,3.0
52,127,-7.492870330810547,2.299154043197632,4.0
52,128,-1.8046456575393677,1.4346617460250854,2.0
52,129,-10.726531982421875,2.9231247901916504,59.0
52,130,-1.3032455444335938,1.5440598726272583,1.0
52,131,-2.7265756130218506,1.9771252870559692,1.0
52,132,-8.05840015411377,14.674824714660645,115.0
52,133,-7.933030128479004,7.266375541687012,3.0
52,134,-7.07275390625,3.2504465579986572,24.0
52,135,-5.526811599731445,3.9816763401031494,13.0
52,136,-19.1766357421875,15.479543685913086,198.0
52,137,-9.234137535095215,10.059670448303223,18.0
52,138,-13.479698181152344,5.392247676849365,7.0
52,139,-12.150054931640625,7.5761799812316895,228.0
52,140,-11.841073989868164,3.7272653579711914,23.0
52,141,-22.82119369506836,26.053977966308594,364.0
52,142,-3.2370567321777344,2.9417920112609863,5.0
52,143,-11.356230735778809,2.395414352416992,70.0
52,144,-15.33275318145752,4.633327960968018,6.0
52,145,-16.364044189453125,15.292166709899902,113.0
52,146,-4.851167678833008,5.038235664367676,4.0
52,147,-15.486212730407715,9.136853218078613,106.0
52,148,-9.50711441040039,3.2817909717559814,6.0
52,149,-10.251718521118164,7.770572185516357,54.0
52,150,-12.238763809204102,5.745373725891113,42.0
52,151,-9.431070327758789,10.56733512878418,232.0
52,152,-11.846257209777832,5.432081699371338,99.0
52,153,-8.505256652832031,4.126967430114746,4.0
52,154,-8.673439025878906,2.2000815868377686,5.0
52,155,-1.6618869304656982,1.740134358406067,2.0
52,156,-11.425210952758789,9.826101303100586,7.0
52,157,-19.042499542236328,571.0631713867188,225.0
52,158,-11.819036483764648,4.381449222564697,79.0
52,159,-6.361847877502441,3.569300413131714,31.0
52,160,-20.449146270751953,12.88602352142334,49.0
54,0,-6.796720504760742,2.6404783725738525,11.0
54,1,-2.161402702331543,2.9467456340789795,2.0
54,2,-3.9702987670898438,1.763297200202942,2.0
54,3,-1.8566782474517822,1.449669599533081,1.0
54,4,-12.28879165649414,21.58930206298828,152.0
54,5,-5.081264019012451,3.5619781017303467,5.0
54,6,-18.17684555053711,4.548225402832031,17.0
54,7,-2.5823187828063965,2.364987850189209,2.0
54,8,-4.65059232711792,3.1983916759490967,8.0
54,9,-8.954331398010254,1.8165795803070068,4.0
54,10,-3.5156733989715576,2.4082932472229004,2.0
54,11,-4.7765703201293945,1.9785557985305786,7.0
54,12,-4.104536533355713,1.7974380254745483,4.0
54,13,-3.336216449737549,1.9488575458526611,2.0
54,14,-8.41661262512207,8.200155258178711,76.0
54,15,-14.056896209716797,4.767763614654541,8.0
54,16,-13.1084566116333,79.00296020507812,164.0
54,17,-5.312314987182617,5.875385284423828,17.0
54,18,-6.080670356750488,3.3741183280944824,7.0
54,19,-0.6241531372070312,1.1688709259033203,1.0
54,20,-12.21733283996582,4.605110168457031,322.0
54,21,-3.437772750854492,2.3618452548980713,2.0
54,22,-16.8596248626709,275.8548889160156,1040.0
54,23,-2.0391907691955566,7.684388637542725,2.0
54,24,-2.128587007522583,1.7025834321975708,2.0
54,25,-35.80571365356445,25.92129898071289,1020.0
54,26,-1.9315258264541626,1.6207377910614014,1.0
54,27,-6.310498237609863,8.194796562194824,6.0
54,28,-6.0770769119262695,2.3825082778930664,4.0
54,29,-7.339907646179199,3.398444890975952,2.0
54,30,-8.403918266296387,3.3219757080078125,3.0
54,31,-5.653788089752197,16.892911911010742,20.0
54,32,-15.989248275756836,24.479835510253906,94.0
54,33,-2.000432014465332,1.948014497756958,1.0
54,34,-7.917736053466797,7.238645553588867,5.0
54,35,-6.026771545410156,3.3379416465759277,5.0
54,36,-3.158576250076294,1.8808339834213257,1.0
54,37,-1.6270554065704346,1.3845998048782349,1.0
54,38,-4.580942153930664,4.604254722595215,4.0
54,39,-18.005416870117188,20.103679656982422,31.0
54,40,-2.5585975646972656,1.8958160877227783,2.0
54,41,-3.6754112243652344,2.08565354347229,2.0
54,42,-16.658174514770508,8.022674560546875,65.0
54,43,-14.228035926818848,114.74114227294922,1806.0
54,44,-12.246889114379883,4.622155666351318,4.0
54,45,-6.489516258239746,8.698686599731445,3.0
54,46,-8.012990951538086,2.7226994037628174,4.0
54,47,-17.85550308227539,19.60759735107422,36.0
54,48,-14.693346977233887,1551.0284423828125,1134.0
54,49,-11.052253723144531,15.848319053649902,31.0
54,50,-7.486026763916016,6.498079776763916,11.0
54,51,-6.835782051086426,2.6552536487579346,32.0
54,52,-10.9762601852417,3.3857805728912354,91.0
54,53,-17.493606567382812,3.8407280445098877,29.0
54,54,-6.9429755210876465,10.118091583251953,7.0
54,55,-3.4196672439575195,2.3511786460876465,2.0
54,56,-3.2119030952453613,2.917229413986206,4.0
54,57,-8.972148895263672,6.016043663024902,47.0
54,58,-9.982039451599121,27.864309310913086,55.0
54,59,-9.613019943237305,2.227957010269165,3.0
54,60,-4.549929618835449,2.134690284729004,3.0
54,61,-4.892885684967041,11.547198295593262,4.0
54,62,-5.492326259613037,15.582728385925293,4.0
54,63,-7.074731349945068,2.1947789192199707,2.0
54,64,-27.74178695678711,16.025461196899414,484.0
54,65,-15.00130844116211,20.090795516967773,109.0
54,66,-6.354907989501953,1.8879485130310059,4.0
54,67,-9.961583137512207,7.332500457763672,45.0
54,68,-13.622608184814453,30.133939743041992,191.0
54,69,-0.9864946007728577,1.1158432960510254,2.0
54,70,-2.6691372394561768,1.3059277534484863,2.0
54,71,-20.10108184814453,12.33739948272705,24.0
54,72,-4.553986549377441,2.136134147644043,4.0
54,73,-3.480076551437378,1.5449779033660889,1.0
54,74,-5.294118881225586,3.756657838821411,4.0
54,75,-3.603454113006592,1.6732690334320068,2.0
54,76,-6.818263053894043,30.238971710205078,29.0
54,77,-11.880498886108398,7.243345260620117,10.0
54,78,-11.942069053649902,53.55396270751953,264.0
54,79,-37.956363677978516,44.506553649902344,58.0
54,80,-11.233272552490234,3.4838616847991943,234.0
54,81,-13.994824409484863,10.303365707397461,309.0
54,82,-9.471915245056152,23.507158279418945,7.0
54,83,-7.724100589752197,4.687128067016602,6.0
54,84,-7.063241004943848,2.7429511547088623,7.0
54,85,-2.05389404296875,1.5079917907714844,1.0
54,86,-8.01285171508789,2.071848154067993,14.0
54,87,-12.12034797668457,5.648998737335205,142.0
54,88,-14.504860877990723,7.9416656494140625,901.0
54,89,-14.554981231689453,5.039062976837158,198.0
54,90,-2.716679096221924,3.8897292613983154,2.0
54,91,-10.065353393554688,153.34291076660156,133.0
54,92,-22.508338928222656,16.668861389160156,656.0
54,93,-7.932612895965576,14.072243690490723,32.0
54,94,-7.607909679412842,1.8851220607757568,9.0
54,95,-16.312185287475586,229.84268188476562,99.0
54,96,-6.31032657623291,2.2007336616516113,3.0
54,97,-3.7120108604431152,2.529452085494995,5.0
54,98,-1.7823076248168945,1.5613906383514404,1.0
54,99,-12.854660034179688,4.986989974975586,46.0
54,100,-5.050265312194824,3.534480571746826,10.0
54,101,-21.58823585510254,7.1175737380981445,75.0
54,102,-14.336835861206055,2.126697540283203,19.0
54,103,-14.974201202392578,2.199248790740967,10.0
54,104,-3.213963031768799,2.9192333221435547,4.0
54,105,-2.797921657562256,4.05098819732666,1.0
54,106,-10.628425598144531,3.7755768299102783,3.0
54,107,-8.019542694091797,3.806044101715088,9.0
54,108,-0.4269755482673645,1.532615303993225,1.0
54,109,-4.330377578735352,2.952329158782959,7.0
54,110,-11.402942657470703,2.586343765258789,3.0
54,111,-5.8591766357421875,7.050220489501953,40.0
54,112,-18.94970703125,14.985769271850586,20.0
54,113,-17.289093017578125,31.747644424438477,77.0
54,114,-8.7000150680542,3.465508222579956,4.0
54,115,-1.8017513751983643,1.2216404676437378,2.0
54,116,-14.141547203063965,34.308284759521484,40.0
54,117,-9.11628532409668,9.767605781555176,11.0
54,118,-14.623834609985352,18.629884719848633,201.0
54,119,-6.620118618011475,3.758514404296875,4.0
54,120,-7.858598232269287,50.87131118774414,17.0
54,121,-26.352724075317383,18.69171714782715,10251.0
54,122,-7.055171966552734,10.503661155700684,17.0
54,123,-15.983110427856445,24.44980239868164,79.0
54,124,-8.783307075500488,2.997903823852539,80.0
54,125,-12.056363105773926,2.992271900177002,4.0
54,126,-8.351642608642578,2.5293447971343994,3.0
54,127,-7.44191837310791,2.2861742973327637,4.0
54,128,-1.783858299255371,1.428709626197815,2.0
54,129,-10.753678321838379,2.9310708045959473,64.0
54,130,-1.3227176666259766,1.5541144609451294,1.0
54,131,-2.6715006828308105,1.9500893354415894,1.0
54,132,-8.05945873260498,14.68000316619873,115.0
54,133,-7.832890510559082,7.086719989776611,3.0
54,134,-7.075456619262695,3.251910924911499,24.0
54,135,-5.473904132843018,3.9293580055236816,14.0
54,136,-19.07928466796875,15.265756607055664,191.0
54,137,-9.172307014465332,9.905366897583008,18.0
54,138,-13.53569221496582,5.430121421813965,7.0
54,139,-12.161463737487793,7.590599060058594,227.0
54,140,-11.84903335571289,3.7305636405944824,23.0
54,141,-22.804462432861328,25.99178123474121,358.0
54,142,-3.3272757530212402,3.031604051589966,5.0
54,143,-11.399134635925293,2.4033329486846924,67.0
54,144,-15.260562896728516,4.600000381469727,6.0
54,145,-16.34659194946289,15.247750282287598,109.0
54,146,-4.813961029052734,4.976136207580566,3.0
54,147,-15.521140098571777,9.182557106018066,110.0
54,148,-9.570865631103516,3.3080477714538574,6.0
54,149,-10.304494857788086,7.853026866912842,53.0
54,150,-12.266521453857422,5.768200874328613,42.0
54,151,-9.42133903503418,10.541657447814941,231.0
54,152,-11.853403091430664,5.437629699707031,97.0
54,153,-8.503677368164062,4.125881195068359,4.0
54,154,-8.719846725463867,2.209383010864258,5.0
54,155,-1.6287333965301514,1.721009612083435,2.0
54,156,-11.455120086669922,9.885054588317871,7.0
54,157,-19.247085571289062,611.3656005859375,239.0
54,158,-11.760863304138184,4.349704742431641,86.0
54,159,-6.343178749084473,3.555997848510742,31.0
54,160,-20.382455825805664,12.779048919677734,47.0
56,0,-6.839481353759766,2.6566576957702637,11.0
56,1,-2.088904619216919,2.841841697692871,1.0
56,2,-3.83491587638855,1.7295222282409668,2.0
56,3,-1.8321316242218018,1.4425700902938843,1.0
56,4,-12.229654312133789,21.2724666595459,153.0
56,5,-5.028296947479248,3.5151219367980957,5.0
56,6,-17.988086700439453,4.4772419929504395,16.0
56,7,-2.5551095008850098,2.343634843826294,2.0
56,8,-4.5755462646484375,3.138944387435913,7.0
56,9,-9.04643440246582,1.8277682065963745,4.0
56,10,-3.4961929321289062,2.3965933322906494,2.0
56,11,-4.837486267089844,1.9958488941192627,7.0
56,12,-4.148339748382568,1.8087210655212402,4.0
56,13,-3.351806163787842,1.954943299293518,2.0
56,14,-8.315773010253906,7.9960150718688965,74.0
56,15,-14.126884460449219,4.804985046386719,8.0
56,16,-13.056991577148438,77.65925598144531,154.0
56,17,-5.400095462799072,6.049839496612549,17.0
56,18,-6.22047758102417,3.4697952270507812,8.0
56,19,-0.6272480487823486,1.1697756052017212,1.0
56,20,-12.2254638671875,4.609793186187744,324.0
56,21,-3.476868152618408,2.385042667388916,2.0
56,22,-16.75482749938965,266.3849182128906,1087.0
56,23,-1.9863309860229492,7.288742542266846,2.0
56,24,-2.1118252277374268,1.69546377658844,2.0
56,25,-35.7484016418457,25.786596298217773,993.0
56,26,-1.962199091911316,1.6332138776779175,1.0
56,27,-6.257851600646973,8.05224323272705,6.0
56,28,-6.142556190490723,2.4048993587493896,4.0
56,29,-7.367486953735352,3.4141018390655518,2.0
56,30,-8.461947441101074,3.3496291637420654,3.0
56,31,-5.642867565155029,16.800922393798828,20.0
56,32,-16.050193786621094,24.780044555664062,91.0
56,33,-2.021306276321411,1.9616161584854126,1.0
56,34,-7.878085136413574,7.167244911193848,5.0
56,35,-5.975192070007324,3.303684949874878,4.0
56,36,-3.1526033878326416,1.8785884380340576,1.0
56,37,-1.6351494789123535,1.386842966079712,1.0
56,38,-4.651715278625488,4.714164733886719,4.0
56,39,-18.114368438720703,20.47206687927246,31.0
56,40,-2.505214214324951,1.8706828355789185,2.0
56,41,-3.7398409843444824,2.1127030849456787,2.0
56,42,-16.701801300048828,8.066544532775879,67.0
56,43,-14.270768165588379,116.38722229003906,1847.0
56,44,-12.27381706237793,4.637739658355713,4.0
56,45,-6.41965389251709,8.498457908630371,3.0
56,46,-7.922381401062012,2.692035675048828,4.0
56,47,-17.78680419921875,19.384374618530273,36.0
56,48,-14.635744094848633,1506.9937744140625,1146.0
56,49,-11.013011932373047,15.693599700927734,30.0
56,50,-7.562443733215332,6.623414516448975,11.0
56,51,-6.967086315155029,2.7055306434631348,32.0
56,52,-10.807686805725098,3.322953701019287,89.0
56,53,-17.438037872314453,3.8243463039398193,28.0
56,54,-6.970889091491699,10.212675094604492,8.0
56,55,-3.412808895111084,2.3471508026123047,3.0
56,56,-3.204324722290039,2.909869432449341,4.0
56,57,-9.20763874053955,6.306164741516113,52.0
56,58,-10.040026664733887,28.408138275146484,55.0
56,59,-9.472579002380371,2.2020342350006104,3.0
56,60,-4.601547718048096,2.153134346008301,3.0
56,61,-4.902590274810791,11.603365898132324,4.0
56,62,-5.760489463806152,17.818632125854492,4.0
56,63,-7.137895107269287,2.2102363109588623,2.0
56,64,-27.70446014404297,15.965754508972168,479.0
56,65,-14.979513168334961,20.003406524658203,103.0
56,66,-6.539495468139648,1.9231213331222534,4.0
56,67,-9.814567565917969,7.120041370391846,44.0
56,68,-13.5200777053833,29.371339797973633,190.0
56,69,-1.0357325077056885,1.1219648122787476,2.0
56,70,-2.6323108673095703,1.3011274337768555,2.0
56,71,-19.854856491088867,11.963460922241211,24.0
56,72,-4.581915855407715,2.1461009979248047,4.0
56,73,-3.4860987663269043,1.546141266822815,1.0
56,74,-5.264150619506836,3.7286181449890137,3.0
56,75,-3.5958306789398193,1.6714476346969604,2.0
56,76,-6.8498687744140625,30.72062873840332,32.0
56,77,-11.940146446228027,7.315712928771973,10.0
56,78,-12.037302017211914,55.2812614440918,279.0
56,79,-38.086856842041016,45.09114074707031,61.0
56,80,-11.23051929473877,3.4827961921691895,221.0
56,81,-13.914278030395508,10.165973663330078,318.0
56,82,-9.404047012329102,22.98133659362793,7.0
56,83,-7.804370880126953,4.762983322143555,7.0
56,84,-6.943829536437988,2.696556806564331,7.0
56,85,-2.0719776153564453,1.5134555101394653,1.0
56,86,-7.974966526031494,2.064724922180176,14.0
56,87,-12.131975173950195,5.658389568328857,134.0
56,88,-14.562482833862305,8.007308959960938,894.0
56,89,-14.64076042175293,5.087319850921631,209.0
56,90,-2.7001113891601562,3.857640504837036,2.0
56,91,-9.856627464294434,138.14637756347656,132.0
56,92,-22.53600311279297,16.72660255432129,651.0
56,93,-8.015584945678711,14.466876029968262,35.0
56,94,-7.722050189971924,1.9031381607055664,10.0
56,95,-16.325950622558594,230.89976501464844,97.0
56,96,-6.379379749298096,2.2198119163513184,4.0
56,97,-3.6284029483795166,2.47713041305542,5.0
56,98,-1.807985782623291,1.5714462995529175,1.0
56,99,-12.91626262664795,5.025539875030518,46.0
56,100,-5.109401702880859,3.587122678756714,11.0
56,101,-21.286588668823242,6.925044536590576,66.0
56,102,-14.419109344482422,2.1359262466430664,19.0
56,103,-15.014760971069336,2.203948736190796,10.0
56,104,-3.1513607501983643,2.858947515487671,4.0
56,105,-2.7128829956054688,3.8823530673980713,1.0
56,106,-10.41779899597168,3.677469491958618,3.0
56,107,-7.980993270874023,3.7816693782806396,9.0
56,108,-0.43749967217445374,1.5488297939300537,1.0
56,109,-4.42995023727417,3.0267443656921387,6.0
56,110,-11.406393051147461,2.587087631225586,3.0
56,111,-5.881964206695557,7.103977203369141,41.0
56,112,-18.759490966796875,14.584033966064453,20.0
56,113,-17.258644104003906,31.55489730834961,73.0
56,114,-8.925445556640625,3.5789291858673096,4.0
56,115,-1.848557949066162,1.2280104160308838,2.0
56,116,-14.120040893554688,34.12431716918945,40.0
56,117,-9.133217811584473,9.809041023254395,11.0
56,118,-14.611547470092773,18.584156036376953,213.0
56,119,-6.752549171447754,3.8593926429748535,4.0
56,120,-7.846702575683594,50.56963348388672,18.0
56,121,-26.353504180908203,18.693336486816406,9875.0
56,122,-7.0362443923950195,10.437602043151855,17.0
56,123,-15.91549015045166,24.121366500854492,76.0
56,124,-8.885187149047852,3.0363264083862305,80.0
56,125,-11.818323135375977,2.9282150268554688,5.0
56,126,-8.331379890441895,2.5236566066741943,3.0
56,127,-7.402040481567383,2.276067018508911,4.0
56,128,-1.8054713010787964,1.4348987340927124,2.0
56,129,-10.802420616149902,2.945392370223999,60.0
56,130,-1.3237488269805908,1.554648756980896,1.0
56,131,-2.7557854652404785,1.9916160106658936,1.0
56,132,-8.103649139404297,14.897843360900879,115.0
56,133,-7.838420867919922,7.096524715423584,3.0
56,134,-7.139078617095947,3.286576271057129,24.0
56,135,-5.554044246673584,4.008876323699951,14.0
56,136,-18.838550567626953,14.74968147277832,187.0
56,137,-9.088438034057617,9.699840545654297,17.0
56,138,-13.578103065490723,5.458985328674316,7.0
56,139,-12.191468238830566,7.628653526306152,235.0
56,140,-11.787090301513672,3.7049753665924072,23.0
56,141,-22.760723114013672,25.829877853393555,353.0
56,142,-3.289414405822754,2.993584394454956,5.0
56,143,-11.391066551208496,2.4018421173095703,65.0
56,144,-15.160043716430664,4.553992748260498,6.0
56,145,-16.47842788696289,15.586492538452148,111.0
56,146,-4.7897047996521,4.936063766479492,3.0
56,147,-15.492029190063477,9.144448280334473,105.0
56,148,-9.455665588378906,3.2607531547546387,6.0
56,149,-10.335780143737793,7.902318000793457,55.0
56,150,-12.231569290161133,5.739471435546875,43.0
56,151,-9.399567604064941,10.48443603515625,237.0
56,152,-11.833610534667969,5.422276496887207,97.0
56,153,-8.409157752990723,4.061394214630127,4.0
56,154,-8.658519744873047,2.1970996856689453,5.0
56,155,-1.5952621698379517,1.7019150257110596,2.0
56,156,-11.569833755493164,10.114466667175293,7.0
56,157,-19.096742630004883,581.4825439453125,224.0
56,158,-11.811487197875977,4.377316474914551,85.0
56,159,-6.480982780456543,3.655367374420166,34.0
56,160,-20.42102813720703,12.840812683105469,49.0
58,0,-6.784979820251465,2.6360533237457275,11.0
58,1,-2.084347724914551,2.835373878479004,1.0
58,2,-3.7442588806152344,1.7072674036026,2.0
58,3,-1.91023850440979,1.4652820825576782,1.0
58,4,-12.308309555053711,21.694902420043945,173.0
58,5,-4.996955871582031,3.487687587738037,4.0
58,6,-18.00206756591797,4.482460975646973,15.0
58,7,-2.5743918418884277,2.3587472438812256,2.0
58,8,-4.608944892883301,3.1652631759643555,7.0
58,9,-9.14972972869873,1.8403980731964111,4.0
58,10,-3.466809034347534,2.3790526390075684,2.0
58,11,-4.89755392074585,2.013049364089966,8.0
58,12,-4.165750980377197,1.8132253885269165,5.0
58,13,-3.404595375061035,1.975692629814148,2.0
58,14,-8.197834014892578,7.76369571685791,70.0
58,15,-14.032262802124023,4.754732131958008,8.0
58,16,-12.779077529907227,70.78822326660156,160.0
58,17,-5.457357406616211,6.16642427444458,19.0
58,18,-6.28139066696167,3.512324810028076,9.0
58,19,-0.6504467725753784,1.1765797138214111,1.0
58,20,-12.302959442138672,4.654664993286133,341.0
58,21,-3.586416244506836,2.4512646198272705,2.0
58,22,-16.625619888305664,255.15557861328125,1108.0
58,23,-1.9552552700042725,7.065722465515137,2.0
58,24,-2.165872097015381,1.718527913093567,2.0
58,25,-35.90837860107422,26.164358139038086,1005.0
58,26,-2.0242762565612793,1.6587579250335693,1.0
58,27,-6.213957786560059,7.935285568237305,6.0
58,28,-6.320075988769531,2.4666671752929688,4.0
58,29,-7.378417491912842,3.4203271865844727,2.0
58,30,-8.419509887695312,3.329383373260498,4.0
58,31,-5.629433631896973,16.68844985961914,20.0
58,32,-16.078414916992188,24.920305252075195,89.0
58,33,-2.067336320877075,1.9919462203979492,1.0
58,34,-7.8685102462768555,7.150108814239502,5.0
58,35,-6.058653354644775,3.3592936992645264,4.0
58,36,-3.1804420948028564,1.8890771865844727,1.0
58,37,-1.6723954677581787,1.3972123861312866,1.0
58,38,-4.73973274230957,4.854523181915283,4.0
58,39,-18.196880340576172,20.75554084777832,29.0
58,40,-2.497581720352173,1.8671168088912964,2.0
58,41,-3.752822160720825,2.1181952953338623,2.0
58,42,-16.758094787597656,8.123505592346191,67.0
58,43,-14.250515937805176,115.60418701171875,1876.0
58,44,-12.37195110321045,4.694980144500732,4.0
58,45,-6.364163398742676,8.342706680297852,3.0
58,46,-7.918033599853516,2.690573215484619,4.0
58,47,-17.717578887939453,19.162010192871094,36.0
58,48,-14.617194175720215,1493.0810546875,1146.0
58,49,-11.122522354125977,16.129188537597656,31.0
58,50,-7.652070999145508,6.77349853515625,11.0
58,51,-7.070436954498291,2.74577260017395,33.0
58,52,-10.824468612670898,3.329155683517456,89.0
58,53,-17.566843032836914,3.862426280975342,28.0
58,54,-7.072524547576904,10.564594268798828,11.0
58,55,-3.461061954498291,2.3756368160247803,3.0
58,56,-3.1775388717651367,2.8840041160583496,4.0
58,57,-9.345762252807617,6.482799530029297,54.0
58,58,-10.027425765991211,28.289058685302734,54.0
58,59,-9.444863319396973,2.1969542503356934,3.0
58,60,-4.686769485473633,2.1839349269866943,3.0
58,61,-4.816277503967285,11.11325740814209,4.0
58,62,-5.863715171813965,18.762451171875,4.0
58,63,-7.209107398986816,2.2277941703796387,2.0
58,64,-27.63698959350586,15.85839557647705,475.0
58,65,-14.796241760253906,19.283470153808594,105.0
58,66,-6.700594425201416,1.9543534517288208,4.0
58,67,-9.664691925048828,6.909783840179443,40.0
58,68,-13.39174747467041,28.44399070739746,184.0
58,69,-1.0460999011993408,1.1232579946517944,2.0
58,70,-2.6355137825012207,1.301544189453125,2.0
58,71,-19.74122428894043,11.794733047485352,23.0
58,72,-4.680845737457275,2.1817798614501953,4.0
58,73,-3.495138168334961,1.5478893518447876,1.0
58,74,-5.178377151489258,3.649515151977539,3.0
58,75,-3.6434543132781982,1.682857871055603,2.0
58,76,-6.807883262634277,30.082441329956055,32.0
58,77,-12.108945846557617,7.524450302124023,10.0
58,78,-11.992644309997559,54.46444320678711,287.0
58,79,-37.892311096191406,44.22238540649414,58.0
58,80,-11.36325740814209,3.534543514251709,223.0
58,81,-13.761887550354004,9.911027908325195,319.0
58,82,-9.414777755737305,23.063682556152344,7.0
58,83,-7.832226276397705,4.7895917892456055,7.0
58,84,-6.963979721069336,2.7043302059173584,7.0
58,85,-2.1396868228912354,1.5340900421142578,1.0
58,86,-7.923750877380371,2.055133819580078,14.0
58,87,-12.203423500061035,5.716440200805664,140.0
58,88,-14.640022277832031,8.0964994430542,898.0
58,89,-14.482010841369629,4.9983720779418945,192.0
58,90,-2.7066969871520996,3.870363712310791,2.0
58,91,-9.62967300415039,123.32666015625,124.0
58,92,-22.30057144165039,16.241527557373047,641.0
58,93,-8.117375373840332,14.966160774230957,39.0
58,94,-7.826534271240234,1.91978120803833,11.0
58,95,-16.154075622558594,218.04287719726562,95.0
58,96,-6.42946720123291,2.2337534427642822,4.0
58,97,-3.56037974357605,2.4353606700897217,5.0
58,98,-1.8230327367782593,1.5773688554763794,1.0
58,99,-12.797372817993164,4.951406002044678,44.0
58,100,-5.090641498565674,3.570338487625122,12.0
58,101,-21.247053146362305,6.9001994132995605,64.0
58,102,-14.455045700073242,2.139970302581787,19.0
58,103,-15.18294620513916,2.223544120788574,11.0
58,104,-3.1394059658050537,2.8475773334503174,4.0
58,105,-2.7120110988616943,3.8806610107421875,1.0
58,106,-10.470161437988281,3.7016184329986572,3.0
58,107,-8.009990692138672,3.799989938735962,9.0
58,108,-0.4483261704444885,1.565689206123352,1.0
58,109,-4.4900007247924805,3.072526454925537,6.0
58,110,-11.459527969360352,2.5985682010650635,3.0
58,111,-5.937412261962891,7.2364983558654785,44.0
58,112,-18.798812866210938,14.66618824005127,22.0
58,113,-17.140987396240234,30.821035385131836,73.0
58,114,-9.20022201538086,3.7222096920013428,4.0
58,115,-1.8763631582260132,1.231810212135315,2.0
58,116,-14.097674369812012,33.93404006958008,41.0
58,117,-9.181541442871094,9.928260803222656,11.0
58,118,-14.799933433532715,19.297714233398438,225.0
58,119,-6.8846964836120605,3.962754249572754,5.0
58,120,-7.863002777099609,50.98346710205078,19.0
58,121,-26.485179901123047,18.968841552734375,10092.0
58,122,-6.9996795654296875,10.311156272888184,17.0
58,123,-15.938375473022461,24.23202133178711,78.0
58,124,-9.065592765808105,3.1055755615234375,89.0
58,125,-11.652141571044922,2.884310007095337,5.0
58,126,-8.323514938354492,2.521451950073242,3.0
58,127,-7.384835243225098,2.2717199325561523,4.0
58,128,-1.911881685256958,1.4657636880874634,2.0
58,129,-11.044105529785156,3.0174450874328613,65.0
58,130,-1.3422449827194214,1.5642633438110352,1.0
58,131,-2.8267459869384766,2.0272626876831055,1.0
58,132,-8.112236976623535,14.94054889678955,115.0
58,133,-7.760394096374512,6.959436416625977,4.0
58,134,-7.208672523498535,3.3249194622039795,23.0
58,135,-5.607996940612793,4.063315391540527,14.0
58,136,-18.75130844116211,14.566995620727539,182.0
58,137,-9.001161575317383,9.49049186706543,17.0
58,138,-13.461969375610352,5.380311489105225,7.0
58,139,-12.15556526184082,7.583141803741455,236.0
58,140,-12.067562103271484,3.822253465652466,25.0
58,141,-22.644939422607422,25.406152725219727,360.0
58,142,-3.254244804382324,2.9586946964263916,6.0
58,143,-11.37370491027832,2.3986363410949707,67.0
58,144,-15.226240158081055,4.584238529205322,6.0
58,145,-16.756723403930664,16.32646369934082,124.0
58,146,-4.691512107849121,4.77711820602417,3.0
58,147,-15.444047927856445,9.08198356628418,110.0
58,148,-9.356786727905273,3.220698595046997,6.0
58,149,-10.29973316192627,7.845550060272217,55.0
58,150,-12.23641586303711,5.743446350097656,44.0
58,151,-9.397214889526367,10.478271484375,237.0
58,152,-11.876358032226562,5.455491065979004,101.0
58,153,-8.291021347045898,3.9822096824645996,4.0
58,154,-8.696392059326172,2.2046773433685303,5.0
58,155,-1.6523436307907104,1.7346076965332031,2.0
58,156,-11.8767728805542,10.754825592041016,8.0
58,157,-19.052019119262695,572.8782348632812,229.0
58,158,-11.90993595123291,4.431517124176025,83.0
58,159,-6.471567630767822,3.6484906673431396,35.0
58,160,-20.475093841552734,12.927886962890625,49.0
60,0,-6.855668067932129,2.6628077030181885,11.0
60,1,-2.044063091278076,2.778834342956543,1.0
60,2,-3.6553449630737305,1.6857188940048218,2.0
60,3,-1.891971468925476,1.459938406944275,1.0
60,4,-12.315711975097656,21.735090255737305,175.0
60,5,-5.034014701843262,3.5201501846313477,4.0
60,6,-17.912992477416992,4.449311256408691,15.0
60,7,-2.5881991386413574,2.3696281909942627,2.0
60,8,-4.5780816078186035,3.140934467315674,7.0
60,9,-9.25578784942627,1.8534568548202515,4.0
60,10,-3.4682154655456543,2.3798892498016357,2.0
60,11,-4.919852256774902,2.0194718837738037,8.0
60,12,-4.153898239135742,1.8101578950881958,5.0
60,13,-3.3986711502075195,1.9733531475067139,2.0
60,14,-8.165618896484375,7.701420307159424,68.0
60,15,-14.0380220413208,4.757775783538818,8.0
60,16,-12.7938814163208,71.13838195800781,157.0
60,17,-5.479572296142578,6.21225643157959,18.0
60,18,-6.310234546661377,3.5326449871063232,9.0
60,19,-0.6663362979888916,1.1812628507614136,1.0
60,20,-12.312251091003418,4.660074234008789,339.0
60,21,-3.59861421585083,2.4587512016296387,2.0
60,22,-16.54827308654785,248.6610870361328,1114.0
60,23,-1.9354687929153442,6.927290916442871,2.0
60,24,-2.170370578765869,1.7204616069793701,2.0
60,25,-35.931182861328125,26.21865463256836,991.0
60,26,-2.067659616470337,1.6768465042114258,2.0
60,27,-6.162134647369385,7.7993855476379395,6.0
60,28,-6.323739528656006,2.467958688735962,4.0
60,29,-7.441826820373535,3.4566657543182373,2.0
60,30,-8.30904769897461,3.277256965637207,5.0
60,31,-5.61803674697876,16.5936222076416,20.0
60,32,-16.05530548095703,24.805391311645508,82.0
60,33,-2.025120258331299,1.9641116857528687,1.0
60,34,-7.8851423263549805,7.179901599884033,5.0
60,35,-6.0718488693237305,3.3681704998016357,4.0
60,36,-3.1090731620788574,1.8623042106628418,1.0
60,37,-1.6880513429641724,1.4015941619873047,1.0
60,38,-4.720439910888672,4.823404312133789,4.0
60,39,-18.195579528808594,20.75104522705078,31.0
60,40,-2.440760850906372,1.840781569480896,2.0
60,41,-3.745500087738037,2.115095615386963,2.0
60,42,-16.718626022338867,8.083527565002441,66.0
60,43,-14.252693176269531,115.6881103515625,1889.0
60,44,-12.34969711303711,4.6819376945495605,4.0
60,45,-6.325774192810059,8.2366304397583,3.0
60,46,-7.878526210784912,2.677318572998047,4.0
60,47,-17.694618225097656,19.088825225830078,35.0
60,48,-14.590518951416016,1473.2991943359375,1142.0
60,49,-11.006685256958008,15.668797492980957,29.0
60,50,-7.704725742340088,6.863252639770508,11.0
60,51,-7.107049942016602,2.76017165184021,33.0
60,52,-10.686833381652832,3.2786309719085693,87.0
60,53,-17.44105339050293,3.8252334594726562,27.0
60,54,-7.049987316131592,10.485526084899902,10.0
60,55,-3.4456677436828613,2.366511344909668,3.0
60,56,-3.149656295776367,2.85732364654541,4.0
60,57,-9.382747650146484,6.530930995941162,57.0
60,58,-9.985905647277832,27.900238037109375,53.0
60,59,-9.347640991210938,2.1792266368865967,3.0
60,60,-4.684746742248535,2.1831986904144287,3.0
60,61,-4.866476058959961,11.395722389221191,4.0
60,62,-5.8082380294799805,18.24915885925293,4.0
60,63,-7.251629829406738,2.238344669342041,2.0
60,64,-27.582181930541992,15.771717071533203,468.0
60,65,-14.596456527709961,18.52815055847168,95.0
60,66,-6.811722278594971,1.9761930704116821,4.0
60,67,-9.57264518737793,6.783743858337402,41.0
60,68,-13.426651000976562,28.693273544311523,184.0
60,69,-1.0599303245544434,1.1249853372573853,2.0
60,70,-2.6721291542053223,1.3063186407089233,2.0
60,71,-19.776195526123047,11.846405029296875,23.0
60,72,-4.766171932220459,2.2130286693573,4.0
60,73,-3.5103864669799805,1.550842523574829,1.0
60,74,-5.170460224151611,3.642299175262451,3.0
60,75,-3.7030961513519287,1.6972576379776,2.0
60,76,-6.782771110534668,29.70708465576172,32.0
60,77,-12.194786071777344,7.632872581481934,10.0
60,78,-12.05349349975586,55.580440521240234,297.0
60,79,-37.76539993286133,43.66469955444336,57.0
60,80,-11.266664505004883,3.4968113899230957,210.0
60,81,-13.666829109191895,9.755243301391602,316.0
60,82,-9.39554214477539,22.916276931762695,7.0
60,83,-7.855660915374756,4.812093257904053,7.0
60,84,-6.80995512008667,2.645475387573242,7.0
60,85,-2.174894094467163,1.544930338859558,1.0
60,86,-7.891687870025635,2.049152374267578,14.0
60,87,-12.174962997436523,5.6932454109191895,141.0
60,88,-14.638920783996582,8.09522533416748,889.0
60,89,-14.567773818969727,5.046230316162109,208.0
60,90,-2.6878533363342285,3.834069013595581,2.0
60,91,-9.52054214477539,116.777587890625,119.0
60,92,-22.13603401184082,15.910897254943848,630.0
60,93,-8.176050186157227,15.261756896972656,41.0
60,94,-7.874769687652588,1.9275134801864624,11.0
60,95,-16.03200912475586,209.34909057617188,98.0
60,96,-6.478377342224121,2.2474520206451416,4.0
60,97,-3.5233817100524902,2.4129388332366943,5.0
60,98,-1.823885202407837,1.5777050256729126,1.0
60,99,-12.871101379394531,4.997249603271484,48.0
60,100,-5.099822998046875,3.578543186187744,12.0
60,101,-21.325843811035156,6.949801445007324,68.0
60,102,-14.588733673095703,2.155080556869507,20.0
60,103,-15.459383964538574,2.256131887435913,11.0
60,104,-3.117084503173828,2.8264689445495605,4.0
60,105,-2.719642162322998,3.895496368408203,1.0
60,106,-10.460033416748047,3.6969354152679443,3.0
60,107,-7.941610336303711,3.7569282054901123,8.0
60,108,-0.46435508131980896,1.5909878015518188,1.0
60,109,-4.490280628204346,3.0727415084838867,6.0
60,110,-11.515419960021973,2.6106998920440674,3.0
60,111,-5.922061920166016,7.1995649337768555,44.0
60,112,-18.60346794128418,14.262566566467285,22.0
60,113,-17.2407169342041,31.441965103149414,85.0
60,114,-9.278233528137207,3.7639238834381104,4.0
60,115,-1.9620600938796997,1.2435953617095947,2.0
60,116,-14.09012222290039,33.87002944946289,41.0
60,117,-9.224421501159668,10.03526496887207,11.0
60,118,-14.71268081665039,18.963878631591797,224.0
60,119,-6.997784614562988,4.053403377532959,5.0
60,120,-7.908419132232666,52.154449462890625,19.0
60,121,-26.474666595458984,18.946697235107422,9947.0
60,122,-6.946548938751221,10.13015079498291,16.0
60,123,-15.775432586669922,23.455066680908203,73.0
60,124,-9.132168769836426,3.13152813911438,93.0
60,125,-11.592519760131836,2.8687186241149902,5.0
60,126,-8.3356351852417,2.5248501300811768,3.0
60,127,-7.415283679962158,2.279418706893921,4.0
60,128,-1.9390747547149658,1.473757028579712,2.0
60,129,-11.097443580627441,3.0335826873779297,67.0
60,130,-1.3229031562805176,1.5542104244232178,1.0
60,131,-2.82485294342041,2.02630352973938,1.0
60,132,-8.116908073425293,14.963831901550293,115.0
60,133,-7.701341152191162,6.857447624206543,3.0
60,134,-7.277101516723633,3.363056182861328,24.0
60,135,-5.594780921936035,4.049911975860596,14.0
60,136,-18.51392936706543,14.081292152404785,168.0
60,137,-9.031100273132324,9.561790466308594,18.0
60,138,-13.411436080932617,5.346432209014893,7.0
60,139,-12.101573944091797,7.515209674835205,235.0
60,140,-12.082259178161621,3.828500747680664,26.0
60,141,-22.497243881225586,24.875713348388672,359.0
60,142,-3.2659268379211426,2.970238447189331,6.0
60,143,-11.20873737335205,2.3683903217315674,65.0
60,144,-15.25627326965332,4.59802770614624,6.0
60,145,-16.8666934967041,16.628456115722656,129.0
60,146,-4.657650947570801,4.723501205444336,3.0
60,147,-15.34102725982666,8.949299812316895,106.0
60,148,-9.31734848022461,3.2048604488372803,6.0
60,149,-10.360593795776367,7.94163179397583,55.0
60,150,-12.293712615966797,5.790650844573975,45.0
60,151,-9.420453071594238,10.539322853088379,239.0
60,152,-11.924936294555664,5.49348258972168,98.0
60,153,-8.325508117675781,4.005164623260498,4.0
60,154,-8.707275390625,2.206859588623047,5.0
60,155,-1.6831916570663452,1.7525360584259033,2.0
60,156,-11.95313835144043,10.9203462600708,9.0
60,157,-18.959476470947266,555.4761352539062,230.0
60,158,-11.989631652832031,4.475883960723877,84.0
60,159,-6.46495246887207,3.6436665058135986,33.0
60,160,-20.598831176757812,13.129399299621582,49.0
62,0,-6.779132843017578,2.633852481842041,11.0
62,1,-2.0420212745666504,2.775998830795288,1.0
62,2,-3.6373376846313477,1.6813879013061523,2.0
62,3,-1.8966059684753418,1.4612923860549927,1.0
62,4,-12.246232986450195,21.360816955566406,168.0
62,5,-5.031129837036133,3.5176122188568115,4.0
62,6,-17.966922760009766,4.4693522453308105,14.0
62,7,-2.5746121406555176,2.3589205741882324,2.0
62,8,-4.609841823577881,3.165972948074341,7.0
62,9,-9.149032592773438,1.8403127193450928,4.0
62,10,-3.4715871810913086,2.3818960189819336,2.0
62,11,-4.967137813568115,2.0331597328186035,8.0
62,12,-4.150110721588135,1.8091787099838257,5.0
62,13,-3.3911004066467285,1.9703675508499146,2.0
62,14,-8.204716682434082,7.777066230773926,73.0
62,15,-13.994087219238281,4.734606742858887,8.0
62,16,-12.807558059692383,71.46343994140625,159.0
62,17,-5.518069744110107,6.2924885749816895,19.0
62,18,-6.3068928718566895,3.5302846431732178,8.0
62,19,-0.6765618324279785,1.1842864751815796,1.0
62,20,-12.324295043945312,4.667095184326172,347.0
62,21,-3.6342296600341797,2.480741262435913,2.0
62,22,-16.49199104309082,244.03953552246094,1118.0
62,23,-1.904222011566162,6.714182376861572,2.0
62,24,-2.207859754562378,1.7366620302200317,2.0
62,25,-35.948856353759766,26.260814666748047,971.0
62,26,-2.107576370239258,1.6936638355255127,2.0
62,27,-6.165046215057373,7.806957721710205,6.0
62,28,-6.296008110046387,2.4582009315490723,4.0
62,29,-7.482913970947266,3.4804177284240723,2.0
62,30,-8.272706985473633,3.260287046432495,4.0
62,31,-5.6401801109313965,16.77836036682129,20.0
62,32,-16.051008224487305,24.78408432006836,81.0
62,33,-2.103104591369629,2.0158379077911377,1.0
62,34,-7.9108171463012695,7.226134777069092,5.0
62,35,-6.09848690032959,3.386162757873535,4.0
62,36,-3.21089768409729,1.9006187915802002,1.0
62,37,-1.7225579023361206,1.411300539970398,1.0
62,38,-4.835739612579346,5.012392044067383,4.0
62,39,-18.332014083862305,21.22831153869629,30.0
62,40,-2.42494535446167,1.8335175514221191,2.0
62,41,-3.7332513332366943,2.1099205017089844,2.0
62,42,-16.756134033203125,8.121515274047852,67.0
62,43,-14.215972900390625,114.28067779541016,1891.0
62,44,-12.303722381591797,4.65510892868042,4.0
62,45,-6.3286213874816895,8.244451522827148,3.0
62,46,-7.818936347961426,2.657449960708618,4.0
62,47,-17.625722885131836,18.870887756347656,35.0
62,48,-14.62780475616455,1501.0233154296875,1135.0
62,49,-11.072672843933105,15.929428100585938,31.0
62,50,-7.7173967361450195,6.88502836227417,11.0
62,51,-7.049184799194336,2.7374489307403564,33.0
62,52,-10.70453929901123,3.2850875854492188,88.0
62,53,-17.534690856933594,3.8528857231140137,28.0
62,54,-7.120881080627441,10.736261367797852,11.0
62,55,-3.463475227355957,2.377070426940918,3.0
62,56,-3.2040882110595703,2.909640073776245,4.0
62,57,-9.450277328491211,6.619736194610596,59.0
62,58,-9.980812072753906,27.852909088134766,53.0
62,59,-9.382594108581543,2.1855833530426025,3.0
62,60,-4.729326248168945,2.1994802951812744,3.0
62,61,-4.898586750030518,11.580161094665527,4.0
62,62,-5.963829040527344,19.72554588317871,4.0
62,63,-7.3503289222717285,2.263026714324951,2.0
62,64,-27.613201141357422,15.820714950561523,472.0
62,65,-14.570021629333496,18.430452346801758,96.0
62,66,-6.841552734375,1.982096791267395,4.0
62,67,-9.489763259887695,6.672220230102539,40.0
62,68,-13.349908828735352,28.148025512695312,182.0
62,69,-1.0876991748809814,1.1284618377685547,2.0
62,70,-2.6186344623565674,1.299349069595337,2.0
62,71,-19.680395126342773,11.705389022827148,22.0
62,72,-4.714466094970703,2.1940395832061768,4.0
62,73,-3.5346856117248535,1.5555601119995117,1.0
62,74,-5.197457313537598,3.6669650077819824,3.0
62,75,-3.700227737426758,1.6965621709823608,3.0
62,76,-6.815018653869629,30.189958572387695,34.0
62,77,-12.31711483001709,7.790090084075928,10.0
62,78,-12.080960273742676,56.09163284301758,298.0
62,79,-37.694915771484375,43.3580207824707,54.0
62,80,-11.369294166564941,3.5369150638580322,207.0
62,81,-13.5632905960083,9.588345527648926,307.0
62,82,-9.390655517578125,22.878978729248047,7.0
62,83,-7.901709079742432,4.8566155433654785,7.0
62,84,-6.718206882476807,2.611027717590332,7.0
62,85,-2.2333784103393555,1.5631072521209717,1.0
62,86,-7.97311544418335,2.0643773078918457,14.0
62,87,-12.267110824584961,5.768686771392822,135.0
62,88,-14.635272979736328,8.091008186340332,888.0
62,89,-14.528203010559082,5.024092197418213,201.0
62,90,-2.6803884506225586,3.8197851181030273,2.0
62,91,-9.211187362670898,100.04235076904297,101.0
62,92,-22.15478515625,15.948235511779785,635.0
62,93,-8.204046249389648,15.404845237731934,45.0
62,94,-7.921814441680908,1.9350848197937012,12.0
62,95,-15.832529067993164,195.88145446777344,92.0
62,96,-6.517886638641357,2.2585790157318115,4.0
62,97,-3.4892728328704834,2.3924505710601807,5.0
62,98,-1.8721539974212646,1.5968589782714844,1.0
62,99,-12.7300386428833,4.909906387329102,46.0
62,100,-5.10253381729126,3.5809690952301025,12.0
62,101,-21.212324142456055,6.878448486328125,65.0
62,102,-14.732291221618652,2.1714253425598145,21.0
62,103,-15.498467445373535,2.260777473449707,11.0
62,104,-3.1210079193115234,2.830167770385742,4.0
62,105,-2.6946489810943604,3.847118616104126,1.0
62,106,-10.414311408996582,3.6758666038513184,3.0
62,107,-7.954482078552246,3.7649967670440674,8.0
62,108,-0.45923107862472534,1.5828564167022705,1.0
62,109,-4.482602119445801,3.0668487548828125,6.0
62,110,-11.424589157104492,2.5910134315490723,3.0
62,111,-5.940234184265137,7.2433085441589355,41.0
62,112,-18.640106201171875,14.337411880493164,22.0
62,113,-17.248594284057617,31.491539001464844,86.0
62,114,-9.41972541809082,3.8407785892486572,5.0
62,115,-2.0274791717529297,1.252667784690857,2.0
62,116,-14.063041687011719,33.64149856567383,42.0
62,117,-9.215082168579102,10.011861801147461,11.0
62,118,-14.76103687286377,19.14817237854004,218.0
62,119,-7.020554065704346,4.07190465927124,5.0
62,120,-7.875821113586426,51.311275482177734,19.0
62,121,-26.478641510009766,18.95506477355957,9756.0
62,122,-6.993913650512695,10.291358947753906,16.0
62,123,-15.784834861755371,23.49921417236328,73.0
62,124,-9.141804695129395,3.1353023052215576,94.0
62,125,-11.528336524963379,2.8520288467407227,6.0
62,126,-8.34025764465332,2.5261471271514893,3.0
62,127,-7.403560161590576,2.276451349258423,4.0
62,128,-1.9686579704284668,1.4825025796890259,2.0
62,129,-11.034541130065918,3.0145606994628906,64.0
62,130,-1.3449897766113281,1.5656951665878296,1.0
62,131,-2.866196632385254,2.047355890274048,1.0
62,132,-8.082155227661133,14.791485786437988,115.0
62,133,-7.705375671386719,6.864367485046387,3.0
62,134,-7.301636695861816,3.3768367767333984,23.0
62,135,-5.620750904083252,4.076292037963867,14.0
62,136,-18.543964385986328,14.141839027404785,174.0
62,137,-8.965533256530762,9.406333923339844,16.0
62,138,-13.465071678161621,5.3823981285095215,7.0
62,139,-12.286604881286621,7.750577926635742,252.0
62,140,-12.106940269470215,3.8390140533447266,25.0
62,141,-22.446292877197266,24.695308685302734,354.0
62,142,-3.280802011489868,2.9850027561187744,5.0
62,143,-11.237022399902344,2.373548984527588,65.0
62,144,-15.2709379196167,4.6047749519348145,6.0
62,145,-16.96187400817871,16.894344329833984,130.0
62,146,-4.634991645812988,4.687958717346191,3.0
62,147,-15.320075988769531,8.922553062438965,108.0
62,148,-9.255773544311523,3.1802878379821777,6.0
62,149,-10.296820640563965,7.840981960296631,55.0
62,150,-12.249595642089844,5.754270553588867,46.0
62,151,-9.433248519897461,10.573090553283691,241.0
62,152,-11.93074893951416,5.498045444488525,97.0
62,153,-8.157987594604492,3.8948864936828613,4.0
62,154,-8.760738372802734,2.217611789703369,5.0
62,155,-1.701664924621582,1.763360857963562,2.0
62,156,-12.004823684692383,11.03381633758545,9.0
62,157,-18.985309600830078,560.2798461914062,237.0
62,158,-11.940360069274902,4.448402404785156,81.0
62,159,-6.4864678382873535,3.659379482269287,35.0
62,160,-20.561737060546875,13.0686616897583,49.0
64,0,-6.780400276184082,2.634329319000244,11.0
64,1,-2.03375506401062,2.7645490169525146,1.0
64,2,-3.6686086654663086,1.6889159679412842,2.0
64,3,-1.9023025035858154,1.4629580974578857,1.0
64,4,-12.242984771728516,21.343477249145508,176.0
64,5,-5.034110069274902,3.5202341079711914,4.0
64,6,-17.888826370239258,4.4403605461120605,15.0
64,7,-2.580784797668457,2.363778829574585,2.0
64,8,-4.67607307434082,3.2188310623168945,7.0
64,9,-9.203784942626953,1.847042441368103,4.0
64,10,-3.4212210178375244,2.3520922660827637,2.0
64,11,-4.9377312660217285,2.0246362686157227,8.0
64,12,-4.180611610412598,1.8170790672302246,6.0
64,13,-3.3629305362701416,1.9592976570129395,2.0
64,14,-8.158342361450195,7.687422752380371,71.0
64,15,-14.082857131958008,4.781536102294922,8.0
64,16,-12.744972229003906,69.98800659179688,153.0
64,17,-5.579732894897461,6.4231648445129395,19.0
64,18,-6.3291707038879395,3.546049118041992,9.0
64,19,-0.6852332353591919,1.1868566274642944,1.0
64,20,-12.327556610107422,4.6689982414245605,346.0
64,21,-3.6088740825653076,2.4650659561157227,2.0
64,22,-16.393056869506836,236.12283325195312,1107.0
64,23,-1.8913061618804932,6.628020286560059,2.0
64,24,-2.2098522186279297,1.7375274896621704,2.0
64,25,-35.91517639160156,26.180532455444336,997.0
64,26,-2.103212833404541,1.6918171644210815,2.0
64,27,-6.098188400268555,7.634896755218506,6.0
64,28,-6.324525356292725,2.468235731124878,4.0
64,29,-7.5027265548706055,3.491929531097412,2.0
64,30,-8.213309288024902,3.2327396869659424,4.0
64,31,-5.619955062866211,16.60954475402832,20.0
64,32,-16.01358413696289,24.599271774291992,80.0
64,33,-2.0943970680236816,2.009995222091675,1.0
64,34,-7.935059547424316,7.2700629234313965,5.0
64,35,-6.033772945404053,3.342618703842163,4.0
64,36,-3.1656956672668457,1.8835139274597168,1.0
64,37,-1.713441014289856,1.4087295532226562,1.0
64,38,-4.7901530265808105,4.936801910400391,4.0
64,39,-18.326690673828125,21.209482192993164,30.0
64,40,-2.446072578430176,1.843227505683899,2.0
64,41,-3.7939178943634033,2.135676860809326,2.0
64,42,-16.79401206970215,8.160059928894043,66.0
64,43,-14.057465553283691,108.39934539794922,1757.0
64,44,-12.287721633911133,4.64580774307251,4.0
64,45,-6.3220319747924805,8.226362228393555,3.0
64,46,-7.76910924911499,2.6409499645233154,4.0
64,47,-17.63577651977539,18.90253448486328,33.0
64,48,-14.548834800720215,1442.910400390625,1127.0
64,49,-11.018832206726074,15.716451644897461,29.0
64,50,-7.7329182624816895,6.911796569824219,10.0
64,51,-7.147180557250977,2.77604079246521,34.0
64,52,-10.627387046813965,3.2570464611053467,87.0
64,53,-17.30209732055664,3.7845635414123535,28.0
64,54,-7.184781074523926,10.967397689819336,11.0
64,55,-3.4876790046691895,2.3914976119995117,3.0
64,56,-3.1677119731903076,2.87457275390625,4.0
64,57,-9.46017837524414,6.6328582763671875,60.0
64,58,-9.963172912597656,27.689619064331055,53.0
64,59,-9.293769836425781,2.1694655418395996,3.0
64,60,-4.710906982421875,2.1927385330200195,3.0
64,61,-4.82215690612793,11.145975112915039,4.0
64,62,-5.942972183227539,19.52090835571289,4.0
64,63,-7.353782653808594,2.263895273208618,2.0
64,64,-27.578401565551758,15.765754699707031,470.0
64,65,-14.505301475524902,18.19342613220215,96.0
64,66,-6.956457614898682,2.0050034523010254,4.0
64,67,-9.45313835144043,6.623525142669678,40.0
64,68,-13.281599044799805,27.671409606933594,183.0
64,69,-1.0771276950836182,1.1271371841430664,2.0
64,70,-2.6351122856140137,1.3014918565750122,2.0
64,71,-19.513446807861328,11.46364688873291,22.0
64,72,-4.7476806640625,2.206218719482422,4.0
64,73,-3.526965618133545,1.5540597438812256,1.0
64,74,-5.244863986968994,3.7106831073760986,3.0
64,75,-3.674839973449707,1.6904202699661255,3.0
64,76,-6.79047155380249,29.821683883666992,32.0
64,77,-12.394968032836914,7.8918304443359375,10.0
64,78,-12.077376365661621,56.02467346191406,300.0
64,79,-37.731895446777344,43.518646240234375,58.0
64,80,-11.383203506469727,3.5423855781555176,204.0
64,81,-13.534639358520508,9.542669296264648,307.0
64,82,-9.444644927978516,23.294448852539062,6.0
64,83,-7.853573799133301,4.810084819793701,7.0
64,84,-6.882239818572998,2.6729350090026855,7.0
64,85,-2.222491979598999,1.559707522392273,1.0
64,86,-7.942301273345947,2.0586025714874268,14.0
64,87,-12.246914863586426,5.752067565917969,141.0
64,88,-14.726323127746582,8.19693660736084,890.0
64,89,-14.66819953918457,5.102853775024414,210.0
64,90,-2.677198886871338,3.8136985301971436,2.0
64,91,-9.298391342163086,104.50090026855469,104.0
64,92,-22.091114044189453,15.821808815002441,640.0
64,93,-8.236214637756348,15.570917129516602,45.0
64,94,-8.02287483215332,1.9514504671096802,13.0
64,95,-15.90225887298584,200.4877471923828,96.0
64,96,-6.5342512130737305,2.2632036209106445,4.0
64,97,-3.473728656768799,2.383171558380127,5.0
64,98,-1.8318383693695068,1.5808452367782593,1.0
64,99,-12.815095901489258,4.962387561798096,46.0
64,100,-5.134069442749023,3.6093125343322754,12.0
64,101,-21.233266830444336,6.891557216644287,65.0
64,102,-14.569378852844238,2.152886390686035,21.0
64,103,-15.479650497436523,2.2585394382476807,11.0
64,104,-3.1676013469696045,2.8744664192199707,4.0
64,105,-2.6953272819519043,3.848423719406128,1.0
64,106,-10.427474975585938,3.681919813156128,3.0
64,107,-7.918560981750488,3.7425239086151123,8.0
64,108,-0.4616873264312744,1.5867490768432617,1.0
64,109,-4.520463943481445,3.096015691757202,6.0
64,110,-11.507344245910645,2.608943462371826,4.0
64,111,-5.932867527008057,7.225543975830078,39.0
64,112,-18.5538387298584,14.16180419921875,22.0
64,113,-17.216554641723633,31.290390014648438,80.0
64,114,-9.577311515808105,3.9282233715057373,5.0
64,115,-2.051255226135254,1.2559813261032104,2.0
64,116,-13.976805686950684,32.92398452758789,41.0
64,117,-9.25063705444336,10.101250648498535,11.0
64,118,-14.846649169921875,19.47886085510254,227.0
64,119,-7.053353309631348,4.098703384399414,5.0
64,120,-7.886997222900391,51.59880828857422,19.0
64,121,-26.46905517578125,18.93488883972168,9926.0
64,122,-6.9006028175354,9.976186752319336,16.0
64,123,-15.774520874023438,23.450788497924805,72.0
64,124,-9.193718910217285,3.155714273452759,94.0
64,125,-11.447680473327637,2.831192970275879,6.0
64,126,-8.288326263427734,2.511613130569458,3.0
64,127,-7.383147239685059,2.271293878555298,4.0
64,128,-1.9491711854934692,1.4767359495162964,2.0
64,129,-11.11056137084961,3.037564516067505,64.0
64,130,-1.3397694826126099,1.562973141670227,1.0
64,131,-2.864550828933716,2.046513795852661,1.0
64,132,-8.134607315063477,15.052374839782715,115.0
64,133,-7.739077091217041,6.922447204589844,3.0
64,134,-7.340579509735107,3.3988254070281982,24.0
64,135,-5.619779586791992,4.0753021240234375,14.0
64,136,-18.468477249145508,13.990155220031738,167.0
64,137,-8.894954681396484,9.24181842803955,16.0
64,138,-13.419633865356445,5.351913928985596,7.0
64,139,-12.244522094726562,7.696407318115234,248.0
64,140,-12.154378890991211,3.8593027591705322,25.0
64,141,-22.331045150756836,24.292055130004883,357.0
64,142,-3.3037233352661133,3.007896661758423,5.0
64,143,-11.205730438232422,2.367842674255371,65.0
64,144,-15.343295097351074,4.638214588165283,6.0
64,145,-16.991016387939453,16.97660255432129,135.0
64,146,-4.587635040283203,4.614537715911865,3.0
64,147,-15.326704025268555,8.931007385253906,106.0
64,148,-9.2129545211792,3.163311004638672,5.0
64,149,-10.287678718566895,7.826658248901367,55.0
64,150,-12.222343444824219,5.731911659240723,45.0
64,151,-9.394698143005371,10.471680641174316,240.0
64,152,-11.928936958312988,5.496622562408447,96.0
64,153,-8.23265266418457,3.9436583518981934,4.0
64,154,-8.760263442993164,2.2175159454345703,5.0
64,155,-1.663175106048584,1.7408815622329712,2.0
64,156,-12.130260467529297,11.314126968383789,9.0
64,157,-18.944942474365234,552.7915649414062,240.0
64,158,-12.027536392211914,4.4971418380737305,83.0
64,159,-6.479548454284668,3.6543185710906982,35.0
64,160,-20.70366668701172,13.302583694458008,49.0
66,0,-6.7555131912231445,2.6249799728393555,11.0
66,1,-1.9996676445007324,2.717830181121826,1.0
66,2,-3.6357157230377197,1.68099844455719,2.0
66,3,-1.8904998302459717,1.4595087766647339,1.0
66,4,-12.316757202148438,21.74077033996582,184.0
66,5,-5.077649116516113,3.558760404586792,4.0
66,6,-18.08509063720703,4.513581275939941,15.0
66,7,-2.5827646255493164,2.365339517593384,2.0
66,8,-4.603084087371826,3.1606287956237793,7.0
66,9,-9.30002212524414,1.8589308261871338,4.0
66,10,-3.4569501876831055,2.3731958866119385,2.0
66,11,-4.9371018409729,2.024454355239868,8.0
66,12,-4.211727619171143,1.82517409324646,6.0
66,13,-3.4072158336639404,1.9767283201217651,2.0
66,14,-8.188627243041992,7.745847225189209,70.0
66,15,-13.966141700744629,4.71992826461792,8.0
66,16,-12.643960952758789,67.67071533203125,148.0
66,17,-5.486370086669922,6.226348876953125,18.0
66,18,-6.347230434417725,3.5588810443878174,9.0
66,19,-0.6865851283073425,1.1872578859329224,1.0
66,20,-12.386520385742188,4.703538417816162,355.0
66,21,-3.594707489013672,2.4563510417938232,2.0
66,22,-16.547027587890625,248.55795288085938,1131.0
66,23,-1.9233555793762207,6.84388542175293,2.0
66,24,-2.1935415267944336,1.730456829071045,2.0
66,25,-35.91493606567383,26.179956436157227,1005.0
66,26,-2.123739719390869,1.700521469116211,2.0
66,27,-6.146302700042725,7.758333683013916,6.0
66,28,-6.300411224365234,2.459747791290283,4.0
66,29,-7.481027603149414,3.4793238639831543,2.0
66,30,-8.242317199707031,3.246163845062256,4.0
66,31,-5.642503261566162,16.797863006591797,20.0
66,32,-15.985715866088867,24.462543487548828,78.0
66,33,-2.075876474380493,1.9976247549057007,1.0
66,34,-7.952178955078125,7.301244258880615,5.0
66,35,-6.048036098480225,3.352167844772339,4.0
66,36,-3.1788382530212402,1.888471245765686,1.0
66,37,-1.7347675561904907,1.4147509336471558,1.0
66,38,-4.870697498321533,5.071141242980957,4.0
66,39,-18.374387741088867,21.378761291503906,32.0
66,40,-2.403681755065918,1.8237967491149902,2.0
66,41,-3.749091386795044,2.1166155338287354,2.0
66,42,-16.785842895507812,8.151731491088867,67.0
66,43,-14.138608932495117,111.37129974365234,1817.0
66,44,-12.217060089111328,4.604953289031982,4.0
66,45,-6.258934020996094,8.055148124694824,3.0
66,46,-7.797174453735352,2.650230884552002,4.0
66,47,-17.623714447021484,18.86457061767578,32.0
66,48,-14.503353118896484,1410.4676513671875,1122.0
66,49,-11.032291412353516,15.769424438476562,29.0
66,50,-7.738275527954102,6.921060085296631,10.0
66,51,-7.108222007751465,2.760633707046509,34.0
66,52,-10.624054908752441,3.25584077835083,88.0
66,53,-17.408702850341797,3.8157260417938232,27.0
66,54,-7.094244003295898,10.641356468200684,11.0
66,55,-3.4631268978118896,2.376863479614258,3.0
66,56,-3.152414560317993,2.859951972961426,4.0
66,57,-9.420452117919922,6.580366611480713,60.0
66,58,-9.956573486328125,27.62877655029297,53.0
66,59,-9.258613586425781,2.163119077682495,3.0
66,60,-4.726005554199219,2.198263168334961,3.0
66,61,-4.840229511260986,11.247150421142578,4.0
66,62,-5.902867794036865,19.13336944580078,4.0
66,63,-7.367961883544922,2.2674646377563477,2.0
66,64,-27.564125061035156,15.74326229095459,469.0
66,65,-14.484663009643555,18.11848258972168,95.0
66,66,-6.964367866516113,2.0065901279449463,4.0
66,67,-9.474164009094238,6.651436805725098,40.0
66,68,-13.265405654907227,27.559612274169922,181.0
66,69,-1.0809670686721802,1.1276179552078247,2.0
66,70,-2.626121997833252,1.300322413444519,2.0
66,71,-19.476924896240234,11.411432266235352,22.0
66,72,-4.769040107727051,2.2140867710113525,4.0
66,73,-3.5412850379943848,1.5568439960479736,1.0
66,74,-5.212377548217773,3.680668592453003,3.0
66,75,-3.6582295894622803,1.6864136457443237,3.0
66,76,-6.7729411125183105,29.561431884765625,32.0
66,77,-12.331287384033203,7.808513641357422,10.0
66,78,-12.091498374938965,56.28901672363281,301.0
66,79,-37.7258415222168,43.492313385009766,55.0
66,80,-11.271008491516113,3.498499870300293,199.0
66,81,-13.495229721069336,9.480195045471191,310.0
66,82,-9.42212200164795,23.12021255493164,6.0
66,83,-7.802402019500732,4.761107921600342,7.0
66,84,-6.790683746337891,2.63820219039917,7.0
66,85,-2.252501964569092,1.5690971612930298,1.0
66,86,-7.914463043212891,2.0533993244171143,14.0
66,87,-12.276870727539062,5.776735305786133,136.0
66,88,-14.737245559692383,8.209734916687012,883.0
66,89,-14.61816120147705,5.074562072753906,208.0
66,90,-2.6928234100341797,3.843608856201172,2.0
66,91,-9.263813018798828,102.7096939086914,102.0
66,92,-22.035213470458984,15.711638450622559,654.0
66,93,-8.179587364196777,15.279760360717773,43.0
66,94,-7.980156898498535,1.9445159435272217,12.0
66,95,-15.92709732055664,202.154541015625,94.0
66,96,-6.530594348907471,2.262169361114502,4.0
66,97,-3.5239248275756836,2.41326642036438,5.0
66,98,-1.8630951642990112,1.593246579170227,1.0
66,99,-12.851757049560547,4.985180377960205,47.0
66,100,-5.119353771209717,3.5960586071014404,12.0
66,101,-21.257707595825195,6.906886100769043,69.0
66,102,-14.61205005645752,2.157726764678955,21.0
66,103,-15.57977294921875,2.270472764968872,11.0
66,104,-3.179274082183838,2.8856728076934814,4.0
66,105,-2.6903624534606934,3.8388822078704834,1.0
66,106,-10.385364532470703,3.6625897884368896,3.0
66,107,-7.935272216796875,3.752962112426758,8.0
66,108,-0.4714943766593933,1.6023869514465332,1.0
66,109,-4.451871395111084,3.04337739944458,6.0
66,110,-11.542563438415527,2.6166117191314697,4.0
66,111,-5.935031414031982,7.230757713317871,41.0
66,112,-18.52389907836914,14.101360321044922,22.0
66,113,-17.1801700592041,31.063514709472656,83.0
66,114,-9.637897491455078,3.9623706340789795,4.0
66,115,-2.0507447719573975,1.2559101581573486,2.0
66,116,-13.98846435546875,33.02008819580078,41.0
66,117,-9.273107528686523,10.15815544128418,11.0
66,118,-14.841426849365234,19.458526611328125,231.0
66,119,-7.069468021392822,4.111934661865234,5.0
66,120,-7.89708137512207,51.8596305847168,20.0
66,121,-26.46848487854004,18.933687210083008,10003.0
66,122,-6.973019599914551,10.219931602478027,16.0
66,123,-15.767139434814453,23.416194915771484,73.0
66,124,-9.181363105773926,3.150844097137451,94.0
66,125,-11.331215858459473,2.801375389099121,6.0
66,126,-8.276552200317383,2.508329391479492,3.0
66,127,-7.367058753967285,2.267237424850464,4.0
66,128,-1.9790678024291992,1.4855923652648926,2.0
66,129,-11.048315048217773,3.0187156200408936,63.0
66,130,-1.3376719951629639,1.5618805885314941,1.0
66,131,-2.8562064170837402,2.0422489643096924,1.0
66,132,-8.103558540344238,14.897392272949219,114.0
66,133,-7.701827049255371,6.858280658721924,3.0
66,134,-7.34203577041626,3.3996503353118896,24.0
66,135,-5.628728866577148,4.08443021774292,14.0
66,136,-18.395288467407227,13.844644546508789,159.0
66,137,-8.885271072387695,9.21947193145752,16.0
66,138,-13.436338424682617,5.363101005554199,7.0
66,139,-12.266682624816895,7.724886894226074,253.0
66,140,-12.136818885803223,3.8517801761627197,28.0
66,141,-22.441207885742188,24.67737579345703,355.0
66,142,-3.2693257331848145,2.9736056327819824,5.0
66,143,-11.149086952209473,2.3575479984283447,65.0
66,144,-15.246442794799805,4.593509197235107,6.0
66,145,-16.91999626159668,16.77684211730957,123.0
66,146,-4.6241841316223145,4.671100616455078,3.0
66,147,-15.30538558959961,8.903848648071289,105.0
66,148,-9.12101936340332,3.127166509628296,5.0
66,149,-10.288203239440918,7.827479839324951,54.0
66,150,-12.162940979003906,5.683476448059082,43.0
66,151,-9.328980445861816,10.301042556762695,239.0
66,152,-11.935568809509277,5.501832485198975,95.0
66,153,-8.149223327636719,3.8892014026641846,4.0
66,154,-8.769187927246094,2.219315767288208,5.0
66,155,-1.6617432832717896,1.740051031112671,2.0
66,156,-12.099995613098145,11.245849609375,9.0
66,157,-18.880971908569336,541.1287841796875,230.0
66,158,-11.98861312866211,4.475314617156982,81.0
66,159,-6.472657203674316,3.6492855548858643,35.0
66,160,-20.52791976928711,13.013535499572754,49.0
68,0,-6.73888635635376,2.6187524795532227,11.0
68,1,-2.0018770694732666,2.720834255218506,1.0
68,2,-3.589406967163086,1.6699144840240479,2.0
68,3,-1.8814318180084229,1.456864356994629,1.0
68,4,-12.188617706298828,21.05534553527832,169.0
68,5,-5.078358173370361,3.5593912601470947,4.0
68,6,-17.96310806274414,4.467932224273682,14.0
68,7,-2.577716827392578,2.361362934112549,2.0
68,8,-4.595131874084473,3.1543514728546143,7.0
68,9,-9.279447555541992,1.8563826084136963,4.0
68,10,-3.424562931060791,2.354058265686035,2.0
68,11,-4.978074073791504,2.0363388061523438,8.0
68,12,-4.1694488525390625,1.8141834735870361,6.0
68,13,-3.4019317626953125,1.9746406078338623,2.0
68,14,-8.128934860229492,7.631113052368164,67.0
68,15,-13.892315864562988,4.681369304656982,8.0
68,16,-12.649271965026855,67.7906265258789,149.0
68,17,-5.567868232727051,6.3978118896484375,19.0
68,18,-6.315681457519531,3.5364954471588135,9.0
68,19,-0.6911120414733887,1.1886022090911865,1.0
68,20,-12.288278579711914,4.6461310386657715,336.0
68,21,-3.6300048828125,2.4781227111816406,2.0
68,22,-16.436975479125977,239.6050567626953,1120.0
68,23,-1.9096168279647827,6.750502109527588,2.0
68,24,-2.2308459281921387,1.7466706037521362,2.0
68,25,-35.86210632324219,26.05452537536621,994.0
68,26,-2.112759828567505,1.6958600282669067,2.0
68,27,-6.071245193481445,7.566634654998779,6.0
68,28,-6.3480024337768555,2.476527690887451,4.0
68,29,-7.506606101989746,3.494188070297241,2.0
68,30,-8.246533393859863,3.2481191158294678,5.0
68,31,-5.637165546417236,16.75309181213379,20.0
68,32,-16.041126251220703,24.73514747619629,78.0
68,33,-2.1121139526367188,2.0219006538391113,1.0
68,34,-7.9598493576049805,7.315258026123047,5.0
68,35,-6.03204870223999,3.341466188430786,4.0
68,36,-3.1685855388641357,1.8846029043197632,1.0
68,37,-1.7507013082504272,1.4192665815353394,1.0
68,38,-4.782750129699707,4.9246344566345215,4.0
68,39,-18.279340744018555,21.042762756347656,30.0
68,40,-2.4179744720458984,1.8303251266479492,2.0
68,41,-3.7588958740234375,2.12076997756958,2.0
68,42,-16.646018981933594,8.010493278503418,65.0
68,43,-14.217357635498047,114.33344268798828,1882.0
68,44,-12.325457572937012,4.667773723602295,4.0
68,45,-6.306275844573975,8.183271408081055,3.0
68,46,-7.834120750427246,2.662498950958252,4.0
68,47,-17.56863784790039,18.69219970703125,32.0
68,48,-14.482553482055664,1395.875,1118.0
68,49,-10.996855735778809,15.630339622497559,29.0
68,50,-7.748292922973633,6.938414573669434,10.0
68,51,-7.086058616638184,2.7519068717956543,34.0
68,52,-10.589004516601562,3.2431859970092773,87.0
68,53,-17.37389373779297,3.8055224418640137,27.0
68,54,-7.084353446960449,10.606330871582031,11.0
68,55,-3.479339838027954,2.38651704788208,3.0
68,56,-3.1924421787261963,2.898366689682007,4.0
68,57,-9.529484748840332,6.725436687469482,60.0
68,58,-9.983976364135742,27.88230323791504,53.0
68,59,-9.292925834655762,2.1693129539489746,3.0
68,60,-4.75064754486084,2.2073099613189697,3.0
68,61,-4.813246726989746,11.096429824829102,4.0
68,62,-5.913703918457031,19.23731803894043,4.0
68,63,-7.3792924880981445,2.2703213691711426,2.0
68,64,-27.51030731201172,15.65876293182373,459.0
68,65,-14.464582443237305,18.045862197875977,92.0
68,66,-7.025007247924805,2.0187950134277344,4.0
68,67,-9.460704803466797,6.633556365966797,40.0
68,68,-13.221506118774414,27.25880241394043,181.0
68,69,-1.0940536260604858,1.1292588710784912,2.0
68,70,-2.639455795288086,1.3020573854446411,2.0
68,71,-19.521270751953125,11.47486400604248,21.0
68,72,-4.764101982116699,2.2122652530670166,4.0
68,73,-3.5210585594177246,1.552912712097168,1.0
68,74,-5.168979167938232,3.6409506797790527,3.0
68,75,-3.700242280960083,1.696565866470337,3.0
68,76,-6.794760227203369,29.885700225830078,34.0
68,77,-12.353803634643555,7.83787202835083,10.0
68,78,-12.031438827514648,55.173316955566406,298.0
68,79,-37.698360443115234,43.372947692871094,55.0
68,80,-11.271123886108398,3.498544931411743,201.0
68,81,-13.640174865722656,9.71200180053711,321.0
68,82,-9.448586463928223,23.325069427490234,7.0
68,83,-7.814291954040527,4.7724432945251465,7.0
68,84,-6.770037651062012,2.630432367324829,7.0
68,85,-2.247431755065918,1.5675067901611328,1.0
68,86,-7.876125335693359,2.046255350112915,14.0
68,87,-12.253152847290039,5.757195472717285,140.0
68,88,-14.613590240478516,8.065984725952148,878.0
68,89,-14.70462703704834,5.123549938201904,212.0
68,90,-2.7011687755584717,3.859680414199829,2.0
68,91,-9.21109390258789,100.03767395019531,102.0
68,92,-22.028532028198242,15.69852066040039,636.0
68,93,-8.186521530151367,15.315120697021484,42.0
68,94,-7.961651802062988,1.9415194988250732,12.0
68,95,-15.912786483764648,201.1925048828125,94.0
68,96,-6.592415809631348,2.2797183990478516,4.0
68,97,-3.5231518745422363,2.4128003120422363,5.0
68,98,-1.8637356758117676,1.5935018062591553,1.0
68,99,-12.700262069702148,4.891665458679199,46.0
68,100,-5.095759868621826,3.5749099254608154,12.0
68,101,-21.480457305908203,7.048175811767578,76.0
68,102,-14.587443351745605,2.1549341678619385,20.0
68,103,-15.477228164672852,2.258251667022705,11.0
68,104,-3.174292802810669,2.880885362625122,4.0
68,105,-2.703399896621704,3.8639886379241943,1.0
68,106,-10.391581535339355,3.6654372215270996,3.0
68,107,-7.898885250091553,3.730271100997925,8.0
68,108,-0.4765596389770508,1.61052405834198,1.0
68,109,-4.403379917144775,3.0067055225372314,6.0
68,110,-11.543970108032227,2.6169185638427734,4.0
68,111,-5.950716495513916,7.2686614990234375,42.0
68,112,-18.619661331176758,14.295599937438965,22.0
68,113,-17.16034698486328,30.940603256225586,81.0
68,114,-9.624738693237305,3.9549288749694824,6.0
68,115,-2.02207088470459,1.2519152164459229,2.0
68,116,-13.948840141296387,32.694602966308594,41.0
68,117,-9.261152267456055,10.127840042114258,11.0
68,118,-14.884346008300781,19.626272201538086,231.0
68,119,-7.0770745277404785,4.118195056915283,5.0
68,120,-7.8741350173950195,51.268035888671875,19.0
68,121,-26.402870178222656,18.796152114868164,9714.0
68,122,-6.942935466766357,10.117956161499023,16.0
68,123,-15.764387130737305,23.40330696105957,74.0
68,124,-9.169367790222168,3.1461234092712402,94.0
68,125,-11.297027587890625,2.792681932449341,6.0
68,126,-8.328766822814941,2.5229239463806152,3.0
68,127,-7.422194480895996,2.2811694145202637,4.0
68,128,-1.954634189605713,1.4783504009246826,2.0
68,129,-11.055506706237793,3.0208873748779297,59.0
68,130,-1.3414164781570435,1.5638312101364136,1.0
68,131,-2.873504638671875,2.0510997772216797,1.0
68,132,-8.120065689086914,14.979591369628906,115.0
68,133,-7.730690956115723,6.907948970794678,3.0
68,134,-7.331937313079834,3.3939332962036133,24.0
68,135,-5.643868446350098,4.099918365478516,14.0
68,136,-18.484085083007812,14.021383285522461,173.0
68,137,-8.920324325561523,9.300620079040527,16.0
68,138,-13.409210205078125,5.344944953918457,7.0
68,139,-12.266454696655273,7.724592208862305,248.0
68,140,-12.135174751281738,3.85107684135437,27.0
68,141,-22.3475399017334,24.349361419677734,353.0
68,142,-3.270625352859497,2.9748940467834473,5.0
68,143,-11.247313499450684,2.3754289150238037,65.0
68,144,-15.295377731323242,4.6160430908203125,6.0
68,145,-16.97107696533203,16.92028045654297,126.0
68,146,-4.624993324279785,4.672360897064209,3.0
68,147,-15.280466079711914,8.872208595275879,99.0
68,148,-9.156272888183594,3.140977621078491,6.0
68,149,-10.320602416992188,7.878365993499756,54.0
68,150,-12.226956367492676,5.735690116882324,45.0
68,151,-9.319029808044434,10.2754487991333,236.0
68,152,-11.952844619750977,5.515427589416504,97.0
68,153,-8.07473373413086,3.8412158489227295,4.0
68,154,-8.730642318725586,2.211552381515503,5.0
68,155,-1.6700944900512695,1.7449016571044922,2.0
68,156,-12.110420227050781,11.26932144165039,9.0
68,157,-18.93106460571289,550.2401123046875,242.0
68,158,-12.075926780700684,4.524426460266113,85.0
68,159,-6.493466377258301,3.6645052433013916,35.0
68,160,-20.596538543701172,13.12563705444336,49.0
70,0,-6.683980941772461,2.598292350769043,10.0
70,1,-1.9816296100616455,2.6934282779693604,1.0
70,2,-3.620401382446289,1.6773247718811035,2.0
70,3,-1.9159903526306152,1.4669686555862427,1.0
70,4,-12.201881408691406,21.125280380249023,172.0
70,5,-5.037146091461182,3.522907018661499,4.0
70,6,-17.949325561523438,4.462803363800049,14.0
70,7,-2.5840506553649902,2.366353750228882,2.0
70,8,-4.62763786315918,3.1800899505615234,7.0
70,9,-9.265316009521484,1.8546346426010132,4.0
70,10,-3.4192395210266113,2.3509273529052734,2.0
70,11,-4.918501377105713,2.0190820693969727,8.0
70,12,-4.171369552612305,1.8146815299987793,5.0
70,13,-3.337512731552124,1.9493627548217773,2.0
70,14,-8.217323303222656,7.8016157150268555,73.0
70,15,-13.934442520141602,4.703332901000977,8.0
70,16,-12.662590026855469,68.09224700927734,150.0
70,17,-5.55355978012085,6.367371082305908,19.0
70,18,-6.3304643630981445,3.546967029571533,9.0
70,19,-0.6905772089958191,1.1884433031082153,1.0
70,20,-12.334773063659668,4.673212051391602,346.0
70,21,-3.639796733856201,2.484196424484253,2.0
70,22,-16.422332763671875,238.43841552734375,1130.0
70,23,-1.934407353401184,6.919942378997803,2.0
70,24,-2.2105369567871094,1.73782479763031,2.0
70,25,-35.810768127441406,25.933210372924805,972.0
70,26,-2.153804302215576,1.7133510112762451,2.0
70,27,-6.1107892990112305,7.66703462600708,6.0
70,28,-6.361254692077637,2.4812209606170654,4.0
70,29,-7.516767501831055,3.5001108646392822,2.0
70,30,-8.246374130249023,3.2480456829071045,6.0
70,31,-5.651132106781006,16.870492935180664,20.0
70,32,-16.00342559814453,24.549341201782227,78.0
70,33,-2.087177038192749,2.0051636695861816,1.0
70,34,-7.947284698486328,7.29231595993042,5.0
70,35,-6.031915664672852,3.3413772583007812,4.0
70,36,-3.1792256832122803,1.8886176347732544,1.0
70,37,-1.7384439706802368,1.4157915115356445,1.0
70,38,-4.869129657745361,5.068491458892822,4.0
70,39,-18.37261199951172,21.3724365234375,31.0
70,40,-2.391043186187744,1.8180432319641113,2.0
70,41,-3.757681131362915,2.1202547550201416,2.0
70,42,-16.76895523071289,8.134541511535645,67.0
70,43,-14.109630584716797,110.30071258544922,1798.0
70,44,-12.330108642578125,4.670488357543945,4.0
70,45,-6.273711681365967,8.094924926757812,3.0
70,46,-7.817814826965332,2.6570775508880615,4.0
70,47,-17.65572738647461,18.965496063232422,36.0
70,48,-14.47988510131836,1394.0137939453125,1112.0
70,49,-10.987329483032227,15.593159675598145,29.0
70,50,-7.7306365966796875,6.90785551071167,10.0
70,51,-7.112903594970703,2.7624809741973877,34.0
70,52,-10.598182678222656,3.2464945316314697,88.0
70,53,-17.322093963623047,3.7903892993927,27.0
70,54,-7.172708511352539,10.923351287841797,12.0
70,55,-3.4822511672973633,2.3882546424865723,3.0
70,56,-3.1800537109375,2.886422872543335,4.0
70,57,-9.433874130249023,6.5980544090271,59.0
70,58,-9.933237075805664,27.414691925048828,53.0
70,59,-9.28581714630127,2.1680281162261963,3.0
70,60,-4.747323513031006,2.206087589263916,3.0
70,61,-4.831718921661377,11.199392318725586,4.0
70,62,-5.896895408630371,19.076318740844727,4.0
70,63,-7.3603410720825195,2.265545606613159,2.0
70,64,-27.55355453491211,15.726628303527832,467.0
70,65,-14.377119064331055,17.732938766479492,94.0
70,66,-7.009942054748535,2.0157558917999268,4.0
70,67,-9.495469093322754,6.679839134216309,40.0
70,68,-13.179136276245117,26.971590042114258,183.0
70,69,-1.068671703338623,1.1260786056518555,2.0
70,70,-2.704153299331665,1.3105086088180542,2.0
70,71,-19.435392379760742,11.352341651916504,23.0
70,72,-4.803016662597656,2.2266602516174316,4.0
70,73,-3.530853271484375,1.5548151731491089,1.0
70,74,-5.188554763793945,3.6588127613067627,3.0
70,75,-3.606414794921875,1.6739767789840698,2.0
70,76,-6.781437397003174,29.687280654907227,34.0
70,77,-12.342262268066406,7.822810173034668,10.0
70,78,-12.040396690368652,55.33830642700195,305.0
70,79,-37.52119064331055,42.61128234863281,54.0
70,80,-11.261128425598145,3.494661331176758,199.0
70,81,-13.631431579589844,9.697859764099121,328.0
70,82,-9.429598808288574,23.17790985107422,6.0
70,83,-7.812652587890625,4.770878791809082,7.0
70,84,-6.800734519958496,2.6419928073883057,7.0
70,85,-2.2482497692108154,1.567763328552246,1.0
70,86,-7.8909687995910645,2.049018383026123,13.0
70,87,-12.21490478515625,5.725823879241943,142.0
70,88,-14.606132507324219,8.057394981384277,872.0
70,89,-14.60901927947998,5.0694098472595215,202.0
70,90,-2.663487672805786,3.787642478942871,2.0
70,91,-9.396181106567383,109.73743438720703,113.0
70,92,-22.05910873413086,15.758637428283691,642.0
70,93,-8.177957534790039,15.27146053314209,41.0
70,94,-8.001547813415527,1.947985291481018,12.0
70,95,-16.038732528686523,209.81881713867188,98.0
70,96,-6.543522834777832,2.2658281326293945,4.0
70,97,-3.5169272422790527,2.409048557281494,5.0
70,98,-1.862407922744751,1.592972755432129,1.0
70,99,-12.834254264831543,4.97428560256958,46.0
70,100,-5.128225326538086,3.6040432453155518,12.0
70,101,-21.476032257080078,7.045341491699219,74.0
70,102,-14.50723648071289,2.1458566188812256,20.0
70,103,-15.575857162475586,2.2700047492980957,11.0
70,104,-3.1773223876953125,2.883795976638794,4.0
70,105,-2.7060647010803223,3.869140386581421,1.0
70,106,-10.397647857666016,3.668217897415161,3.0
70,107,-7.878150463104248,3.717402219772339,8.0
70,108,-0.4755396246910095,1.608882188796997,1.0
70,109,-4.451326847076416,3.0429630279541016,6.0
70,110,-11.524365425109863,2.6126468181610107,4.0
70,111,-5.935549736022949,7.2320075035095215,39.0
70,112,-18.60303497314453,14.26168155670166,22.0
70,113,-17.08571434020996,30.48219871520996,77.0
70,114,-9.656661033630371,3.973006248474121,4.0
70,115,-2.1102354526519775,1.2642393112182617,2.0
70,116,-13.978638648986816,32.9390754699707,41.0
70,117,-9.317581176757812,10.271728515625,11.0
70,118,-14.86361026763916,19.5450496673584,233.0
70,119,-7.084364891052246,4.124203681945801,5.0
70,120,-7.887604713439941,51.61448669433594,20.0
70,121,-26.51187515258789,19.025188446044922,10123.0
70,122,-6.8983378410339355,9.968657493591309,16.0
70,123,-15.713836669921875,23.16789436340332,69.0
70,124,-9.120488166809082,3.1269590854644775,93.0
70,125,-11.318602561950684,2.7981650829315186,6.0
70,126,-8.291808128356934,2.512584924697876,3.0
70,127,-7.448251724243164,2.2877838611602783,4.0
70,128,-1.9853531122207642,1.487460970878601,2.0
70,129,-11.085681915283203,3.0300168991088867,61.0
70,130,-1.3438293933868408,1.5650895833969116,1.0
70,131,-2.901083469390869,2.0652904510498047,1.0
70,132,-8.08557415008545,14.80835247039795,114.0
70,133,-7.694026470184326,6.844919204711914,3.0
70,134,-7.344944953918457,3.401299238204956,24.0
70,135,-5.606629848480225,4.06192684173584,14.0
70,136,-18.472862243652344,13.998924255371094,172.0
70,137,-8.92127513885498,9.302831649780273,16.0
70,138,-13.416299819946289,5.34968376159668,7.0
70,139,-12.206068992614746,7.64724063873291,248.0
70,140,-12.167938232421875,3.865121603012085,28.0
70,141,-22.47768783569336,24.806312561035156,358.0
70,142,-3.2429518699645996,2.9475786685943604,5.0
70,143,-11.182823181152344,2.3636739253997803,64.0
70,144,-15.217290878295898,4.580137729644775,6.0
70,145,-17.043262481689453,17.12507438659668,134.0
70,146,-4.599911689758301,4.63346004486084,3.0
70,147,-15.296669960021973,8.892769813537598,100.0
70,148,-9.107491493225098,3.1218833923339844,5.0
70,149,-10.286417961120605,7.824686050415039,53.0
70,150,-12.259974479675293,5.762808799743652,46.0
70,151,-9.267502784729004,10.143932342529297,234.0
70,152,-11.95146369934082,5.514339447021484,97.0
70,153,-8.151774406433105,3.890855550765991,4.0
70,154,-8.696788787841797,2.204756736755371,5.0
70,155,-1.622936725616455,1.7176874876022339,2.0
70,156,-12.107854843139648,11.263541221618652,9.0
70,157,-18.833965301513672,532.7160034179688,229.0
70,158,-12.044485092163086,4.506679534912109,81.0
70,159,-6.476163864135742,3.651845932006836,35.0
70,160,-20.674503326416016,13.254179954528809,49.0
72,0,-6.674407005310059,2.594741106033325,11.0
72,1,-1.9766874313354492,2.6867806911468506,1.0
72,2,-3.6459317207336426,1.6834535598754883,2.0
72,3,-1.921884536743164,1.4686988592147827,1.0
72,4,-12.349132537841797,21.917449951171875,188.0
72,5,-5.058255672454834,3.541548013687134,4.0
72,6,-17.980363845825195,4.474360942840576,15.0
72,7,-2.6061596870422363,2.383857250213623,2.0
72,8,-4.588742256164551,3.1493167877197266,7.0
72,9,-9.33610725402832,1.863408088684082,4.0
72,10,-3.435530662536621,2.3605217933654785,2.0
72,11,-4.8490753173828125,1.9991559982299805,8.0
72,12,-4.115667343139648,1.8002984523773193,5.0
72,13,-3.3383164405822754,1.9496760368347168,2.0
72,14,-8.202607154846191,7.772965431213379,69.0
72,15,-13.981300354003906,4.727883815765381,8.0
72,16,-12.752386093139648,70.16119384765625,170.0
72,17,-5.512840270996094,6.281528949737549,19.0
72,18,-6.344621658325195,3.5570244789123535,10.0
72,19,-0.7008018493652344,1.191485047340393,1.0
72,20,-12.34438419342041,4.678829669952393,353.0
72,21,-3.6493277549743652,2.4901225566864014,2.0
72,22,-16.423131942749023,238.50186157226562,1120.0
72,23,-1.9092049598693848,6.747722148895264,2.0
72,24,-2.2011313438415527,1.7337433099746704,2.0
72,25,-35.72239303588867,25.725690841674805,947.0
72,26,-2.1445438861846924,1.7093889713287354,2.0
72,27,-6.099079132080078,7.637165069580078,6.0
72,28,-6.348179817199707,2.476590633392334,4.0
72,29,-7.500558853149414,3.4906678199768066,2.0
72,30,-8.199602127075195,3.2264151573181152,4.0
72,31,-5.619541645050049,16.606111526489258,20.0
72,32,-15.981663703918457,24.442726135253906,80.0
72,33,-2.0717878341674805,1.9949040412902832,1.0
72,34,-7.907427787780762,7.220014572143555,5.0
72,35,-6.034701347351074,3.3432395458221436,4.0
72,36,-3.210731029510498,1.9005554914474487,1.0
72,37,-1.7650012969970703,1.4233314990997314,1.0
72,38,-4.925691604614258,5.16495943069458,4.0
72,39,-18.350297927856445,21.29309844970703,31.0
72,40,-2.414130210876465,1.8285669088363647,2.0
72,41,-3.771785259246826,2.126244068145752,2.0
72,42,-16.761959075927734,8.12743091583252,67.0
72,43,-14.1072359085083,110.21269989013672,1800.0
72,44,-12.27590560913086,4.638950824737549,4.0
72,45,-6.283295631408691,8.12082576751709,3.0
72,46,-7.820540428161621,2.6579830646514893,4.0
72,47,-17.61256217956543,18.82954216003418,32.0
72,48,-14.503592491149902,1410.636474609375,1121.0
72,49,-11.062047958374023,15.887171745300293,28.0
72,50,-7.799806594848633,7.028347969055176,10.0
72,51,-7.141280651092529,2.7737021446228027,34.0
72,52,-10.594840049743652,3.2452890872955322,88.0
72,53,-17.364334106445312,3.8027255535125732,27.0
72,54,-7.107162952423096,10.687280654907227,11.0
72,55,-3.489593505859375,2.3926424980163574,3.0
72,56,-3.1608529090881348,2.8680078983306885,4.0
72,57,-9.486848831176758,6.668332099914551,59.0
72,58,-9.962900161743164,27.687105178833008,53.0
72,59,-9.261312484741211,2.1636054515838623,3.0
72,60,-4.742499351501465,2.2043144702911377,3.0
72,61,-4.834312915802002,11.213926315307617,4.0
72,62,-5.922214508056641,19.319351196289062,4.0
72,63,-7.367714881896973,2.2674026489257812,2.0
72,64,-27.54281234741211,15.709745407104492,474.0
72,65,-14.393795013427734,17.792179107666016,92.0
72,66,-6.987805366516113,2.011298656463623,4.0
72,67,-9.541378021240234,6.741454124450684,41.0
72,68,-13.2245454788208,27.279523849487305,184.0
72,69,-1.086869716644287,1.1283578872680664,2.0
72,70,-2.685765027999878,1.3081010580062866,2.0
72,71,-19.576379776000977,11.554183006286621,22.0
72,72,-4.782025337219238,2.218883752822876,4.0
72,73,-3.5484402179718018,1.558237075805664,1.0
72,74,-5.24668025970459,3.7123682498931885,3.0
72,75,-3.6613807678222656,1.6871731281280518,3.0
72,76,-6.781335353851318,29.685766220092773,34.0
72,77,-12.351882934570312,7.835362911224365,10.0
72,78,-11.984622955322266,54.319007873535156,292.0
72,79,-37.595237731933594,42.927982330322266,54.0
72,80,-11.285964012145996,3.5043182373046875,196.0
72,81,-13.73009967803955,9.85865592956543,339.0
72,82,-9.432114601135254,23.19735336303711,7.0
72,83,-7.8872175216674805,4.842559814453125,7.0
72,84,-6.809768199920654,2.645404815673828,7.0
72,85,-2.274373769760132,1.575976014137268,1.0
72,86,-7.901973247528076,2.0510692596435547,13.0
72,87,-12.223737716674805,5.733053684234619,140.0
72,88,-14.671122550964355,8.132550239562988,882.0
72,89,-14.628674507141113,5.080492973327637,213.0
72,90,-2.6716721057891846,3.8031742572784424,2.0
72,91,-9.261781692504883,102.60543060302734,102.0
72,92,-22.169057846069336,15.976713180541992,629.0
72,93,-8.182722091674805,15.295736312866211,45.0
72,94,-7.964377403259277,1.9419605731964111,12.0
72,95,-15.927756309509277,202.198974609375,94.0
72,96,-6.554747104644775,2.269009590148926,4.0
72,97,-3.5610384941101074,2.4357619285583496,5.0
72,98,-1.878255009651184,1.5992964506149292,1.0
72,99,-12.801794052124023,4.954143524169922,47.0
72,100,-5.135738372802734,3.610818862915039,12.0
72,101,-21.44551658630371,7.025824069976807,75.0
72,102,-14.721936225891113,2.1702420711517334,21.0
72,103,-15.48712158203125,2.259427785873413,11.0
72,104,-3.2023353576660156,2.907940626144409,4.0
72,105,-2.7283315658569336,3.9124577045440674,1.0
72,106,-10.426726341247559,3.6815755367279053,3.0
72,107,-7.910855770111084,3.737720489501953,9.0
72,108,-0.4811702072620392,1.617966651916504,1.0
72,109,-4.328752517700195,2.951129913330078,6.0
72,110,-11.467880249023438,2.6003775596618652,4.0
72,111,-5.955162048339844,7.279440879821777,42.0
72,112,-18.628355026245117,14.313364028930664,22.0
72,113,-17.135061264038086,30.784528732299805,73.0
72,114,-9.685725212097168,3.9895360469818115,4.0
72,115,-2.0331878662109375,1.2534626722335815,2.0
72,116,-13.936153411865234,32.591068267822266,41.0
72,117,-9.276382446289062,10.166475296020508,11.0
72,118,-14.918203353881836,19.759624481201172,237.0
72,119,-7.0430402755737305,4.0902581214904785,5.0
72,120,-7.887192249298096,51.60383987426758,20.0
72,121,-26.450300216674805,18.895469665527344,9769.0
72,122,-6.897519111633301,9.965938568115234,16.0
72,123,-15.640074729919434,22.82862091064453,66.0
72,124,-9.114192962646484,3.1244993209838867,92.0
72,125,-11.251548767089844,2.7811598777770996,6.0
72,126,-8.302762985229492,2.5156450271606445,3.0
72,127,-7.430320739746094,2.2832303047180176,4.0
72,128,-1.9523546695709229,1.477676510810852,2.0
72,129,-11.052419662475586,3.0199551582336426,60.0
72,130,-1.311413049697876,1.548269271850586,1.0
72,131,-2.8959500789642334,2.0626418590545654,1.0
72,132,-8.100634574890137,14.882879257202148,115.0
72,133,-7.7723588943481445,6.98028564453125,3.0
72,134,-7.338799476623535,3.3978171348571777,23.0
72,135,-5.633511066436768,4.089316368103027,14.0
72,136,-18.46000862121582,13.97323989868164,173.0
72,137,-8.859807968139648,9.160969734191895,16.0
72,138,-13.527129173278809,5.424312591552734,7.0
72,139,-12.341609001159668,7.821957588195801,256.0
72,140,-12.176980972290039,3.869006872177124,27.0
72,141,-22.408527374267578,24.56243324279785,357.0
72,142,-3.3260538578033447,3.030369758605957,5.0
72,143,-11.201489448547363,2.367070436477661,64.0
72,144,-15.327424049377441,4.630858898162842,6.0
72,145,-16.98957061767578,16.972515106201172,134.0
72,146,-4.60222864151001,4.637040138244629,3.0
72,147,-15.281843185424805,8.873953819274902,102.0
72,148,-9.113090515136719,3.1240689754486084,5.0
72,149,-10.310708999633789,7.86279296875,55.0
72,150,-12.131240844726562,5.6577959060668945,44.0
72,151,-9.293472290039062,10.210004806518555,233.0
72,152,-11.86679744720459,5.448044776916504,97.0
72,153,-8.107281684875488,3.862109661102295,4.0
72,154,-8.796100616455078,2.224752187728882,5.0
72,155,-1.6480050086975098,1.7321007251739502,2.0
72,156,-12.072361946105957,11.183867454528809,9.0
72,157,-18.853811264038086,536.2516479492188,234.0
72,158,-12.054597854614258,4.512380123138428,83.0
72,159,-6.4146246910095215,3.607174873352051,35.0
72,160,-20.5679931640625,13.078886032104492,49.0
74,0,-6.596602439880371,2.5660605430603027,10.0
74,1,-1.963677167892456,2.6693596839904785,1.0
74,2,-3.6162667274475098,1.6763343811035156,2.0
74,3,-1.9150633811950684,1.4666966199874878,1.0
74,4,-12.254169464111328,21.403242111206055,179.0
74,5,-5.0544939041137695,3.5382189750671387,4.0
74,6,-17.99217414855957,4.478766918182373,15.0
74,7,-2.5690834522247314,2.35457706451416,2.0
74,8,-4.554647445678711,3.122587203979492,7.0
74,9,-9.268044471740723,1.854972004890442,4.0
74,10,-3.3727707862854004,2.3237743377685547,2.0
74,11,-4.8682403564453125,2.004636764526367,8.0
74,12,-4.1202287673950195,1.8014719486236572,5.0
74,13,-3.3623883724212646,1.95908522605896,2.0
74,14,-8.141396522521973,7.6549248695373535,68.0
74,15,-13.96792984008789,4.720865726470947,8.0
74,16,-12.634401321411133,67.4554443359375,159.0
74,17,-5.556464672088623,6.373538970947266,19.0
74,18,-6.366987228393555,3.5729708671569824,9.0
74,19,-0.6885242462158203,1.187833547592163,1.0
74,20,-12.358230590820312,4.686934947967529,353.0
74,21,-3.5698089599609375,2.441108465194702,2.0
74,22,-16.47193145751953,242.41326904296875,1117.0
74,23,-1.9021615982055664,6.700362205505371,2.0
74,24,-2.2009999752044678,1.7336864471435547,2.0
74,25,-35.724098205566406,25.729684829711914,969.0
74,26,-2.153679847717285,1.7132976055145264,2.0
74,27,-6.080636024475098,7.590356349945068,6.0
74,28,-6.356191158294678,2.479426622390747,4.0
74,29,-7.484498023986816,3.481336832046509,2.0
74,30,-8.189855575561523,3.221925973892212,6.0
74,31,-5.585251331329346,16.32382583618164,20.0
74,32,-15.973934173583984,24.40496826171875,78.0
74,33,-2.129878044128418,2.0339086055755615,1.0
74,34,-7.948402404785156,7.29435396194458,5.0
74,35,-5.9959540367126465,3.317431688308716,4.0
74,36,-3.204761266708374,1.8982876539230347,1.0
74,37,-1.7446657419204712,1.417554497718811,1.0
74,38,-4.869154930114746,5.068533897399902,4.0
74,39,-18.239097595214844,20.902097702026367,30.0
74,40,-2.4168148040771484,1.8297946453094482,2.0
74,41,-3.7391247749328613,2.112400531768799,2.0
74,42,-16.677818298339844,8.042398452758789,65.0
74,43,-14.057732582092285,108.4089584350586,1759.0
74,44,-12.291139602661133,4.647792816162109,4.0
74,45,-6.260354042053223,8.058960914611816,3.0
74,46,-7.76914119720459,2.640960454940796,4.0
74,47,-17.6420841217041,18.922420501708984,32.0
74,48,-14.47598934173584,1391.3011474609375,1123.0
74,49,-10.961709976196289,15.493607521057129,28.0
74,50,-7.760334014892578,6.959332466125488,10.0
74,51,-7.086030006408691,2.7518956661224365,33.0
74,52,-10.6129789352417,3.2518362998962402,88.0
74,53,-17.302284240722656,3.7846176624298096,27.0
74,54,-7.121774673461914,10.739461898803711,11.0
74,55,-3.4947667121887207,2.3957388401031494,3.0
74,56,-3.1697893142700195,2.876563787460327,4.0
74,57,-9.39755630493164,6.550302982330322,58.0
74,58,-9.955522537231445,27.619096755981445,53.0
74,59,-9.264078140258789,2.1641042232513428,3.0
74,60,-4.729860782623291,2.199676036834717,3.0
74,61,-4.855866432189941,11.335430145263672,4.0
74,62,-5.921926021575928,19.316564559936523,4.0
74,63,-7.377753257751465,2.269932985305786,2.0
74,64,-27.683284759521484,15.93198013305664,477.0
74,65,-14.419525146484375,17.88397216796875,94.0
74,66,-7.057954788208008,2.0254571437835693,4.0
74,67,-9.580439567565918,6.7943267822265625,42.0
74,68,-13.286104202270508,27.702594757080078,185.0
74,69,-1.0692929029464722,1.1261563301086426,2.0
74,70,-2.6450233459472656,1.3027825355529785,2.0
74,71,-19.48715591430664,11.426034927368164,22.0
74,72,-4.759197235107422,2.2104575634002686,4.0
74,73,-3.509425163269043,1.5506561994552612,1.0
74,74,-5.251887321472168,3.7172040939331055,3.0
74,75,-3.5804333686828613,1.66777503490448,2.0
74,76,-6.822441577911377,30.302213668823242,34.0
74,77,-12.3212251663208,7.795429229736328,10.0
74,78,-11.95549488067627,53.794158935546875,292.0
74,79,-37.6661491394043,43.23346710205078,56.0
74,80,-11.26807689666748,3.4973604679107666,200.0
74,81,-13.70218276977539,9.81289291381836,342.0
74,82,-9.422317504882812,23.121723175048828,7.0
74,83,-7.892117500305176,4.8473076820373535,7.0
74,84,-6.759004592895508,2.6262896060943604,7.0
74,85,-2.2253806591033936,1.5606091022491455,1.0
74,86,-7.966794967651367,2.0631914138793945,14.0
74,87,-12.236857414245605,5.743808746337891,141.0
74,88,-14.69530200958252,8.160690307617188,882.0
74,89,-14.643904685974121,5.089097023010254,203.0
74,90,-2.6762278079986572,3.81184720993042,2.0
74,91,-9.221102714538574,100.53956604003906,107.0
74,92,-21.999832153320312,15.642304420471191,652.0
74,93,-8.195435523986816,15.360692024230957,42.0
74,94,-7.95981502532959,1.9412224292755127,12.0
74,95,-15.846280097961426,196.7814178466797,92.0
74,96,-6.552022933959961,2.2682368755340576,4.0
74,97,-3.4606988430023193,2.3754212856292725,5.0
74,98,-1.8402173519134521,1.5841600894927979,1.0
74,99,-12.778339385986328,4.939640045166016,48.0
74,100,-5.131613731384277,3.607097625732422,12.0
74,101,-21.48402214050293,7.050460338592529,77.0
74,102,-14.622101783752441,2.1588685512542725,19.0
74,103,-15.489669799804688,2.2597310543060303,11.0
74,104,-3.203646659851074,2.9092118740081787,4.0
74,105,-2.7344164848327637,3.9243791103363037,1.0
74,106,-10.44501781463623,3.690002679824829,3.0
74,107,-7.868199825286865,3.711242198944092,8.0
74,108,-0.4700767993927002,1.6001172065734863,1.0
74,109,-4.365090847015381,2.9780619144439697,6.0
74,110,-11.490625381469727,2.605311155319214,4.0
74,111,-5.914123058319092,7.180538654327393,41.0
74,112,-18.591339111328125,14.237873077392578,22.0
74,113,-17.217552185058594,31.296634674072266,83.0
74,114,-9.637500762939453,3.962146282196045,5.0
74,115,-2.031275510787964,1.2531962394714355,2.0
74,116,-13.908380508422852,32.36556625366211,41.0
74,117,-9.276985168457031,10.168006896972656,11.0
74,118,-14.90951919555664,19.72533416748047,234.0
74,119,-7.070442199707031,4.112736225128174,5.0
74,120,-7.886460781097412,51.5849723815918,20.0
74,121,-26.525291442871094,19.053573608398438,10053.0
74,122,-6.9245147705078125,10.056020736694336,16.0
74,123,-15.692211151123047,23.067907333374023,67.0
74,124,-9.083511352539062,3.112539529800415,90.0
74,125,-11.224193572998047,2.774251937866211,6.0
74,126,-8.254314422607422,2.502139091491699,3.0
74,127,-7.397653579711914,2.2749578952789307,4.0
74,128,-1.9473210573196411,1.4761897325515747,2.0
74,129,-11.007331848144531,3.0063693523406982,57.0
74,130,-1.3103502988815308,1.5477209091186523,1.0
74,131,-2.882382392883301,2.055657148361206,1.0
74,132,-8.08009147644043,14.781315803527832,115.0
74,133,-7.741704940795898,6.926995754241943,3.0
74,134,-7.323723793029785,3.3892903327941895,23.0
74,135,-5.68380069732666,4.141053199768066,14.0
74,136,-18.49932098388672,14.051935195922852,174.0
74,137,-8.83383560180664,9.101678848266602,16.0
74,138,-13.586639404296875,5.464812755584717,7.0
74,139,-12.238595962524414,7.688810348510742,236.0
74,140,-12.24945068359375,3.900286912918091,28.0
74,141,-22.398048400878906,24.52569007873535,354.0
74,142,-3.18762469291687,2.893716335296631,5.0
74,143,-11.227413177490234,2.371795415878296,67.0
74,144,-15.253737449645996,4.596861362457275,6.0
74,145,-17.05982208251953,17.17240333557129,136.0
74,146,-4.658379554748535,4.724648475646973,3.0
74,147,-15.26346492767334,8.850686073303223,101.0
74,148,-9.03447151184082,3.093518018722534,5.0
74,149,-10.270788192749023,7.800265312194824,53.0
74,150,-12.091455459594727,5.625730514526367,42.0
74,151,-9.300555229187012,10.228099822998047,238.0
74,152,-11.897380828857422,5.47189998626709,95.0
74,153,-8.126126289367676,3.8742587566375732,4.0
74,154,-8.74423599243164,2.214287042617798,5.0
74,155,-1.6305888891220093,1.7220745086669922,2.0
74,156,-12.062933921813965,11.162797927856445,9.0
74,157,-18.89222526550293,543.1625366210938,237.0
74,158,-12.07211685180664,4.522272109985352,88.0
74,159,-6.439315319061279,3.6250314712524414,35.0
74,160,-20.492694854736328,12.956360816955566,49.0
76,0,-6.5824689865112305,2.560884714126587,10.0
76,1,-1.9806404113769531,2.692096471786499,1.0
76,2,-3.6068902015686035,1.6740906238555908,2.0
76,3,-1.9260231256484985,1.4699150323867798,1.0
76,4,-12.376461029052734,22.067705154418945,190.0
76,5,-5.053297519683838,3.537160873413086,4.0
76,6,-17.963069915771484,4.4679179191589355,14.0
76,7,-2.600247383117676,2.379163980484009,2.0
76,8,-4.605603218078613,3.1626200675964355,7.0
76,9,-9.359960556030273,1.8663737773895264,4.0
76,10,-3.4236555099487305,2.3535242080688477,2.0
76,11,-4.831424713134766,1.9941213130950928,8.0
76,12,-4.183428764343262,1.8178104162216187,6.0
76,13,-3.41868257522583,1.981266975402832,2.0
76,14,-8.198430061340332,7.764852523803711,69.0
76,15,-13.900636672973633,4.685698986053467,8.0
76,16,-12.695287704467773,68.83844757080078,163.0
76,17,-5.57301139831543,6.408790111541748,19.0
76,18,-6.3095550537109375,3.532165050506592,9.0
76,19,-0.69171541929245,1.1887816190719604,1.0
76,20,-12.348562240600586,4.681273937225342,352.0
76,21,-3.55741548538208,2.4335567951202393,2.0
76,22,-16.495967864990234,244.3632354736328,1111.0
76,23,-1.9263858795166016,6.8646559715271,2.0
76,24,-2.2244372367858887,1.7438745498657227,2.0
76,25,-35.74302673339844,25.773996353149414,957.0
76,26,-2.14481520652771,1.7095048427581787,2.0
76,27,-6.1210222244262695,7.693229675292969,6.0
76,28,-6.358464241027832,2.480231761932373,4.0
76,29,-7.53129768371582,3.5085971355438232,2.0
76,30,-8.182561874389648,3.2185709476470947,4.0
76,31,-5.671208381652832,17.040695190429688,20.0
76,32,-15.975613594055176,24.413169860839844,78.0
76,33,-2.0534720420837402,1.9827617406845093,1.0
76,34,-8.006507873535156,7.401087760925293,5.0
76,35,-6.025777816772461,3.337278366088867,4.0
76,36,-3.218667507171631,1.9035745859146118,1.0
76,37,-1.7452980279922485,1.4177336692810059,1.0
76,38,-4.871707439422607,5.072848320007324,4.0
76,39,-18.30858612060547,21.14558219909668,31.0
76,40,-2.4381215572357178,1.8395671844482422,2.0
76,41,-3.717951536178589,2.1034739017486572,2.0
76,42,-16.755002975463867,8.120367050170898,67.0
76,43,-14.131924629211426,111.1234130859375,1807.0
76,44,-12.25331974029541,4.625872611999512,4.0
76,45,-6.28394889831543,8.122593879699707,3.0
76,46,-7.751112461090088,2.6350154876708984,4.0
76,47,-17.601280212402344,18.794172286987305,34.0
76,48,-14.411161422729492,1346.9266357421875,1116.0
76,49,-10.963152885437012,15.499197959899902,28.0
76,50,-7.71750545501709,6.8852152824401855,10.0
76,51,-6.992088317871094,2.7152113914489746,33.0
76,52,-10.680451393127441,3.276306629180908,88.0
76,53,-17.335315704345703,3.7942464351654053,27.0
76,54,-7.061004638671875,10.524104118347168,11.0
76,55,-3.4964778423309326,2.396764039993286,3.0
76,56,-3.157308578491211,2.864621639251709,4.0
76,57,-9.394639015197754,6.546482086181641,57.0
76,58,-9.939589500427246,27.472801208496094,53.0
76,59,-9.319950103759766,2.174203872680664,3.0
76,60,-4.726239204406738,2.1983487606048584,3.0
76,61,-4.834962844848633,11.217571258544922,4.0
76,62,-5.870542526245117,18.826610565185547,4.0
76,63,-7.335585117340088,2.25932240486145,2.0
76,64,-27.577959060668945,15.765055656433105,469.0
76,65,-14.444517135620117,17.973588943481445,92.0
76,66,-6.934512138366699,2.000608205795288,4.0
76,67,-9.501252174377441,6.6875691413879395,42.0
76,68,-13.256390571594238,27.49757194519043,186.0
76,69,-1.063657283782959,1.1254513263702393,2.0
76,70,-2.6424431800842285,1.3024463653564453,2.0
76,71,-19.553844451904297,11.521681785583496,22.0
76,72,-4.765897750854492,2.2129275798797607,4.0
76,73,-3.516911745071411,1.5521079301834106,1.0
76,74,-5.189315319061279,3.659508466720581,3.0
76,75,-3.660841464996338,1.6870430707931519,3.0
76,76,-6.792590141296387,29.853290557861328,34.0
76,77,-12.284919738769531,7.748401641845703,10.0
76,78,-11.920886039733887,53.177146911621094,291.0
76,79,-37.730369567871094,43.51200485229492,55.0
76,80,-11.356627464294434,3.531940460205078,201.0
76,81,-13.677372932434082,9.772401809692383,336.0
76,82,-9.497191429138184,23.7060546875,7.0
76,83,-7.806353569030762,4.764872074127197,6.0
76,84,-6.756824493408203,2.625471830368042,7.0
76,85,-2.299949884414673,1.584058165550232,1.0
76,86,-7.992450714111328,2.0680091381073,14.0
76,87,-12.30102252960205,5.796700954437256,143.0
76,88,-14.66622257232666,8.126859664916992,890.0
76,89,-14.524516105651855,5.022034645080566,208.0
76,90,-2.686410665512085,3.8313043117523193,2.0
76,91,-9.206327438354492,99.79955291748047,106.0
76,92,-22.108524322509766,15.856277465820312,641.0
76,93,-8.173657417297363,15.24958610534668,42.0
76,94,-7.962182998657227,1.941605567932129,12.0
76,95,-16.03859519958496,209.8092041015625,95.0
76,96,-6.539729595184326,2.264754056930542,4.0
76,97,-3.5465614795684814,2.426962375640869,5.0
76,98,-1.8772730827331543,1.5989038944244385,1.0
76,99,-12.80666732788086,4.957162380218506,46.0
76,100,-5.146932601928711,3.620938301086426,12.0
76,101,-21.309831619262695,6.939692497253418,69.0
76,102,-14.56804084777832,2.1527347564697266,20.0
76,103,-15.532179832458496,2.2647922039031982,11.0
76,104,-3.177307605743408,2.883781909942627,4.0
76,105,-2.7294087409973145,3.9145655632019043,1.0
76,106,-10.478267669677734,3.705371141433716,3.0
76,107,-7.904928684234619,3.73403000831604,8.0
76,108,-0.475205659866333,1.6083449125289917,1.0
76,109,-4.35183572769165,2.968209743499756,6.0
76,110,-11.582621574401855,2.625361204147339,4.0
76,111,-5.933233261108398,7.2264251708984375,41.0
76,112,-18.671783447265625,14.402441024780273,22.0
76,113,-17.08852767944336,30.499353408813477,74.0
76,114,-9.577516555786133,3.9283385276794434,4.0
76,115,-2.0474910736083984,1.2554562091827393,2.0
76,116,-13.943122863769531,32.64790725708008,41.0
76,117,-9.210224151611328,9.999709129333496,11.0
76,118,-14.896336555480957,19.673397064208984,233.0
76,119,-7.096381187438965,4.134127140045166,5.0
76,120,-7.870916843414307,51.18560791015625,20.0
76,121,-26.535184860229492,19.074527740478516,10187.0
76,122,-6.895735740661621,9.960014343261719,16.0
76,123,-15.678169250488281,23.003215789794922,67.0
76,124,-9.060330390930176,3.1035335063934326,89.0
76,125,-11.170429229736328,2.760725736618042,6.0
76,126,-8.294116973876953,2.5132296085357666,3.0
76,127,-7.455204963684082,2.2895517349243164,4.0
76,128,-1.962943434715271,1.480809211730957,2.0
76,129,-11.089333534240723,3.031123399734497,60.0
76,130,-1.3183653354644775,1.5518614053726196,1.0
76,131,-2.909212112426758,2.0694916248321533,1.0
76,132,-8.061683654785156,14.690896034240723,114.0
76,133,-7.833283424377441,7.087416648864746,4.0
76,134,-7.341006755828857,3.3990674018859863,23.0
76,135,-5.641046524047852,4.09702730178833,14.0
76,136,-18.407007217407227,13.867838859558105,170.0
76,137,-8.88481616973877,9.218423843383789,16.0
76,138,-13.550457000732422,5.440152645111084,7.0
76,139,-12.232918739318848,7.681538105010986,245.0
76,140,-12.208415985107422,3.8825440406799316,30.0
76,141,-22.448589324951172,24.703413009643555,365.0
76,142,-3.241229772567749,2.9458866119384766,5.0
76,143,-11.177933692932129,2.3627851009368896,65.0
76,144,-15.265521049499512,4.602281093597412,6.0
76,145,-17.064533233642578,17.18589210510254,137.0
76,146,-4.663835048675537,4.733248233795166,3.0
76,147,-15.31971263885498,8.92209243774414,105.0
76,148,-9.055990219116211,3.1018502712249756,5.0
76,149,-10.283281326293945,7.819779396057129,54.0
76,150,-12.108030319213867,5.639066696166992,43.0
76,151,-9.24666976928711,10.09123706817627,228.0
76,152,-11.927957534790039,5.495853424072266,96.0
76,153,-8.108898162841797,3.863150119781494,4.0
76,154,-8.643224716186523,2.19404673576355,5.0
76,155,-1.6517363786697388,1.7342565059661865,2.0
76,156,-12.034133911132812,11.098686218261719,8.0
76,157,-18.90233612060547,544.9962158203125,240.0
76,158,-12.051273345947266,4.510505199432373,82.0
76,159,-6.445587158203125,3.629581928253174,35.0
76,160,-20.52747344970703,13.012809753417969,49.0
78,0,-6.651268005371094,2.5861783027648926,10.0
78,1,-1.9660985469818115,2.672593355178833,1.0
78,2,-3.6382622718811035,1.681610107421875,2.0
78,3,-1.8971809148788452,1.4614604711532593,1.0
78,4,-12.327932357788086,21.801593780517578,189.0
78,5,-5.060956001281738,3.5439395904541016,4.0
78,6,-17.90105628967285,4.444887638092041,14.0
78,7,-2.5579140186309814,2.3458268642425537,2.0
78,8,-4.595404624938965,3.154566764831543,7.0
78,9,-9.353363037109375,1.8655529022216797,4.0
78,10,-3.3503503799438477,2.3107857704162598,2.0
78,11,-4.820854187011719,1.9911123514175415,8.0
78,12,-4.1225972175598145,1.80208158493042,5.0
78,13,-3.3631672859191895,1.9593905210494995,2.0
78,14,-8.174522399902344,7.7185821533203125,69.0
78,15,-13.919145584106445,4.695345401763916,8.0
78,16,-12.692266464233398,68.76915740966797,159.0
78,17,-5.5941925048828125,6.454198360443115,19.0
78,18,-6.413150787353516,3.606112003326416,12.0
78,19,-0.682768702507019,1.186125636100769,1.0
78,20,-12.361739158630371,4.688990592956543,360.0
78,21,-3.665048360824585,2.4999284744262695,2.0
78,22,-16.49968910217285,244.6666259765625,1126.0
78,23,-1.9018187522888184,6.698065757751465,2.0
78,24,-2.2130203247070312,1.7389041185379028,2.0
78,25,-35.6844482421875,25.63710594177246,942.0
78,26,-2.137397050857544,1.7063374519348145,2.0
78,27,-6.082715034484863,7.595619201660156,6.0
78,28,-6.3518290519714355,2.477882146835327,4.0
78,29,-7.511089324951172,3.496799945831299,2.0
78,30,-8.165475845336914,3.210724115371704,5.0
78,31,-5.645408630371094,16.822282791137695,20.0
78,32,-15.8916015625,24.006399154663086,78.0
78,33,-2.0877108573913574,2.0055203437805176,1.0
78,34,-7.97629451751709,7.345395565032959,5.0
78,35,-6.039769649505615,3.346630096435547,4.0
78,36,-3.211300849914551,1.9007720947265625,1.0
78,37,-1.7482908964157104,1.418582558631897,1.0
78,38,-4.890837669372559,5.105299472808838,4.0
78,39,-18.29100799560547,21.083721160888672,30.0
78,40,-2.441927433013916,1.8413183689117432,2.0
78,41,-3.7333602905273438,2.109966516494751,2.0
78,42,-16.786212921142578,8.152108192443848,67.0
78,43,-13.959614753723145,104.92070770263672,1710.0
78,44,-12.252180099487305,4.625213623046875,4.0
78,45,-6.283203125,8.120575904846191,3.0
78,46,-7.781161308288574,2.6449315547943115,4.0
78,47,-17.60181999206543,18.795860290527344,32.0
78,48,-14.450116157531738,1373.4183349609375,1134.0
78,49,-10.996612548828125,15.629390716552734,27.0
78,50,-7.801130771636963,7.030674934387207,10.0
78,51,-7.01507043838501,2.7241404056549072,33.0
78,52,-10.678397178649902,3.275559186935425,89.0
78,53,-17.43631362915039,3.823838949203491,26.0
78,54,-7.109987258911133,10.697347640991211,11.0
78,55,-3.4997446537017822,2.3987221717834473,3.0
78,56,-3.1445553302764893,2.8524696826934814,4.0
78,57,-9.382057189941406,6.530029296875,58.0
78,58,-9.939687728881836,27.473703384399414,53.0
78,59,-9.249529838562012,2.161482095718384,3.0
78,60,-4.7327775955200195,2.2007455825805664,3.0
78,61,-4.8140130043029785,11.10068130493164,4.0
78,62,-5.9252424240112305,19.348621368408203,4.0
78,63,-7.342080116271973,2.260953426361084,2.0
78,64,-27.564834594726562,15.74438190460205,473.0
78,65,-14.463030815124512,18.040266036987305,91.0
78,66,-6.967617988586426,2.007242202758789,4.0
78,67,-9.479628562927246,6.65871000289917,40.0
78,68,-13.258676528930664,27.513288497924805,184.0
78,69,-1.0900441408157349,1.128755807876587,2.0
78,70,-2.6379287242889404,1.3018585443496704,2.0
78,71,-19.445940017700195,11.367319107055664,22.0
78,72,-4.806659698486328,2.2280125617980957,4.0
78,73,-3.4866204261779785,1.546242117881775,1.0
78,74,-5.189286231994629,3.659482002258301,3.0
78,75,-3.6417458057403564,1.6824473142623901,3.0
78,76,-6.830267429351807,30.421016693115234,34.0
78,77,-12.36673355102539,7.854779243469238,10.0
78,78,-11.981881141662598,54.26939392089844,293.0
78,79,-37.73211669921875,43.51961135864258,55.0
78,80,-11.258172035217285,3.493513822555542,203.0
78,81,-13.656556129455566,9.738554954528809,323.0
78,82,-9.482156753540039,23.587547302246094,7.0
78,83,-7.798501014709473,4.757395267486572,7.0
78,84,-6.7688069343566895,2.629969835281372,7.0
78,85,-2.2794110774993896,1.5775645971298218,1.0
78,86,-7.947097301483154,2.059500217437744,13.0
78,87,-12.264442443847656,5.7664875984191895,142.0
78,88,-14.589591979980469,8.03837776184082,877.0
78,89,-14.706354141235352,5.124532699584961,211.0
78,90,-2.6577866077423096,3.7768611907958984,2.0
78,91,-9.221488952636719,100.5589828491211,104.0
78,92,-22.055830001831055,15.752180099487305,645.0
78,93,-8.18215274810791,15.29283332824707,43.0
78,94,-7.981476783752441,1.9447298049926758,12.0
78,95,-16.10763931274414,214.69386291503906,98.0
78,96,-6.584177017211914,2.277372121810913,4.0
78,97,-3.540379285812378,2.4232141971588135,5.0
78,98,-1.8732683658599854,1.5973037481307983,1.0
78,99,-12.804349899291992,4.955726623535156,46.0
78,100,-5.156072616577148,3.6292214393615723,12.0
78,101,-21.455516815185547,7.0322136878967285,75.0
78,102,-14.490833282470703,2.1440048217773438,20.0
78,103,-15.5765380859375,2.2700860500335693,11.0
78,104,-3.1935675144195557,2.899454116821289,4.0
78,105,-2.7158896923065186,3.8881940841674805,1.0
78,106,-10.429438591003418,3.682823896408081,3.0
78,107,-7.865669250488281,3.709677219390869,8.0
78,108,-0.4692328870296478,1.5987672805786133,1.0
78,109,-4.3352580070495605,2.9559335708618164,6.0
78,110,-11.614252090454102,2.6322903633117676,4.0
78,111,-5.925086975097656,7.206828594207764,41.0
78,112,-18.529132843017578,14.111906051635742,22.0
78,113,-17.127168655395508,30.73596954345703,75.0
78,114,-9.630569458007812,3.9582245349884033,6.0
78,115,-2.0167672634124756,1.2511776685714722,2.0
78,116,-13.894193649291992,32.250980377197266,40.0
78,117,-9.265116691589355,10.137883186340332,11.0
78,118,-14.801471710205078,19.30364990234375,233.0
78,119,-7.021913528442383,4.07301139831543,5.0
78,120,-7.90022611618042,51.94123840332031,20.0
78,121,-26.439594268798828,18.87300682067871,9917.0
78,122,-6.873681545257568,9.887062072753906,16.0
78,123,-15.522819519042969,22.29949188232422,62.0
78,124,-9.08801555633545,3.1142923831939697,90.0
78,125,-11.264270782470703,2.7843782901763916,6.0
78,126,-8.293902397155762,2.513169527053833,3.0
78,127,-7.445033073425293,2.286965847015381,4.0
78,128,-1.9345324039459229,1.4724187850952148,2.0
78,129,-11.060705184936523,3.02245831489563,56.0
78,130,-1.3010019063949585,1.5429054498672485,1.0
78,131,-2.8977644443511963,2.06357741355896,1.0
78,132,-8.101421356201172,14.8867826461792,115.0
78,133,-7.8433837890625,7.105335712432861,4.0
78,134,-7.336469650268555,3.396498203277588,23.0
78,135,-5.636568069458008,4.092442512512207,14.0
78,136,-18.469209671020508,13.991620063781738,168.0
78,137,-8.831130981445312,9.095526695251465,16.0
78,138,-13.560813903808594,5.447199821472168,7.0
78,139,-12.22011661529541,7.66516637802124,247.0
78,140,-12.285287857055664,3.9158482551574707,27.0
78,141,-22.379541397094727,24.4609317779541,360.0
78,142,-3.276919364929199,2.981142282485962,5.0
78,143,-11.138215065002441,2.355577230453491,65.0
78,144,-15.287984848022461,4.612631320953369,6.0
78,145,-17.017005920410156,17.050296783447266,132.0
78,146,-4.570463180541992,4.588199615478516,3.0
78,147,-15.308615684509277,8.907959938049316,101.0
78,148,-9.077021598815918,3.110015630722046,5.0
78,149,-10.321428298950195,7.879668235778809,55.0
78,150,-12.169685363769531,5.6889543533325195,43.0
78,151,-9.370676040649414,10.408981323242188,239.0
78,152,-11.927144050598145,5.495214939117432,100.0
78,153,-8.12358283996582,3.872616767883301,4.0
78,154,-8.717144012451172,2.2088403701782227,5.0
78,155,-1.6646981239318848,1.7417657375335693,2.0
78,156,-12.080557823181152,11.202215194702148,9.0
78,157,-18.8955135345459,543.758056640625,239.0
78,158,-12.084505081176758,4.529280662536621,80.0
78,159,-6.455900192260742,3.637075662612915,35.0
78,160,-20.602628707885742,13.13563346862793,49.0
80,0,-6.651313781738281,2.5861949920654297,10.0
80,1,-1.9662742614746094,2.672828197479248,1.0
80,2,-3.6826748847961426,1.692313313484192,2.0
80,3,-1.9026280641555786,1.4630533456802368,1.0
80,4,-12.31913948059082,21.753721237182617,185.0
80,5,-5.048880100250244,3.533256769180298,4.0
80,6,-17.964998245239258,4.468635559082031,16.0
80,7,-2.6096906661987305,2.386664867401123,2.0
80,8,-4.610801696777344,3.1667327880859375,7.0
80,9,-9.356828689575195,1.8659840822219849,4.0
80,10,-3.4250094890594482,2.354321002960205,2.0
80,11,-4.761643886566162,1.9743413925170898,8.0
80,12,-4.136898517608643,1.8057670593261719,5.0
80,13,-3.388767719268799,1.969448447227478,2.0
80,14,-8.158659934997559,7.688033580780029,68.0
80,15,-13.939047813415527,4.705740451812744,8.0
80,16,-12.631951332092285,67.4003677368164,149.0
80,17,-5.671471118927002,6.622615814208984,19.0
80,18,-6.308700084686279,3.5315608978271484,9.0
80,19,-0.6883615255355835,1.1877851486206055,1.0
80,20,-12.368276596069336,4.692823886871338,354.0
80,21,-3.6192569732666016,2.471472978591919,2.0
80,22,-16.482995986938477,243.30889892578125,1129.0
80,23,-1.9254652261734009,6.858338832855225,2.0
80,24,-2.2017874717712402,1.7340277433395386,2.0
80,25,-35.6866340637207,25.64220428466797,936.0
80,26,-2.1243362426757812,1.7007750272750854,2.0
80,27,-6.11995792388916,7.6905012130737305,6.0
80,28,-6.337009429931641,2.472641706466675,4.0
80,29,-7.460912704467773,3.4676787853240967,2.0
80,30,-8.155851364135742,3.206313133239746,7.0
80,31,-5.638160705566406,16.761428833007812,20.0
80,32,-15.976247787475586,24.4162654876709,78.0
80,33,-2.1001148223876953,2.0138299465179443,1.0
80,34,-7.976577281951904,7.345914840698242,5.0
80,35,-6.012430191040039,3.328381061553955,4.0
80,36,-3.1048383712768555,1.8607277870178223,1.0
80,37,-1.7249062061309814,1.4119634628295898,1.0
80,38,-4.8435468673706055,5.025453090667725,4.0
80,39,-18.314903259277344,21.167856216430664,30.0
80,40,-2.4581785202026367,1.848814606666565,2.0
80,41,-3.758223295211792,2.1204845905303955,2.0
80,42,-16.65513038635254,8.019621849060059,66.0
80,43,-14.141510009765625,111.47904968261719,1822.0
80,44,-12.356132507324219,4.685705661773682,4.0
80,45,-6.30815315246582,8.188393592834473,3.0
80,46,-7.753171920776367,2.6356937885284424,4.0
80,47,-17.619762420654297,18.852153778076172,32.0
80,48,-14.46338939666748,1382.5635986328125,1129.0
80,49,-11.00068187713623,15.645298957824707,29.0
80,50,-7.764139652252197,6.965956687927246,10.0
80,51,-6.9666900634765625,2.7053775787353516,32.0
80,52,-10.702744483947754,3.2844324111938477,90.0
80,53,-17.443323135375977,3.825901508331299,27.0
80,54,-7.081465721130371,10.596128463745117,11.0
80,55,-3.495849132537842,2.3963873386383057,3.0
80,56,-3.213681936264038,2.918959617614746,4.0
80,57,-9.368441581726074,6.512271881103516,59.0
80,58,-9.946758270263672,27.538528442382812,53.0
80,59,-9.250078201293945,2.161581039428711,3.0
80,60,-4.716682434082031,2.194849967956543,3.0
80,61,-4.836084365844727,11.22386360168457,4.0
80,62,-5.89130973815918,19.023115158081055,4.0
80,63,-7.285196304321289,2.246708393096924,2.0
80,64,-27.559085845947266,15.735329627990723,470.0
80,65,-14.543094635009766,18.331464767456055,92.0
80,66,-6.94553279876709,2.0028140544891357,4.0
80,67,-9.478067398071289,6.656630516052246,40.0
80,68,-13.282325744628906,27.67643928527832,185.0
80,69,-1.0880141258239746,1.128501296043396,2.0
80,70,-2.5443553924560547,1.2897334098815918,1.0
80,71,-19.559661865234375,11.530062675476074,22.0
80,72,-4.748105049133301,2.2063748836517334,4.0
80,73,-3.506272792816162,1.5500452518463135,1.0
80,74,-5.255090713500977,3.720182180404663,3.0
80,75,-3.655812978744507,1.6858316659927368,3.0
80,76,-6.811729431152344,30.14034652709961,34.0
80,77,-12.301076889038086,7.769295692443848,10.0
80,78,-12.043036460876465,55.38703918457031,294.0
80,79,-37.612884521484375,43.00379943847656,54.0
80,80,-11.292823791503906,3.506990432739258,192.0
80,81,-13.730620384216309,9.859511375427246,345.0
80,82,-9.468541145324707,23.480737686157227,7.0
80,83,-7.825872421264648,4.783509254455566,7.0
80,84,-6.833053112030029,2.654218912124634,7.0
80,85,-2.2959275245666504,1.5827842950820923,1.0
80,86,-7.907436847686768,2.0520882606506348,13.0
80,87,-12.219063758850098,5.729226589202881,148.0
80,88,-14.643539428710938,8.100567817687988,888.0
80,89,-14.715001106262207,5.129458427429199,215.0
80,90,-2.65527081489563,3.77211332321167,2.0
80,91,-9.302826881408691,104.73291015625,110.0
80,92,-22.160797119140625,15.960224151611328,694.0
80,93,-8.179526329040527,15.279451370239258,44.0
80,94,-7.97880744934082,1.944297194480896,12.0
80,95,-15.997663497924805,206.96597290039062,95.0
80,96,-6.5838518142700195,2.2772793769836426,4.0
80,97,-3.5329771041870117,2.418733835220337,5.0
80,98,-1.8743088245391846,1.5977193117141724,1.0
80,99,-12.936724662780762,5.03840970993042,48.0
80,100,-5.125147342681885,3.601270914077759,12.0
80,101,-21.470779418945312,7.041977882385254,74.0
80,102,-14.53373908996582,2.1488518714904785,19.0
80,103,-15.497947692871094,2.2607157230377197,11.0
80,104,-3.1819262504577637,2.8882250785827637,4.0
80,105,-2.7377772331237793,3.9309794902801514,1.0
80,106,-10.389188766479492,3.664341449737549,3.0
80,107,-7.8708271980285645,3.7128677368164062,8.0
80,108,-0.47231757640838623,1.6037065982818604,1.0
80,109,-4.407214164733887,3.0095889568328857,6.0
80,110,-11.592602729797363,2.6275458335876465,4.0
80,111,-5.927243232727051,7.212010383605957,41.0
80,112,-18.537860870361328,14.129514694213867,22.0
80,113,-17.10837173461914,30.62063980102539,76.0
80,114,-9.654376983642578,3.971709966659546,5.0
80,115,-2.068399667739868,1.2583762407302856,2.0
80,116,-13.9609375,32.79363250732422,41.0
80,117,-9.227029800415039,10.041810989379883,11.0
80,118,-14.812159538269043,19.344959259033203,231.0
80,119,-7.028369903564453,4.078274726867676,5.0
80,120,-7.920286178588867,52.4648323059082,20.0
80,121,-26.45590591430664,18.907243728637695,9931.0
80,122,-6.889254093170166,9.938518524169922,16.0
80,123,-15.6837158203125,23.028743743896484,69.0
80,124,-9.062666893005371,3.1044399738311768,90.0
80,125,-11.21744155883789,2.772549867630005,6.0
80,126,-8.27923583984375,2.509077310562134,3.0
80,127,-7.420224189758301,2.280670166015625,4.0
80,128,-1.9608559608459473,1.4801911115646362,2.0
80,129,-11.10584831237793,3.0361335277557373,61.0
80,130,-1.3204491138458252,1.552939772605896,1.0
80,131,-2.861706018447876,2.0450587272644043,1.0
80,132,-8.110105514526367,14.929938316345215,115.0
80,133,-7.7558746337890625,6.951578140258789,3.0
80,134,-7.314033031463623,3.3838205337524414,23.0
80,135,-5.628844261169434,4.084547996520996,14.0
80,136,-18.50874900817871,14.07087516784668,173.0
80,137,-8.840141296386719,9.11603832244873,16.0
80,138,-13.518607139587402,5.418537139892578,7.0
80,139,-12.199137687683105,7.638411045074463,240.0
80,140,-12.235671997070312,3.894320011138916,29.0
80,141,-22.495344161987305,24.868967056274414,362.0
80,142,-3.3017470836639404,3.005916118621826,5.0
80,143,-11.180559158325195,2.363262414932251,65.0
80,144,-15.259893417358398,4.599691867828369,6.0
80,145,-16.996700286865234,16.992692947387695,133.0
80,146,-4.647437572479248,4.707447528839111,3.0
80,147,-15.297148704528809,8.893378257751465,102.0
80,148,-9.072553634643555,3.10827898979187,5.0
80,149,-10.298248291015625,7.843221664428711,54.0
80,150,-12.063016891479492,5.602921485900879,42.0
80,151,-9.244084358215332,10.084716796875,231.0
80,152,-11.911190032958984,5.4827046394348145,99.0
80,153,-8.06346321105957,3.8340072631835938,4.0
80,154,-8.728377342224121,2.211097240447998,5.0
80,155,-1.6102445125579834,1.7104357481002808,2.0
80,156,-12.044478416442871,11.121672630310059,8.0
80,157,-18.821043014526367,530.4263916015625,234.0
80,158,-12.025627136230469,4.496068477630615,80.0
80,159,-6.417454242706299,3.6092171669006348,35.0
80,160,-20.529556274414062,13.016197204589844,49.0
82,0,-6.564540386199951,2.5543339252471924,10.0
82,1,-1.9632370471954346,2.6687724590301514,1.0
82,2,-3.6837687492370605,1.692577838897705,2.0
82,3,-1.8845545053482056,1.4577744007110596,1.0
82,4,-12.331823348999023,21.822813034057617,187.0
82,5,-5.047076225280762,3.531663656234741,4.0
82,6,-17.93021011352539,4.455699920654297,14.0
82,7,-2.578202724456787,2.3617453575134277,2.0
82,8,-4.61517333984375,3.1701958179473877,7.0
82,9,-9.367408752441406,1.8673007488250732,4.0
82,10,-3.363729238510132,2.3185274600982666,2.0
82,11,-4.766996383666992,1.9758514165878296,8.0
82,12,-4.078411102294922,1.7907421588897705,5.0
82,13,-3.3139286041259766,1.9401895999908447,2.0
82,14,-8.150341987609863,7.672062873840332,68.0
82,15,-13.918951034545898,4.695244312286377,8.0
82,16,-12.680774688720703,68.50624084472656,163.0
82,17,-5.540282249450684,6.33925199508667,19.0
82,18,-6.325039863586426,3.543120861053467,9.0
82,19,-0.6778516173362732,1.1846684217453003,1.0
82,20,-12.304113388061523,4.655336856842041,345.0
82,21,-3.565760850906372,2.4386391639709473,2.0
82,22,-16.48122215270996,243.16506958007812,1125.0
82,23,-1.931188941001892,6.897706508636475,2.0
82,24,-2.211188793182373,1.7381081581115723,2.0
82,25,-35.7535514831543,25.798667907714844,942.0
82,26,-2.149106502532959,1.7113399505615234,2.0
82,27,-6.088232040405273,7.609599590301514,6.0
82,28,-6.355723857879639,2.4792611598968506,4.0
82,29,-7.47752571105957,3.4772939682006836,2.0
82,30,-8.14729118347168,3.2023942470550537,4.0
82,31,-5.619287014007568,16.6039981842041,20.0
82,32,-15.960742950439453,24.340673446655273,78.0
82,33,-2.119499921798706,2.0268845558166504,1.0
82,34,-7.98101806640625,7.354074478149414,5.0
82,35,-6.002793312072754,3.321972131729126,4.0
82,36,-3.1758840084075928,1.8873558044433594,1.0
82,37,-1.7546565532684326,1.4203897714614868,1.0
82,38,-4.842500686645508,5.023700714111328,4.0
82,39,-18.288991928100586,21.076641082763672,30.0
82,40,-2.4120092391967773,1.8275976181030273,2.0
82,41,-3.750962257385254,2.1174075603485107,2.0
82,42,-16.63126564025879,7.995734214782715,67.0
82,43,-14.096176147460938,109.8071060180664,1777.0
82,44,-12.254526138305664,4.626570224761963,4.0
82,45,-6.272031784057617,8.090392112731934,3.0
82,46,-7.761483669281006,2.6384336948394775,4.0
82,47,-17.566450119018555,18.685386657714844,32.0
82,48,-14.523004531860352,1424.3946533203125,1134.0
82,49,-11.030116081237793,15.760849952697754,28.0
82,50,-7.74920654296875,6.939999580383301,10.0
82,51,-7.084410667419434,2.7512590885162354,34.0
82,52,-10.645326614379883,3.263545036315918,88.0
82,53,-17.34176254272461,3.796128511428833,26.0
82,54,-7.12247371673584,10.741963386535645,11.0
82,55,-3.479839324951172,2.386814832687378,3.0
82,56,-3.206292152404785,2.911778688430786,4.0
82,57,-9.485044479370117,6.665925979614258,60.0
82,58,-9.950859069824219,27.576196670532227,53.0
82,59,-9.257708549499512,2.1629559993743896,3.0
82,60,-4.697811126708984,2.187957763671875,3.0
82,61,-4.859223365783691,11.354472160339355,4.0
82,62,-6.0007524490356445,20.093095779418945,4.0
82,63,-7.333154678344727,2.2587125301361084,2.0
82,64,-27.587589263916016,15.780247688293457,473.0
82,65,-14.534961700439453,18.301671981811523,92.0
82,66,-6.933814525604248,2.0004684925079346,4.0
82,67,-9.476619720458984,6.6547040939331055,40.0
82,68,-13.257641792297363,27.50617218017578,186.0
82,69,-1.083206295967102,1.1278985738754272,2.0
82,70,-2.6414971351623535,1.3023231029510498,2.0
82,71,-19.503345489501953,11.44918155670166,21.0
82,72,-4.806013107299805,2.2277724742889404,4.0
82,73,-3.4725494384765625,1.5435248613357544,1.0
82,74,-5.163773059844971,3.6362147331237793,3.0
82,75,-3.601524829864502,1.6728078126907349,2.0
82,76,-6.81231689453125,30.149202346801758,34.0
82,77,-12.298354148864746,7.765771389007568,10.0
82,78,-11.96949577331543,54.04580307006836,290.0
82,79,-37.68913269042969,43.33294677734375,53.0
82,80,-11.226517677307129,3.481247901916504,192.0
82,81,-13.741785049438477,9.877875328063965,335.0
82,82,-9.46304702758789,23.437776565551758,7.0
82,83,-7.779372215270996,4.73922872543335,8.0
82,84,-6.841972827911377,2.6576032638549805,7.0
82,85,-2.2832400798797607,1.5787731409072876,1.0
82,86,-7.969394683837891,2.0636792182922363,13.0
82,87,-12.319864273071289,5.812324523925781,141.0
82,88,-14.578058242797852,8.025146484375,882.0
82,89,-14.638050079345703,5.085788249969482,207.0
82,90,-2.64957594871521,3.761387825012207,2.0
82,91,-9.237370491027832,101.36067962646484,102.0
82,92,-22.200111389160156,16.038850784301758,650.0
82,93,-8.186111450195312,15.313024520874023,42.0
82,94,-8.004924774169922,1.948533535003662,12.0
82,95,-15.940993309020996,203.0930938720703,95.0
82,96,-6.546591758728027,2.266697406768799,4.0
82,97,-3.5544092655181885,2.4317283630371094,5.0
82,98,-1.825932264328003,1.5785126686096191,1.0
82,99,-12.926033020019531,5.031681060791016,48.0
82,100,-5.143477439880371,3.617811918258667,12.0
82,101,-21.573528289794922,7.108063220977783,78.0
82,102,-14.619925498962402,2.158621311187744,20.0
82,103,-15.416366577148438,2.2510297298431396,11.0
82,104,-3.203325033187866,2.908900022506714,4.0
82,105,-2.7535629272460938,3.9621288776397705,1.0
82,106,-10.456451416015625,3.6952803134918213,3.0
82,107,-7.890506744384766,3.7250654697418213,8.0
82,108,-0.47493523359298706,1.6079100370407104,1.0
82,109,-4.333160400390625,2.954383611679077,6.0
82,110,-11.52812671661377,2.6134657859802246,4.0
82,111,-5.903493404388428,7.155141353607178,39.0
82,112,-18.631772994995117,14.320354461669922,22.0
82,113,-17.144670486450195,30.84375,70.0
82,114,-9.627999305725098,3.9567716121673584,4.0
82,115,-2.076925754547119,1.2595688104629517,2.0
82,116,-14.01889419555664,33.27224349975586,42.0
82,117,-9.259159088134766,10.122795104980469,11.0
82,118,-14.879923820495605,19.608924865722656,232.0
82,119,-7.061398029327393,4.1053032875061035,5.0
82,120,-7.914056301116943,52.301658630371094,20.0
82,121,-26.5135498046875,19.028732299804688,10278.0
82,122,-6.876537322998047,9.896479606628418,16.0
82,123,-15.527833938598633,22.32186508178711,62.0
82,124,-9.074877738952637,3.109182119369507,90.0
82,125,-11.20410442352295,2.7691900730133057,6.0
82,126,-8.370887756347656,2.534759521484375,3.0
82,127,-7.509838104248047,2.303492546081543,4.0
82,128,-1.9480905532836914,1.476416826248169,2.0
82,129,-11.018675804138184,3.009781837463379,58.0
82,130,-1.3305978775024414,1.5582021474838257,1.0
82,131,-2.894883632659912,2.062091827392578,1.0
82,132,-8.096379280090332,14.861784934997559,115.0
82,133,-7.879908084869385,7.170511722564697,4.0
82,134,-7.300700664520264,3.376310110092163,23.0
82,135,-5.620909690856934,4.076453685760498,14.0
82,136,-18.490192413330078,14.033624649047852,174.0
82,137,-8.86512565612793,9.17315673828125,16.0
82,138,-13.529257774353027,5.425755977630615,7.0
82,139,-12.232902526855469,7.681517601013184,240.0
82,140,-12.240915298461914,3.896589517593384,26.0
82,141,-22.488731384277344,24.84547996520996,364.0
82,142,-3.2874271869659424,2.9916021823883057,5.0
82,143,-11.140979766845703,2.3560781478881836,64.0
82,144,-15.296363830566406,4.616497993469238,6.0
82,145,-16.96358871459961,16.899173736572266,137.0
82,146,-4.599318504333496,4.632544040679932,3.0
82,147,-15.271687507629395,8.861089706420898,101.0
82,148,-9.062417984008789,3.1043436527252197,5.0
82,149,-10.322014808654785,7.880592346191406,55.0
82,150,-12.137992858886719,5.6632561683654785,43.0
82,151,-9.249625205993652,10.098695755004883,232.0
82,152,-11.939594268798828,5.504997730255127,101.0
82,153,-8.083283424377441,3.8466930389404297,4.0
82,154,-8.709039688110352,2.2072136402130127,5.0
82,155,-1.657646656036377,1.7376766204833984,2.0
82,156,-12.037572860717773,11.106322288513184,8.0
82,157,-18.759309768676758,519.6228637695312,227.0
82,158,-12.060678482055664,4.515810966491699,82.0
82,159,-6.446805000305176,3.6304657459259033,35.0
82,160,-20.618513107299805,13.16174030303955,49.0
84,0,-6.639803886413574,2.5819461345672607,10.0
84,1,-1.9466204643249512,2.646691083908081,1.0
84,2,-3.6205899715423584,1.6773699522018433,2.0
84,3,-1.903174877166748,1.463213324546814,1.0
84,4,-12.33740234375,21.853271484375,187.0
84,5,-5.0375518798828125,3.5232644081115723,4.0
84,6,-18.024187088012695,4.490731239318848,14.0
84,7,-2.5876762866973877,2.369215250015259,2.0
84,8,-4.592681884765625,3.1524202823638916,7.0
84,9,-9.32669734954834,1.8622394800186157,4.0
84,10,-3.3742454051971436,2.3246309757232666,2.0
84,11,-4.778871059417725,1.9792063236236572,8.0
84,12,-4.148996829986572,1.8088908195495605,5.0
84,13,-3.375053882598877,1.9640541076660156,2.0
84,14,-8.195899963378906,7.75994348526001,69.0
84,15,-13.901004791259766,4.685891151428223,8.0
84,16,-12.726640701293945,69.56167602539062,162.0
84,17,-5.545863628387451,6.351057052612305,19.0
84,18,-6.305244445800781,3.529121160507202,8.0
84,19,-0.7080405950546265,1.1936432123184204,1.0
84,20,-12.337078094482422,4.674558639526367,348.0
84,21,-3.6196036338806152,2.471686840057373,2.0
84,22,-16.411109924316406,237.54803466796875,1107.0
84,23,-1.932060956954956,6.903724193572998,2.0
84,24,-2.205106496810913,1.7354670763015747,2.0
84,25,-35.646514892578125,25.548847198486328,941.0
84,26,-2.134218215942383,1.7049819231033325,2.0
84,27,-6.073635101318359,7.572664260864258,6.0
84,28,-6.312216758728027,2.463899612426758,4.0
84,29,-7.479916095733643,3.4786794185638428,2.0
84,30,-8.194477081298828,3.2240540981292725,4.0
84,31,-5.6188459396362305,16.6003360748291,20.0
84,32,-15.928457260131836,24.184003829956055,78.0
84,33,-2.116635322570801,2.0249502658843994,1.0
84,34,-7.954285621643066,7.305090427398682,5.0
84,35,-5.953540802001953,3.289409875869751,4.0
84,36,-3.186647415161133,1.891422986984253,1.0
84,37,-1.7274048328399658,1.41266930103302,1.0
84,38,-4.866336345672607,5.063774585723877,4.0
84,39,-18.222740173339844,20.845195770263672,31.0
84,40,-2.4217615127563477,1.8320587873458862,2.0
84,41,-3.725384473800659,2.1066033840179443,2.0
84,42,-16.72454833984375,8.089512825012207,67.0
84,43,-14.021780014038086,107.1175537109375,1739.0
84,44,-12.289480209350586,4.646829128265381,4.0
84,45,-6.287919998168945,8.133353233337402,3.0
84,46,-7.680065155029297,2.611717700958252,4.0
84,47,-17.67910385131836,19.039527893066406,32.0
84,48,-14.461954116821289,1381.57177734375,1114.0
84,49,-11.008565902709961,15.676165580749512,28.0
84,50,-7.796060085296631,7.021768093109131,10.0
84,51,-7.060006141662598,2.7416839599609375,32.0
84,52,-10.591486930847168,3.2440803050994873,86.0
84,53,-17.27709197998047,3.7772908210754395,27.0
84,54,-7.053001403808594,10.496066093444824,11.0
84,55,-3.4933667182922363,2.3949005603790283,3.0
84,56,-3.1739659309387207,2.8805713653564453,4.0
84,57,-9.450382232666016,6.619874954223633,59.0
84,58,-9.969581604003906,27.74883270263672,53.0
84,59,-9.283538818359375,2.167616844177246,3.0
84,60,-4.749801158905029,2.206998825073242,3.0
84,61,-4.830363750457764,11.191804885864258,4.0
84,62,-5.958284378051758,19.670936584472656,4.0
84,63,-7.331485271453857,2.258293628692627,2.0
84,64,-27.58427619934082,15.775018692016602,468.0
84,65,-14.43437385559082,17.937162399291992,92.0
84,66,-6.942960262298584,2.0022990703582764,4.0
84,67,-9.499955177307129,6.6858344078063965,41.0
84,68,-13.260100364685059,27.52308464050293,186.0
84,69,-1.0991309881210327,1.1298960447311401,2.0
84,70,-2.631084680557251,1.300967812538147,2.0
84,71,-19.540149688720703,11.501976013183594,22.0
84,72,-4.797345161437988,2.2245564460754395,4.0
84,73,-3.5240578651428223,1.5534950494766235,1.0
84,74,-5.197456359863281,3.666964054107666,3.0
84,75,-3.6582117080688477,1.6864093542099,2.0
84,76,-6.803827285766602,30.021495819091797,33.0
84,77,-12.317056655883789,7.79001522064209,10.0
84,78,-11.954440116882324,53.7752571105957,296.0
84,79,-37.64543914794922,43.14402770996094,52.0
84,80,-11.298236846923828,3.5091001987457275,206.0
84,81,-13.714540481567383,9.833125114440918,341.0
84,82,-9.47878646850586,23.561063766479492,7.0
84,83,-7.9037370681762695,4.858585357666016,7.0
84,84,-6.698578357696533,2.6037161350250244,7.0
84,85,-2.3084168434143066,1.586742877960205,1.0
84,86,-7.955057621002197,2.0609912872314453,14.0
84,87,-12.223365783691406,5.732748985290527,139.0
84,88,-14.575695037841797,8.02243709564209,878.0
84,89,-14.725508689880371,5.135450839996338,218.0
84,90,-2.662349224090576,3.785487174987793,2.0
84,91,-9.224658012390137,100.71844482421875,103.0
84,92,-22.043609619140625,15.72813606262207,642.0
84,93,-8.147382736206055,15.116612434387207,43.0
84,94,-7.956761360168457,1.9407285451889038,12.0
84,95,-16.059356689453125,211.2661895751953,96.0
84,96,-6.523115634918213,2.2600555419921875,4.0
84,97,-3.5181097984313965,2.4097607135772705,5.0
84,98,-1.8467507362365723,1.5867496728897095,1.0
84,99,-12.810738563537598,4.959685802459717,46.0
84,100,-5.1405348777771,3.6151514053344727,12.0
84,101,-21.432453155517578,7.017484664916992,72.0
84,102,-14.55846118927002,2.1516497135162354,20.0
84,103,-15.576427459716797,2.2700729370117188,11.0
84,104,-3.1834113597869873,2.8896548748016357,4.0
84,105,-2.7250561714172363,3.906055450439453,1.0
84,106,-10.476632118225098,3.7046139240264893,3.0
84,107,-7.887881755828857,3.723436117172241,8.0
84,108,-0.48157548904418945,1.6186225414276123,1.0
84,109,-4.367627143859863,2.9799506664276123,6.0
84,110,-11.462685585021973,2.599252223968506,4.0
84,111,-5.9254961013793945,7.20781135559082,41.0
84,112,-18.629514694213867,14.315735816955566,22.0
84,113,-17.14422607421875,30.841007232666016,68.0
84,114,-9.603635787963867,3.943024158477783,4.0
84,115,-2.0346732139587402,1.2536695003509521,2.0
84,116,-13.96853256225586,32.85595703125,41.0
84,117,-9.253438949584961,10.108328819274902,11.0
84,118,-14.85394287109375,19.507293701171875,232.0
84,119,-7.08602237701416,4.125571250915527,5.0
84,120,-7.923211574554443,52.541629791259766,20.0
84,121,-26.442716598510742,18.879554748535156,9907.0
84,122,-6.8952131271362305,9.958280563354492,16.0
84,123,-15.560362815856934,22.467559814453125,63.0
84,124,-9.11266040802002,3.123900890350342,93.0
84,125,-11.162195205688477,2.758659839630127,6.0
84,126,-8.263319969177246,2.5046441555023193,3.0
84,127,-7.422738552093506,2.2813076972961426,4.0
84,128,-1.9466272592544556,1.475984811782837,2.0
84,129,-11.05040168762207,3.019345760345459,61.0
84,130,-1.3107131719589233,1.547908067703247,1.0
84,131,-2.892545700073242,2.060886859893799,1.0
84,132,-8.089064598083496,14.825592041015625,115.0
84,133,-7.747732162475586,6.937441825866699,3.0
84,134,-7.307779312133789,3.380295753479004,23.0
84,135,-5.639566421508789,4.095511436462402,14.0
84,136,-18.483572006225586,14.020357131958008,176.0
84,137,-8.877662658691406,9.201952934265137,16.0
84,138,-13.55849552154541,5.445621490478516,8.0
84,139,-12.347413063049316,7.829526901245117,249.0
84,140,-12.364608764648438,3.9505128860473633,30.0
84,141,-22.528844833374023,24.988265991210938,372.0
84,142,-3.269212007522583,2.9734928607940674,5.0
84,143,-11.180970191955566,2.3633370399475098,65.0
84,144,-15.340208053588867,4.636783123016357,6.0
84,145,-16.982467651367188,16.952430725097656,130.0
84,146,-4.64113187789917,4.697563171386719,3.0
84,147,-15.287961959838867,8.8817138671875,102.0
84,148,-9.057341575622559,3.102374315261841,5.0
84,149,-10.30026626586914,7.846388339996338,53.0
84,150,-12.142475128173828,5.66688346862793,43.0
84,151,-9.31852912902832,10.274163246154785,238.0
84,152,-11.87889575958252,5.4574689865112305,98.0
84,153,-8.134995460510254,3.8799898624420166,4.0
84,154,-8.66116714477539,2.1976284980773926,5.0
84,155,-1.666125774383545,1.742594838142395,2.0
84,156,-12.008533477783203,11.04200553894043,8.0
84,157,-18.893083572387695,543.3179321289062,237.0
84,158,-12.04544448852539,4.507220268249512,81.0
84,159,-6.433769702911377,3.6210134029388428,35.0
84,160,-20.488346099853516,12.949320793151855,49.0
86,0,-6.576075077056885,2.558546543121338,10.0
86,1,-1.9785900115966797,2.689337968826294,1.0
86,2,-3.6695427894592285,1.6891415119171143,2.0
86,3,-1.877405047416687,1.4556914567947388,1.0
86,4,-12.33281135559082,21.828203201293945,189.0
86,5,-5.078137397766113,3.559194803237915,4.0
86,6,-17.965835571289062,4.468947410583496,14.0
86,7,-2.5802183151245117,2.363332748413086,2.0
86,8,-4.593838214874268,3.1533315181732178,7.0
86,9,-9.315290451049805,1.8608238697052002,4.0
86,10,-3.4120893478393555,2.346728563308716,2.0
86,11,-4.764585971832275,1.9751712083816528,8.0
86,12,-4.096739292144775,1.7954370975494385,4.0
86,13,-3.3352608680725098,1.9484848976135254,2.0
86,14,-8.183094024658203,7.735139846801758,69.0
86,15,-13.987068176269531,4.730915069580078,8.0
86,16,-12.735271453857422,69.76206970214844,168.0
86,17,-5.581319808959961,6.426563739776611,19.0
86,18,-6.254512310028076,3.4934942722320557,9.0
86,19,-0.6808120012283325,1.185545563697815,1.0
86,20,-12.357239723205566,4.686354160308838,357.0
86,21,-3.6427102088928223,2.486006259918213,2.0
86,22,-16.4654598236084,241.89089965820312,1130.0
86,23,-1.9391337633132935,6.952725887298584,2.0
86,24,-2.1933491230010986,1.730373501777649,2.0
86,25,-35.5593376159668,25.34716796875,928.0
86,26,-2.1232104301452637,1.7002965211868286,2.0
86,27,-6.074899196624756,7.575857162475586,6.0
86,28,-6.369537830352783,2.484158515930176,4.0
86,29,-7.51417350769043,3.4985978603363037,2.0
86,30,-8.16992473602295,3.212765693664551,5.0
86,31,-5.62379789352417,16.641489028930664,20.0
86,32,-15.965679168701172,24.364709854125977,78.0
86,33,-2.0477397441864014,1.978976845741272,1.0
86,34,-7.956780910491943,7.3096489906311035,5.0
86,35,-6.0641279220581055,3.36297345161438,4.0
86,36,-3.124377965927124,1.8680135011672974,1.0
86,37,-1.76222562789917,1.422541618347168,1.0
86,38,-4.87299919128418,5.075033187866211,4.0
86,39,-18.280996322631836,21.048574447631836,30.0
86,40,-2.4256255626678467,1.833829402923584,2.0
86,41,-3.765920639038086,2.123751640319824,2.0
86,42,-16.663589477539062,8.028106689453125,67.0
86,43,-14.082677841186523,109.31414031982422,1769.0
86,44,-12.308469772338867,4.657872200012207,4.0
86,45,-6.273675918579102,8.094828605651855,3.0
86,46,-7.763625144958496,2.6391401290893555,4.0
86,47,-17.593719482421875,18.77050018310547,32.0
86,48,-14.445874214172363,1370.508544921875,1132.0
86,49,-10.9890718460083,15.599953651428223,28.0
86,50,-7.8177947998046875,7.060025691986084,10.0
86,51,-7.106876373291016,2.760103225708008,34.0
86,52,-10.610886573791504,3.251080274581909,87.0
86,53,-17.346908569335938,3.797631025314331,27.0
86,54,-7.039655685424805,10.449477195739746,11.0
86,55,-3.4948503971099854,2.3957889080047607,3.0
86,56,-3.1210174560546875,2.830176591873169,4.0
86,57,-9.399914741516113,6.553393363952637,58.0
86,58,-9.984198570251465,27.88436508178711,53.0
86,59,-9.2456693649292,2.1607868671417236,3.0
86,60,-4.720903396606445,2.196394681930542,3.0
86,61,-4.831500053405762,11.198165893554688,4.0
86,62,-5.887648582458496,18.988325119018555,4.0
86,63,-7.318724155426025,2.255093812942505,2.0
86,64,-27.557476043701172,15.732797622680664,469.0
86,65,-14.454856872558594,18.01079750061035,92.0
86,66,-6.986797332763672,2.0110960006713867,4.0
86,67,-9.52998161315918,6.726105690002441,40.0
86,68,-13.204038619995117,27.14002799987793,184.0
86,69,-1.072155237197876,1.1265144348144531,2.0
86,70,-2.6656363010406494,1.3054707050323486,2.0
86,71,-19.633190155029297,11.636524200439453,21.0
86,72,-4.790836334228516,2.222144365310669,4.0
86,73,-3.513596296310425,1.5514649152755737,1.0
86,74,-5.256309509277344,3.721315860748291,3.0
86,75,-3.6477694511413574,1.6838955879211426,2.0
86,76,-6.794936656951904,29.888338088989258,34.0
86,77,-12.314425468444824,7.7865986824035645,10.0
86,78,-11.935833930969238,53.4427604675293,294.0
86,79,-37.71828079223633,43.459442138671875,54.0
86,80,-11.260333061218262,3.4943525791168213,207.0
86,81,-13.684391975402832,9.783839225769043,333.0
86,82,-9.514896392822266,23.846370697021484,7.0
86,83,-7.897937774658203,4.852953910827637,7.0
86,84,-6.819586753845215,2.6491177082061768,7.0
86,85,-2.2654738426208496,1.5731732845306396,1.0
86,86,-8.006954193115234,2.070737600326538,14.0
86,87,-12.256014823913574,5.759549617767334,148.0
86,88,-14.548462867736816,7.991286754608154,879.0
86,89,-14.65140438079834,5.0933403968811035,207.0
86,90,-2.643305778503418,3.7496137619018555,2.0
86,91,-9.24372673034668,101.6833267211914,104.0
86,92,-22.15289878845215,15.944475173950195,681.0
86,93,-8.181842803955078,15.291252136230469,43.0
86,94,-7.937440395355225,1.9376063346862793,12.0
86,95,-15.99500846862793,206.78286743164062,95.0
86,96,-6.548186302185059,2.2671494483947754,4.0
86,97,-3.503777027130127,2.40114164352417,5.0
86,98,-1.8936854600906372,1.6054776906967163,1.0
86,99,-12.855578422546387,4.98756217956543,47.0
86,100,-5.143740653991699,3.6180498600006104,12.0
86,101,-21.29193687438965,6.928412914276123,66.0
86,102,-14.603982925415039,2.156810760498047,20.0
86,103,-15.64128303527832,2.2778351306915283,11.0
86,104,-3.208221912384033,2.913652181625366,4.0
86,105,-2.7192800045013428,3.8947908878326416,1.0
86,106,-10.388748168945312,3.6641392707824707,3.0
86,107,-7.890079498291016,3.7248005867004395,8.0
86,108,-0.4716818928718567,1.6026875972747803,1.0
86,109,-4.321794509887695,2.946000814437866,6.0
86,110,-11.567408561706543,2.622035026550293,4.0
86,111,-5.942523956298828,7.248838901519775,44.0
86,112,-18.559024810791016,14.172298431396484,22.0
86,113,-17.155359268188477,30.909751892089844,75.0
86,114,-9.608613014221191,3.945828437805176,5.0
86,115,-2.038778305053711,1.2542414665222168,2.0
86,116,-13.979969024658203,32.950035095214844,41.0
86,117,-9.261716842651367,10.12926959991455,11.0
86,118,-14.722358703613281,19.000625610351562,226.0
86,119,-7.043628692626953,4.090739727020264,5.0
86,120,-7.918497562408447,52.41793441772461,20.0
86,121,-26.445722579956055,18.885862350463867,10040.0
86,122,-6.878751754760742,9.903787612915039,16.0
86,123,-15.637853622436523,22.818477630615234,66.0
86,124,-9.047747611999512,3.098655939102173,90.0
86,125,-11.26774787902832,2.7852587699890137,6.0
86,126,-8.253181457519531,2.501824378967285,3.0
86,127,-7.462967872619629,2.291527509689331,4.0
86,128,-1.9697751998901367,1.4828338623046875,2.0
86,129,-11.012661933898926,3.007972002029419,55.0
86,130,-1.3131285905838013,1.5491548776626587,1.0
86,131,-2.8759522438049316,2.0523552894592285,1.0
86,132,-8.099513053894043,14.87731647491455,114.0
86,133,-7.816089153289795,7.057015895843506,4.0
86,134,-7.330002307891846,3.392838954925537,24.0
86,135,-5.659897327423096,4.11638069152832,14.0
86,136,-18.4072322845459,13.8682861328125,166.0
86,137,-8.789817810058594,9.002069473266602,16.0
86,138,-13.577356338500977,5.458475589752197,8.0
86,139,-12.212540626525879,7.655494213104248,240.0
86,140,-12.274007797241211,3.910943031311035,29.0
86,141,-22.532812118530273,25.00243377685547,362.0
86,142,-3.2688796520233154,2.973163366317749,5.0
86,143,-11.180630683898926,2.3632755279541016,65.0
86,144,-15.310104370117188,4.62284517288208,6.0
86,145,-16.954330444335938,16.873119354248047,129.0
86,146,-4.6371941566467285,4.691401481628418,3.0
86,147,-15.330855369567871,8.936305046081543,102.0
86,148,-9.010519027709961,3.0842695236206055,5.0
86,149,-10.303878784179688,7.8520588874816895,53.0
86,150,-12.141357421875,5.665978908538818,43.0
86,151,-9.270160675048828,10.150674819946289,229.0
86,152,-11.862454414367676,5.444665431976318,96.0
86,153,-8.215219497680664,3.932216167449951,4.0
86,154,-8.713565826416016,2.2081217765808105,5.0
86,155,-1.6361902952194214,1.7252928018569946,2.0
86,156,-12.022211074829102,11.072254180908203,9.0
86,157,-18.891151428222656,542.9680786132812,239.0
86,158,-12.05034351348877,4.509981155395508,80.0
86,159,-6.4657793045043945,3.6442694664001465,35.0
86,160,-20.562244415283203,13.069490432739258,49.0
88,0,-6.617537498474121,2.5737462043762207,10.0
88,1,-1.963064193725586,2.668541669845581,1.0
88,2,-3.6227328777313232,1.6778836250305176,2.0
88,3,-1.8917280435562134,1.4598673582077026,1.0
88,4,-12.255414962768555,21.4099063873291,179.0
88,5,-5.080914497375488,3.56166672706604,4.0
88,6,-18.056249618530273,4.502746105194092,16.0
88,7,-2.6243748664855957,2.3983755111694336,2.0
88,8,-4.58143949508667,3.1435723304748535,7.0
88,9,-9.356632232666016,1.865959644317627,4.0
88,10,-3.3926470279693604,2.3353497982025146,2.0
88,11,-4.8246259689331055,1.9921855926513672,8.0
88,12,-4.095399379730225,1.7950934171676636,5.0
88,13,-3.326117515563965,1.94492506980896,2.0
88,14,-8.212775230407715,7.792750358581543,70.0
88,15,-14.008289337158203,4.742083549499512,8.0
88,16,-12.704668998718262,69.0540542602539,160.0
88,17,-5.529140949249268,6.315752983093262,19.0
88,18,-6.32636833190918,3.544062614440918,9.0
88,19,-0.6931042075157166,1.1891944408416748,1.0
88,20,-12.380017280578613,4.699716091156006,359.0
88,21,-3.591510057449341,2.45438814163208,2.0
88,22,-16.398273468017578,236.53382873535156,1105.0
88,23,-1.9307522773742676,6.894694805145264,2.0
88,24,-2.219233989715576,1.741607427597046,2.0
88,25,-35.62471008300781,25.498254776000977,951.0
88,26,-2.120762348175049,1.699256181716919,2.0
88,27,-6.077292442321777,7.581902980804443,6.0
88,28,-6.340972900390625,2.4740421772003174,4.0
88,29,-7.497895240783691,3.489118814468384,2.0
88,30,-8.181344985961914,3.2180111408233643,4.0
88,31,-5.624887466430664,16.650558471679688,20.0
88,32,-15.945490837097168,24.266530990600586,78.0
88,33,-2.1039822101593018,2.016427516937256,1.0
88,34,-7.988905906677246,7.36859130859375,5.0
88,35,-6.0782976150512695,3.3725175857543945,4.0
88,36,-3.1620709896087646,1.88214910030365,1.0
88,37,-1.755819320678711,1.420720100402832,1.0
88,38,-4.905404090881348,5.130148887634277,4.0
88,39,-18.251813888549805,20.946447372436523,30.0
88,40,-2.42594575881958,1.8339762687683105,2.0
88,41,-3.724405288696289,2.1061909198760986,2.0
88,42,-16.7210636138916,8.085989952087402,67.0
88,43,-14.055689811706543,108.33516693115234,1747.0
88,44,-12.263607025146484,4.631824970245361,4.0
88,45,-6.218443393707275,7.9471588134765625,3.0
88,46,-7.708118438720703,2.620892286300659,4.0
88,47,-17.620450973510742,18.85431671142578,32.0
88,48,-14.452826499938965,1375.2808837890625,1132.0
88,49,-11.010612487792969,15.684188842773438,28.0
88,50,-7.764004230499268,6.9657206535339355,10.0
88,51,-6.871101379394531,2.6686851978302,31.0
88,52,-10.619155883789062,3.2540693283081055,89.0
88,53,-17.313732147216797,3.787951707839966,27.0
88,54,-7.06585693359375,10.541139602661133,11.0
88,55,-3.49507212638855,2.3959217071533203,3.0
88,56,-3.1924242973327637,2.8983492851257324,4.0
88,57,-9.491263389587402,6.674222469329834,60.0
88,58,-9.958186149597168,27.64362907409668,53.0
88,59,-9.24986743927002,2.1615428924560547,3.0
88,60,-4.708885192871094,2.1919994354248047,3.0
88,61,-4.796608924865723,11.004502296447754,4.0
88,62,-5.932730197906494,19.42119789123535,4.0
88,63,-7.345028877258301,2.2616944313049316,2.0
88,64,-27.58315658569336,15.7732515335083,467.0
88,65,-14.525473594665527,18.266971588134766,92.0
88,66,-7.0205583572387695,2.017896890640259,4.0
88,67,-9.572796821594238,6.78394889831543,40.0
88,68,-13.254852294921875,27.48699951171875,187.0
88,69,-1.086671233177185,1.1283329725265503,2.0
88,70,-2.5754685401916504,1.2937524318695068,2.0
88,71,-19.477558135986328,11.412335395812988,22.0
88,72,-4.787342548370361,2.220850944519043,4.0
88,73,-3.5451645851135254,1.5575990676879883,1.0
88,74,-5.262005805969238,3.726619005203247,3.0
88,75,-3.670175075531006,1.6892939805984497,3.0
88,76,-6.806639194488525,30.06373405456543,34.0
88,77,-12.28426742553711,7.747559070587158,10.0
88,78,-12.006059646606445,54.70854187011719,295.0
88,79,-37.823219299316406,43.91789627075195,58.0
88,80,-11.258615493774414,3.493685722351074,206.0
88,81,-13.698610305786133,9.807052612304688,328.0
88,82,-9.508153915405273,23.79283905029297,7.0
88,83,-7.820638179779053,4.778504848480225,8.0
88,84,-6.79041051864624,2.638099193572998,7.0
88,85,-2.2556471824645996,1.5700844526290894,1.0
88,86,-7.990306854248047,2.067606210708618,14.0
88,87,-12.29755687713623,5.793831825256348,141.0
88,88,-14.599689483642578,8.049983978271484,880.0
88,89,-14.564650535583496,5.0444793701171875,209.0
88,90,-2.632657051086426,3.7297027111053467,2.0
88,91,-9.27534008026123,103.30337524414062,108.0
88,92,-21.962669372558594,15.569808959960938,650.0
88,93,-8.175704956054688,15.25999927520752,43.0
88,94,-7.897341728210449,1.9311424493789673,11.0
88,95,-16.006189346313477,207.55499267578125,97.0
88,96,-6.530663013458252,2.2621889114379883,4.0
88,97,-3.57374906539917,2.443514347076416,5.0
88,98,-1.8720569610595703,1.5968201160430908,1.0
88,99,-12.848313331604004,4.983035087585449,46.0
88,100,-5.141059875488281,3.6156256198883057,12.0
88,101,-21.28157615661621,6.921888828277588,68.0
88,102,-14.52006721496582,2.147305965423584,19.0
88,103,-15.503195762634277,2.2613401412963867,11.0
88,104,-3.2161784172058105,2.9213900566101074,4.0
88,105,-2.7293615341186523,3.914473056793213,1.0
88,106,-10.412948608398438,3.6752405166625977,3.0
88,107,-7.9095611572265625,3.7369141578674316,8.0
88,108,-0.4674375653266907,1.5958995819091797,1.0
88,109,-4.362225532531738,2.9759292602539062,6.0
88,110,-11.575662612915039,2.6238389015197754,4.0
88,111,-5.919907093048096,7.194396018981934,42.0
88,112,-18.592098236083984,14.23941707611084,22.0
88,113,-17.15045928955078,30.879478454589844,72.0
88,114,-9.542488098144531,3.9087300300598145,4.0
88,115,-2.0768792629241943,1.259562373161316,2.0
88,116,-13.974747657775879,32.907047271728516,41.0
88,117,-9.232524871826172,10.055614471435547,11.0
88,118,-14.89807415008545,19.680233001708984,232.0
88,119,-7.068748474121094,4.111342906951904,5.0
88,120,-7.900921821594238,51.959312438964844,20.0
88,121,-26.386695861816406,18.762405395507812,9950.0
88,122,-6.862741470336914,9.851073265075684,16.0
88,123,-15.691511154174805,23.064678192138672,66.0
88,124,-8.994902610778809,3.0782549381256104,87.0
88,125,-11.158099174499512,2.7576329708099365,6.0
88,126,-8.22573184967041,2.4942054748535156,3.0
88,127,-7.397753715515137,2.2749831676483154,4.0
88,128,-1.9725403785705566,1.4836541414260864,2.0
88,129,-10.997803688049316,3.0035059452056885,55.0
88,130,-1.3033385276794434,1.5441076755523682,1.0
88,131,-2.8687515258789062,2.048664093017578,1.0
88,132,-8.110212326049805,14.930472373962402,115.0
88,133,-7.7835211753845215,6.999791622161865,3.0
88,134,-7.322910308837891,3.38883113861084,24.0
88,135,-5.665531158447266,4.122182846069336,14.0
88,136,-18.39693260192871,13.847896575927734,168.0
88,137,-8.80618953704834,9.038989067077637,16.0
88,138,-13.60840892791748,5.4797043800354,8.0
88,139,-12.172141075134277,7.604119300842285,241.0
88,140,-12.275310516357422,3.9115097522735596,30.0
88,141,-22.368152618408203,24.42116928100586,362.0
88,142,-3.2418155670166016,2.9464621543884277,5.0
88,143,-11.272969245910645,2.3801214694976807,66.0
88,144,-15.297158241271973,4.6168646812438965,6.0
88,145,-16.939376831054688,16.831119537353516,129.0
88,146,-4.685367584228516,4.767343044281006,3.0
88,147,-15.292946815490723,8.888041496276855,102.0
88,148,-9.015233993530273,3.086087942123413,5.0
88,149,-10.31460952758789,7.868929386138916,55.0
88,150,-12.105384826660156,5.636936187744141,43.0
88,151,-9.269076347351074,10.147923469543457,235.0
88,152,-11.917927742004395,5.487984657287598,98.0
88,153,-8.122991561889648,3.872235059738159,4.0
88,154,-8.658210754394531,2.197037935256958,5.0
88,155,-1.6198965311050415,1.7159477472305298,2.0
88,156,-11.972701072692871,10.963156700134277,9.0
88,157,-18.88766860961914,542.3380126953125,238.0
88,158,-12.112166404724121,4.544968605041504,81.0
88,159,-6.391947269439697,3.5908517837524414,33.0
88,160,-20.439464569091797,12.870438575744629,49.0
90,0,-6.622382640838623,2.575528144836426,10.0
90,1,-1.9225608110427856,2.6150426864624023,1.0
90,2,-3.683023691177368,1.6923975944519043,2.0
90,3,-1.9116857051849365,1.4657062292099,1.0
90,4,-12.3478364944458,21.910348892211914,185.0
90,5,-5.0704450607299805,3.5523569583892822,4.0
90,6,-17.926937103271484,4.454484939575195,15.0
90,7,-2.599308967590332,2.378419876098633,2.0
90,8,-4.589016914367676,3.1495330333709717,7.0
90,9,-9.307839393615723,1.8598997592926025,4.0
90,10,-3.2839341163635254,2.2727339267730713,2.0
90,11,-4.716928958892822,1.961769700050354,8.0
90,12,-4.1010355949401855,1.796539306640625,5.0
90,13,-3.3349270820617676,1.9483548402786255,2.0
90,14,-8.225062370300293,7.81672477722168,72.0
90,15,-13.996427536010742,4.735837459564209,8.0
90,16,-12.741365432739258,69.9039306640625,164.0
90,17,-5.580428123474121,6.424654006958008,19.0
90,18,-6.314086437225342,3.535367488861084,9.0
90,19,-0.6926954388618469,1.189072847366333,1.0
90,20,-12.295845985412598,4.6505279541015625,341.0
90,21,-3.602569580078125,2.461183786392212,2.0
90,22,-16.426956176757812,238.80616760253906,1109.0
90,23,-1.9281420707702637,6.8767218589782715,2.0
90,24,-2.20674729347229,1.736179232597351,2.0
90,25,-35.712581634521484,25.702756881713867,944.0
90,26,-2.110910654067993,1.6950761079788208,2.0
90,27,-6.1462249755859375,7.758131980895996,6.0
90,28,-6.309812068939209,2.4630532264709473,4.0
90,29,-7.422045707702637,3.4452884197235107,2.0
90,30,-8.16692066192627,3.2113871574401855,5.0
90,31,-5.645752429962158,16.82517433166504,20.0
90,32,-15.932796478271484,24.204999923706055,78.0
90,33,-2.0808424949645996,2.00093412399292,1.0
90,34,-7.941013336181641,7.2808918952941895,5.0
90,35,-6.003733158111572,3.322597026824951,4.0
90,36,-3.149487018585205,1.8774179220199585,1.0
90,37,-1.7318596839904785,1.4139283895492554,1.0
90,38,-4.858626842498779,5.050777912139893,4.0
90,39,-18.248077392578125,20.933408737182617,31.0
90,40,-2.4208414554595947,1.8316373825073242,2.0
90,41,-3.7606706619262695,2.121522903442383,2.0
90,42,-16.690393447875977,8.055049896240234,67.0
90,43,-14.033609390258789,107.5407485961914,1745.0
90,44,-12.321258544921875,4.6653242111206055,4.0
90,45,-6.256863594055176,8.049590110778809,3.0
90,46,-7.684704303741455,2.6132326126098633,4.0
90,47,-17.620615005493164,18.854833602905273,32.0
90,48,-14.446683883666992,1371.0633544921875,1138.0
90,49,-10.944730758666992,15.427980422973633,28.0
90,50,-7.755204200744629,6.950412750244141,10.0
90,51,-6.9518561363220215,2.699650526046753,32.0
90,52,-10.572290420532227,3.237168312072754,87.0
90,53,-17.414520263671875,3.817434072494507,27.0
90,54,-7.1451311111450195,10.82339859008789,11.0
90,55,-3.4837448596954346,2.389146566390991,3.0
90,56,-3.1927099227905273,2.898625612258911,4.0
90,57,-9.38448715209961,6.533203601837158,57.0
90,58,-9.939138412475586,27.468673706054688,53.0
90,59,-9.291794776916504,2.1691086292266846,3.0
90,60,-4.724969863891602,2.1978838443756104,3.0
90,61,-4.780074119567871,10.913898468017578,4.0
90,62,-5.923113822937012,19.328039169311523,4.0
90,63,-7.334109306335449,2.2589521408081055,2.0
90,64,-27.57118797302246,15.75438404083252,468.0
90,65,-14.393908500671387,17.792585372924805,90.0
90,66,-6.989426612854004,2.011624813079834,4.0
90,67,-9.527974128723145,6.723405838012695,40.0
90,68,-13.232864379882812,27.33631706237793,182.0
90,69,-1.0683854818344116,1.1260427236557007,2.0
90,70,-2.6133623123168945,1.2986642122268677,2.0
90,71,-19.527759552001953,11.484174728393555,21.0
90,72,-4.780269622802734,2.2182345390319824,4.0
90,73,-3.531571865081787,1.5549548864364624,1.0
90,74,-5.2237749099731445,3.6911709308624268,3.0
90,75,-3.5631959438323975,1.6636732816696167,2.0
90,76,-6.8074235916137695,30.07552719116211,34.0
90,77,-12.275715827941895,7.73652458190918,10.0
90,78,-11.915009498596191,53.07308578491211,292.0
90,79,-37.68175506591797,43.300994873046875,53.0
90,80,-11.347460746765137,3.5283451080322266,208.0
90,81,-13.7410306930542,9.87663459777832,351.0
90,82,-9.502166748046875,23.745403289794922,7.0
90,83,-7.8166327476501465,4.7746782302856445,7.0
90,84,-6.823433876037598,2.650573968887329,7.0
90,85,-2.2711102962493896,1.574947714805603,1.0
90,86,-7.994635581970215,2.068419933319092,14.0
90,87,-12.231990814208984,5.739816665649414,140.0
90,88,-14.532111167907715,7.972642421722412,884.0
90,89,-14.542755126953125,5.032222270965576,209.0
90,90,-2.6229429244995117,3.7116312980651855,1.0
90,91,-9.24891185760498,101.9472885131836,106.0
90,92,-22.162229537963867,15.963082313537598,685.0
90,93,-8.152656555175781,15.143208503723145,42.0
90,94,-7.95443058013916,1.9403517246246338,12.0
90,95,-15.98381519317627,206.0128631591797,95.0
90,96,-6.468510150909424,2.2446818351745605,4.0
90,97,-3.53127384185791,2.4177043437957764,5.0
90,98,-1.8657946586608887,1.5943220853805542,1.0
90,99,-12.835428237915039,4.975015640258789,46.0
90,100,-5.131568908691406,3.6070570945739746,12.0
90,101,-21.40485954284668,6.999903202056885,76.0
90,102,-14.449307441711426,2.1393239498138428,20.0
90,103,-15.459325790405273,2.25612473487854,11.0
90,104,-3.226687431335449,2.9316413402557373,4.0
90,105,-2.767882823944092,3.9905993938446045,1.0
90,106,-10.479192733764648,3.7057995796203613,3.0
90,107,-7.870025634765625,3.712371349334717,8.0
90,108,-0.4761922061443329,1.60993230342865,1.0
90,109,-4.32977819442749,2.9518866539001465,6.0
90,110,-11.570624351501465,2.6227376461029053,4.0
90,111,-5.924604415893555,7.20566987991333,40.0
90,112,-18.579505920410156,14.213825225830078,22.0
90,113,-17.18394660949707,31.086986541748047,76.0
90,114,-9.633216857910156,3.9597220420837402,4.0
90,115,-2.0538763999938965,1.2563472986221313,2.0
90,116,-13.897275924682617,32.275840759277344,41.0
90,117,-9.284181594848633,10.186317443847656,11.0
90,118,-14.776870727539062,19.20890998840332,231.0
90,119,-7.059503555297852,4.103748321533203,5.0
90,120,-7.9119133949279785,52.24565124511719,20.0
90,121,-26.584503173828125,19.179338455200195,10208.0
90,122,-6.904577255249023,9.989413261413574,16.0
90,123,-15.65442180633545,22.89421844482422,66.0
90,124,-9.002673149108887,3.0812461376190186,90.0
90,125,-11.204277038574219,2.7692339420318604,6.0
90,126,-8.226042747497559,2.4942915439605713,3.0
90,127,-7.419846057891846,2.2805745601654053,4.0
90,128,-1.9594759941101074,1.4797825813293457,2.0
90,129,-11.139427185058594,3.0463457107543945,64.0
90,130,-1.3320338726043701,1.5589481592178345,1.0
90,131,-2.862715005874634,2.04557466506958,1.0
90,132,-8.100839614868164,14.88389778137207,115.0
90,133,-7.76913595199585,6.974662780761719,4.0
90,134,-7.3162126541137695,3.3850505352020264,24.0
90,135,-5.631013870239258,4.086764335632324,14.0
90,136,-18.504619598388672,14.062575340270996,179.0
90,137,-8.859360694885254,9.159944534301758,16.0
90,138,-13.520315170288086,5.419694423675537,8.0
90,139,-12.210826873779297,7.6533074378967285,246.0
90,140,-12.270991325378418,3.909632921218872,27.0
90,141,-22.40694236755371,24.55687713623047,358.0
90,142,-3.2700202465057373,2.9742939472198486,5.0
90,143,-11.1680269241333,2.360985279083252,65.0
90,144,-15.310406684875488,4.622985363006592,6.0
90,145,-16.924392700195312,16.789138793945312,127.0
90,146,-4.640527725219727,4.696617603302002,3.0
90,147,-15.29180908203125,8.8865966796875,101.0
90,148,-9.000601768493652,3.0804483890533447,5.0
90,149,-10.296854019165039,7.841034412384033,54.0
90,150,-12.146212577819824,5.669909954071045,44.0
90,151,-9.271024703979492,10.152867317199707,231.0
90,152,-11.85799503326416,5.441197872161865,98.0
90,153,-8.066356658935547,3.8358566761016846,4.0
90,154,-8.65932846069336,2.197261095046997,5.0
90,155,-1.6489226818084717,1.732630729675293,2.0
90,156,-11.971692085266113,10.960943222045898,8.0
90,157,-18.949384689331055,553.6106567382812,241.0
90,158,-12.049616813659668,4.509571075439453,81.0
90,159,-6.432961463928223,3.6204278469085693,35.0
90,160,-20.595510482788086,13.123950004577637,49.0
92,0,-6.630413055419922,2.5784847736358643,10.0
92,1,-1.973698616027832,2.6827688217163086,1.0
92,2,-3.6657872200012207,1.6882355213165283,2.0
92,3,-1.9004496335983276,1.4624160528182983,1.0
92,4,-12.403993606567383,22.220123291015625,190.0
92,5,-5.04432487487793,3.529235363006592,4.0
92,6,-17.96276092529297,4.46780252456665,14.0
92,7,-2.5696661472320557,2.355034589767456,2.0
92,8,-4.5614705085754395,3.127917766571045,7.0
92,9,-9.306987762451172,1.85979425907135,4.0
92,10,-3.411628007888794,2.3464579582214355,2.0
92,11,-4.763801574707031,1.9749499559402466,8.0
92,12,-4.1174092292785645,1.8007465600967407,5.0
92,13,-3.3496694564819336,1.9541081190109253,2.0
92,14,-8.215999603271484,7.799034118652344,71.0
92,15,-13.927322387695312,4.699613571166992,8.0
92,16,-12.70553207397461,69.07393646240234,158.0
92,17,-5.580104827880859,6.423961639404297,19.0
92,18,-6.342273235321045,3.555354118347168,10.0
92,19,-0.6782187223434448,1.1847771406173706,1.0
92,20,-12.31429672241211,4.661266326904297,353.0
92,21,-3.540318489074707,2.4231772422790527,2.0
92,22,-16.38528060913086,235.51158142089844,1102.0
92,23,-1.9141038656234741,6.78085994720459,2.0
92,24,-2.2147929668426514,1.7396748065948486,2.0
92,25,-35.69474792480469,25.661121368408203,944.0
92,26,-2.1224756240844727,1.699984073638916,2.0
92,27,-6.074429035186768,7.5746684074401855,6.0
92,28,-6.3563761711120605,2.4794921875,4.0
92,29,-7.506905555725098,3.4943625926971436,2.0
92,30,-8.142654418945312,3.2002739906311035,5.0
92,31,-5.637022018432617,16.751888275146484,20.0
92,32,-15.947137832641602,24.27452850341797,78.0
92,33,-2.0756676197052,1.9974857568740845,1.0
92,34,-7.97977352142334,7.3517866134643555,5.0
92,35,-6.006322860717773,3.3243181705474854,4.0
92,36,-3.1619338989257812,1.8820973634719849,1.0
92,37,-1.7353154420852661,1.4149060249328613,1.0
92,38,-4.840877056121826,5.02098274230957,4.0
92,39,-18.262418746948242,20.983501434326172,30.0
92,40,-2.406646728515625,1.8251491785049438,2.0
92,41,-3.7517402172088623,2.117737054824829,2.0
92,42,-16.662620544433594,8.02713394165039,67.0
92,43,-14.153776168823242,111.93580627441406,1824.0
92,44,-12.371217727661133,4.694549560546875,4.0
92,45,-6.21934175491333,7.9495391845703125,3.0
92,46,-7.7044267654418945,2.619683027267456,4.0
92,47,-17.6455020904541,18.93320083618164,34.0
92,48,-14.49838638305664,1406.96923828125,1132.0
92,49,-11.004834175109863,15.661548614501953,28.0
92,50,-7.779386520385742,6.992559909820557,10.0
92,51,-6.973130226135254,2.7078676223754883,32.0
92,52,-10.663360595703125,3.2700908184051514,88.0
92,53,-17.303075790405273,3.784848213195801,27.0
92,54,-7.174258232116699,10.928996086120605,11.0
92,55,-3.4901351928710938,2.3929665088653564,3.0
92,56,-3.187263011932373,2.893367290496826,4.0
92,57,-9.408475875854492,6.564623832702637,59.0
92,58,-9.99067497253418,27.944629669189453,53.0
92,59,-9.243916511535645,2.1604714393615723,3.0
92,60,-4.68503475189209,2.1833038330078125,3.0
92,61,-4.8628106117248535,11.374855995178223,4.0
92,62,-5.920368194580078,19.301525115966797,4.0
92,63,-7.339727401733398,2.2603626251220703,2.0
92,64,-27.568552017211914,15.750234603881836,467.0
92,65,-14.431329727172852,17.92624855041504,90.0
92,66,-6.889761924743652,1.9916752576828003,4.0
92,67,-9.550857543945312,6.754247188568115,40.0
92,68,-13.30050277709961,27.802492141723633,185.0
92,69,-1.082283616065979,1.1277830600738525,2.0
92,70,-2.6008658409118652,1.2970423698425293,1.0
92,71,-19.497684478759766,11.441082000732422,21.0
92,72,-4.790211200714111,2.2219130992889404,4.0
92,73,-3.492680311203003,1.5474138259887695,1.0
92,74,-5.259952068328857,3.7247064113616943,3.0
92,75,-3.587325096130371,1.6694178581237793,2.0
92,76,-6.803249835968018,30.01283073425293,34.0
92,77,-12.321331024169922,7.795567035675049,10.0
92,78,-11.975212097167969,54.14888381958008,291.0
92,79,-37.693843841552734,43.35336685180664,56.0
92,80,-11.291751861572266,3.506572723388672,206.0
92,81,-13.683239936828613,9.781961441040039,336.0
92,82,-9.493059158325195,23.673425674438477,7.0
92,83,-7.875742435455322,4.831458568572998,7.0
92,84,-6.896841049194336,2.678516387939453,7.0
92,85,-2.256614923477173,1.5703883171081543,1.0
92,86,-7.952373504638672,2.06048846244812,14.0
92,87,-12.248446464538574,5.753325939178467,141.0
92,88,-14.608346939086914,8.059945106506348,888.0
92,89,-14.752632141113281,5.150951385498047,210.0
92,90,-2.6841342449188232,3.826946258544922,2.0
92,91,-9.280638694763184,103.5774154663086,108.0
92,92,-22.316726684570312,16.27436065673828,653.0
92,93,-8.165851593017578,15.2099609375,43.0
92,94,-7.948086738586426,1.9393261671066284,12.0
92,95,-15.955257415771484,204.06100463867188,95.0
92,96,-6.559508323669434,2.270360231399536,4.0
92,97,-3.5352699756622314,2.42012095451355,5.0
92,98,-1.873461365699768,1.5973808765411377,1.0
92,99,-12.784419059753418,4.943395137786865,46.0
92,100,-5.118893623352051,3.595644950866699,12.0
92,101,-21.3222599029541,6.947537899017334,68.0
92,102,-14.381128311157227,2.1316609382629395,19.0
92,103,-15.602323532104492,2.2731690406799316,11.0
92,104,-3.2152695655822754,2.9205048084259033,4.0
92,105,-2.740720272064209,3.936768054962158,1.0
92,106,-10.423956871032715,3.6803011894226074,3.0
92,107,-7.9073896408081055,3.7355618476867676,8.0
92,108,-0.4734622538089752,1.6055433750152588,1.0
92,109,-4.413487434387207,3.014312744140625,6.0
92,110,-11.429604530334473,2.5920965671539307,4.0
92,111,-5.899504661560059,7.145634651184082,39.0
92,112,-18.59514617919922,14.245621681213379,22.0
92,113,-17.15216064453125,30.88998794555664,74.0
92,114,-9.553461074829102,3.9148623943328857,5.0
92,115,-2.0301122665405273,1.2530343532562256,2.0
92,116,-13.958325386047363,32.77222442626953,41.0
92,117,-9.259727478027344,10.12423324584961,11.0
92,118,-14.900740623474121,19.690731048583984,238.0
92,119,-6.949101448059082,4.014129161834717,5.0
92,120,-7.896509170532227,51.84479904174805,20.0
92,121,-26.465072631835938,18.926511764526367,9861.0
92,122,-6.872167110443115,9.882073402404785,16.0
92,123,-15.68474006652832,23.033464431762695,65.0
92,124,-8.985435485839844,3.0746142864227295,84.0
92,125,-11.20410442352295,2.7691900730133057,6.0
92,126,-8.298284530639648,2.5143935680389404,3.0
92,127,-7.383581161499023,2.2714035511016846,4.0
92,128,-1.9324951171875,1.4718189239501953,2.0
92,129,-11.094443321228027,3.032672882080078,59.0
92,130,-1.3042032718658447,1.5445528030395508,1.0
92,131,-2.881110668182373,2.0550036430358887,1.0
92,132,-8.104369163513184,14.901416778564453,115.0
92,133,-7.861111640930176,7.136895656585693,4.0
92,134,-7.3050947189331055,3.378783702850342,24.0
92,135,-5.661293983459473,4.117818355560303,14.0
92,136,-18.510847091674805,14.075093269348145,174.0
92,137,-8.876829147338867,9.200035095214844,16.0
92,138,-13.628026962280273,5.493157863616943,8.0
92,139,-12.204419136047363,7.645137786865234,243.0
92,140,-12.252099990844727,3.901435136795044,31.0
92,141,-22.322994232177734,24.264131546020508,359.0
92,142,-3.281446695327759,2.9856443405151367,5.0
92,143,-11.292139053344727,2.383633613586426,66.0
92,144,-15.245631217956543,4.593136787414551,6.0
92,145,-17.027599334716797,17.080429077148438,137.0
92,146,-4.659297466278076,4.7260942459106445,3.0
92,147,-15.345728874206543,8.95531177520752,104.0
92,148,-9.032224655151367,3.092649221420288,5.0
92,149,-10.300308227539062,7.846453666687012,54.0
92,150,-12.124210357666016,5.652116298675537,44.0
92,151,-9.26148509979248,10.128683090209961,234.0
92,152,-11.890832901000977,5.46678352355957,97.0
92,153,-8.118568420410156,3.8693814277648926,4.0
92,154,-8.642946243286133,2.193991184234619,5.0
92,155,-1.6717312335968018,1.7458539009094238,2.0
92,156,-12.082304000854492,11.206128120422363,9.0
92,157,-18.920873641967773,548.3740844726562,234.0
92,158,-12.039163589477539,4.503682613372803,80.0
92,159,-6.4640793800354,3.643030881881714,35.0
92,160,-20.471946716308594,12.922801971435547,49.0
94,0,-6.585311412811279,2.561924457550049,10.0
94,1,-1.9191250801086426,2.6105544567108154,1.0
94,2,-3.733593225479126,1.7046680450439453,2.0
94,3,-1.9090620279312134,1.4649372100830078,1.0
94,4,-12.373832702636719,22.053211212158203,190.0
94,5,-5.0505499839782715,3.534731864929199,4.0
94,6,-17.884296417236328,4.438684463500977,15.0
94,7,-2.5864274501800537,2.3682291507720947,2.0
94,8,-4.601073265075684,3.1590402126312256,7.0
94,9,-9.323688507080078,1.8618659973144531,4.0
94,10,-3.3927228450775146,2.3353941440582275,2.0
94,11,-4.745696067810059,1.969848394393921,8.0
94,12,-4.118965148925781,1.8011468648910522,5.0
94,13,-3.330368757247925,1.9465794563293457,2.0
94,14,-8.259285926818848,7.883890628814697,72.0
94,15,-14.0460205078125,4.762005805969238,8.0
94,16,-12.703380584716797,69.02442169189453,160.0
94,17,-5.557699680328369,6.376163482666016,19.0
94,18,-6.372935771942139,3.5772242546081543,11.0
94,19,-0.6790562868118286,1.1850252151489258,1.0
94,20,-12.31241226196289,4.660168170928955,349.0
94,21,-3.6214404106140137,2.472822427749634,2.0
94,22,-16.435100555419922,239.45530700683594,1122.0
94,23,-1.9382059574127197,6.946278095245361,2.0
94,24,-2.22941517829895,1.7460460662841797,2.0
94,25,-35.63438034057617,25.520679473876953,939.0
94,26,-2.1000657081604004,1.6904865503311157,2.0
94,27,-6.042136192321777,7.493570804595947,6.0
94,28,-6.345059871673584,2.475486993789673,4.0
94,29,-7.456110000610352,3.4649040699005127,2.0
94,30,-8.108796119689941,3.1848316192626953,5.0
94,31,-5.629533290863037,16.689281463623047,20.0
94,32,-15.90283203125,24.060375213623047,78.0
94,33,-2.0466971397399902,1.9782891273498535,1.0
94,34,-7.9666829109191895,7.327766418457031,5.0
94,35,-6.003381729125977,3.3223631381988525,4.0
94,36,-3.1569464206695557,1.880220890045166,1.0
94,37,-1.7382878065109253,1.4157472848892212,1.0
94,38,-4.841249942779541,5.021606922149658,4.0
94,39,-18.32647705078125,21.208728790283203,30.0
94,40,-2.3946452140808105,1.819681167602539,2.0
94,41,-3.777498245239258,2.1286749839782715,2.0
94,42,-16.637706756591797,8.002174377441406,65.0
94,43,-14.016743659973145,106.93785858154297,1738.0
94,44,-12.371454238891602,4.694688320159912,4.0
94,45,-6.185373306274414,7.860036373138428,3.0
94,46,-7.695470333099365,2.6167519092559814,4.0
94,47,-17.691631317138672,19.07932472229004,34.0
94,48,-14.435468673706055,1363.3966064453125,1112.0
94,49,-11.033353805541992,15.773612022399902,29.0
94,50,-7.722313404083252,6.893496036529541,10.0
94,51,-7.02409029006958,2.7276527881622314,34.0
94,52,-10.728548049926758,3.2938625812530518,87.0
94,53,-17.3403377532959,3.7957119941711426,27.0
94,54,-7.102185249328613,10.669563293457031,11.0
94,55,-3.4945483207702637,2.3956079483032227,3.0
94,56,-3.165323495864868,2.8722848892211914,4.0
94,57,-9.429977416992188,6.592914581298828,57.0
94,58,-9.951828002929688,27.585107803344727,53.0
94,59,-9.266782760620117,2.1645920276641846,3.0
94,60,-4.73783540725708,2.202601671218872,3.0
94,61,-4.826333045959473,11.169272422790527,4.0
94,62,-5.909443378448486,19.196380615234375,4.0
94,63,-7.309177398681641,2.2527029514312744,2.0
94,64,-27.563549041748047,15.742354393005371,474.0
94,65,-14.410554885864258,17.851919174194336,91.0
94,66,-6.999276161193848,2.0136070251464844,4.0
94,67,-9.557811737060547,6.76364803314209,39.0
94,68,-13.255816459655762,27.49362564086914,185.0
94,69,-1.0743324756622314,1.1267870664596558,2.0
94,70,-2.6592440605163574,1.3046364784240723,2.0
94,71,-19.611047744750977,11.604360580444336,22.0
94,72,-4.789323806762695,2.2215843200683594,4.0
94,73,-3.491283893585205,1.5471436977386475,1.0
94,74,-5.270027160644531,3.7340996265411377,3.0
94,75,-3.5733351707458496,1.666084885597229,3.0
94,76,-6.766377925872803,29.464582443237305,33.0
94,77,-12.365489959716797,7.853152275085449,10.0
94,78,-11.917155265808105,53.111061096191406,292.0
94,79,-37.734642028808594,43.530601501464844,55.0
94,80,-11.308990478515625,3.5132954120635986,207.0
94,81,-13.796748161315918,9.968778610229492,351.0
94,82,-9.497099876403809,23.705331802368164,7.0
94,83,-7.7862138748168945,4.745718479156494,7.0
94,84,-6.824540615081787,2.6509933471679688,7.0
94,85,-2.245293378829956,1.5668365955352783,1.0
94,86,-7.962288856506348,2.0623466968536377,14.0
94,87,-12.278668403625488,5.778218746185303,139.0
94,88,-14.61436939239502,8.066883087158203,880.0
94,89,-14.62753677368164,5.079850196838379,212.0
94,90,-2.6176507472991943,3.7018227577209473,2.0
94,91,-9.209356307983398,99.9508056640625,106.0
94,92,-22.15304183959961,15.944759368896484,674.0
94,93,-8.173751831054688,15.250065803527832,43.0
94,94,-7.946761131286621,1.9391119480133057,12.0
94,95,-16.035673141479492,209.6049041748047,95.0
94,96,-6.513545036315918,2.2573535442352295,4.0
94,97,-3.5476508140563965,2.4276232719421387,5.0
94,98,-1.8572394847869873,1.5909159183502197,1.0
94,99,-12.920804977416992,5.028393745422363,46.0
94,100,-5.163651466369629,3.636104106903076,12.0
94,101,-21.350797653198242,6.965585708618164,66.0
94,102,-14.590404510498047,2.1552700996398926,19.0
94,103,-15.386606216430664,2.2475063800811768,11.0
94,104,-3.205414295196533,2.910926580429077,4.0
94,105,-2.721102237701416,3.898341178894043,1.0
94,106,-10.471031188964844,3.7020211219787598,3.0
94,107,-7.871163845062256,3.713076114654541,8.0
94,108,-0.4754403531551361,1.608722448348999,1.0
94,109,-4.37318229675293,2.9840922355651855,6.0
94,110,-11.47560977935791,2.602053165435791,4.0
94,111,-5.920102596282959,7.194864749908447,44.0
94,112,-18.508333206176758,14.070036888122559,22.0
94,113,-17.189485549926758,31.12144660949707,72.0
94,114,-9.562291145324707,3.9198036193847656,4.0
94,115,-1.9934709072113037,1.2479431629180908,2.0
94,116,-13.981409072875977,32.96189880371094,41.0
94,117,-9.194921493530273,9.961525917053223,11.0
94,118,-14.861030578613281,19.534969329833984,234.0
94,119,-7.027143478393555,4.077274322509766,5.0
94,120,-7.9318437576293945,52.76889419555664,20.0
94,121,-26.456396102905273,18.90827178955078,9937.0
94,122,-6.883304595947266,9.918828010559082,16.0
94,123,-15.62791919708252,22.773189544677734,65.0
94,124,-9.037615776062012,3.094733953475952,85.0
94,125,-11.21562671661377,2.772092342376709,6.0
94,126,-8.267032623291016,2.5056777000427246,3.0
94,127,-7.3999104499816895,2.2755284309387207,4.0
94,128,-1.9649406671524048,1.4814008474349976,2.0
94,129,-11.059776306152344,3.0221776962280273,57.0
94,130,-1.3166753053665161,1.5509874820709229,1.0
94,131,-2.865915060043335,2.0472118854522705,1.0
94,132,-8.077703475952148,14.769553184509277,115.0
94,133,-7.887775421142578,7.184628963470459,4.0
94,134,-7.283700942993164,3.36675763130188,23.0
94,135,-5.653151512145996,4.109444618225098,14.0
94,136,-18.500429153442383,14.054159164428711,174.0
94,137,-8.825362205505371,9.082418441772461,16.0
94,138,-13.578012466430664,5.45892333984375,8.0
94,139,-12.167946815490723,7.5988054275512695,243.0
94,140,-12.282913208007812,3.9148151874542236,27.0
94,141,-22.46222496032715,24.751577377319336,361.0
94,142,-3.2885959148406982,2.992767810821533,5.0
94,143,-11.20448112487793,2.367615222930908,65.0
94,144,-15.329696655273438,4.631911754608154,6.0
94,145,-16.985246658325195,16.960285186767578,129.0
94,146,-4.659118175506592,4.725811958312988,3.0
94,147,-15.335424423217773,8.942139625549316,102.0
94,148,-9.015470504760742,3.086179256439209,5.0
94,149,-10.272218704223633,7.802497386932373,54.0
94,150,-12.130928039550781,5.657542705535889,43.0
94,151,-9.220255851745605,10.024819374084473,227.0
94,152,-11.903159141540527,5.4764180183410645,97.0
94,153,-8.165597915649414,3.8998301029205322,4.0
94,154,-8.741371154785156,2.2137105464935303,5.0
94,155,-1.6569103002548218,1.7372500896453857,2.0
94,156,-11.984119415283203,10.988221168518066,9.0
94,157,-18.868852615356445,538.9472045898438,238.0
94,158,-12.053108215332031,4.511539936065674,80.0
94,159,-6.463705062866211,3.6427576541900635,35.0
94,160,-20.564308166503906,13.07286262512207,49.0
96,0,-6.619178295135498,2.5743494033813477,10.0
96,1,-1.9251365661621094,2.618412733078003,1.0
96,2,-3.662598133087158,1.6874665021896362,2.0
96,3,-1.8932029008865356,1.4602980613708496,1.0
96,4,-12.35151481628418,21.93050765991211,194.0
96,5,-5.054741859436035,3.538438320159912,4.0
96,6,-17.857765197753906,4.428882122039795,14.0
96,7,-2.609571933746338,2.386570453643799,2.0
96,8,-4.606233596801758,3.163118362426758,7.0
96,9,-9.426932334899902,1.874725341796875,4.0
96,10,-3.3818228244781494,2.3290388584136963,2.0
96,11,-4.675773620605469,1.9502696990966797,8.0
96,12,-4.12522554397583,1.8027583360671997,5.0
96,13,-3.3270885944366455,1.9453028440475464,2.0
96,14,-8.173550605773926,7.716706275939941,71.0
96,15,-14.038036346435547,4.757782936096191,8.0
96,16,-12.638923645019531,67.55718994140625,161.0
96,17,-5.573068141937256,6.408911228179932,19.0
96,18,-6.292263031005859,3.519970417022705,9.0
96,19,-0.6839816570281982,1.1864852905273438,1.0
96,20,-12.326499938964844,4.668381690979004,343.0
96,21,-3.5537662506103516,2.431337594985962,2.0
96,22,-16.39711570739746,236.4425811767578,1116.0
96,23,-1.927182674407959,6.8701276779174805,2.0
96,24,-2.1802048683166504,1.7246966361999512,2.0
96,25,-35.56016540527344,25.349077224731445,939.0
96,26,-2.119687080383301,1.69879949092865,2.0
96,27,-6.1328959465026855,7.7237396240234375,6.0
96,28,-6.30100154876709,2.4599549770355225,4.0
96,29,-7.446794509887695,3.459528923034668,2.0
96,30,-8.137279510498047,3.19781756401062,4.0
96,31,-5.664112091064453,16.980337142944336,20.0
96,32,-15.943780899047852,24.258235931396484,78.0
96,33,-2.1012284755706787,2.0145773887634277,1.0
96,34,-8.00211238861084,7.392959117889404,5.0
96,35,-5.9994001388549805,3.319718599319458,4.0
96,36,-3.16083025932312,1.8816819190979004,1.0
96,37,-1.7632496356964111,1.42283296585083,1.0
96,38,-4.904877662658691,5.12924861907959,4.0
96,39,-18.26723861694336,21.0003604888916,30.0
96,40,-2.4072115421295166,1.825406789779663,2.0
96,41,-3.7005224227905273,2.0961546897888184,2.0
96,42,-16.654699325561523,8.019189834594727,67.0
96,43,-14.034283638000488,107.56490325927734,1739.0
96,44,-12.324190139770508,4.667034149169922,4.0
96,45,-6.267810344696045,8.07901668548584,3.0
96,46,-7.641687870025635,2.5992188453674316,4.0
96,47,-17.614688873291016,18.836217880249023,32.0
96,48,-14.479144096374512,1393.4974365234375,1144.0
96,49,-10.965582847595215,15.50861644744873,28.0
96,50,-7.792081356048584,7.014787197113037,10.0
96,51,-6.971590518951416,2.7072720527648926,32.0
96,52,-10.612668991088867,3.2517244815826416,87.0
96,53,-17.285085678100586,3.7796144485473633,26.0
96,54,-7.0367512702941895,10.439364433288574,11.0
96,55,-3.484280586242676,2.3894665241241455,3.0
96,56,-3.152977466583252,2.8604886531829834,4.0
96,57,-9.47349739074707,6.650549411773682,59.0
96,58,-9.989601135253906,27.934629440307617,53.0
96,59,-9.245268821716309,2.160714864730835,3.0
96,60,-4.71196985244751,2.193126916885376,3.0
96,61,-4.78230094909668,10.926057815551758,4.0
96,62,-5.988412857055664,19.969505310058594,4.0
96,63,-7.3400678634643555,2.2604482173919678,2.0
96,64,-27.577106475830078,15.763713836669922,477.0
96,65,-14.446956634521484,17.982362747192383,90.0
96,66,-6.996950149536133,2.01313853263855,4.0
96,67,-9.476617813110352,6.654700756072998,38.0
96,68,-13.271188735961914,27.5994873046875,184.0
96,69,-1.0605520009994507,1.1250630617141724,2.0
96,70,-2.7018017768859863,1.3102004528045654,2.0
96,71,-19.567626953125,11.541547775268555,21.0
96,72,-4.75460147857666,2.2087650299072266,4.0
96,73,-3.52254056930542,1.553200364112854,1.0
96,74,-5.216589450836182,3.6845459938049316,3.0
96,75,-3.6496989727020264,1.6843599081039429,3.0
96,76,-6.842119216918945,30.601823806762695,34.0
96,77,-12.26890754699707,7.727751731872559,10.0
96,78,-11.990592956542969,54.427215576171875,291.0
96,79,-37.58949279785156,42.9033203125,53.0
96,80,-11.253083229064941,3.4915390014648438,202.0
96,81,-13.802452087402344,9.978259086608887,346.0
96,82,-9.461587905883789,23.426380157470703,7.0
96,83,-7.88049840927124,4.836056709289551,7.0
96,84,-6.900097370147705,2.679762601852417,7.0
96,85,-2.2806551456451416,1.5779571533203125,1.0
96,86,-7.9962968826293945,2.068732500076294,14.0
96,87,-12.192708969116211,5.707696914672852,140.0
96,88,-14.59560775756836,8.045289993286133,877.0
96,89,-14.58846378326416,5.057844638824463,214.0
96,90,-2.664734125137329,3.790003776550293,2.0
96,91,-9.17711067199707,98.35224151611328,102.0
96,92,-22.258625030517578,16.156593322753906,677.0
96,93,-8.13772964477539,15.068050384521484,43.0
96,94,-7.982130527496338,1.9448356628417969,12.0
96,95,-16.067398071289062,211.83322143554688,97.0
96,96,-6.554482460021973,2.2689342498779297,4.0
96,97,-3.598881721496582,2.4589154720306396,5.0
96,98,-1.8387385606765747,1.5835745334625244,1.0
96,99,-12.860519409179688,4.9906439781188965,46.0
96,100,-5.139708042144775,3.6144039630889893,12.0
96,101,-21.448291778564453,7.027596473693848,75.0
96,102,-14.39120101928711,2.132791519165039,19.0
96,103,-15.509817123413086,2.2621283531188965,11.0
96,104,-3.2051117420196533,2.910632848739624,4.0
96,105,-2.7226643562316895,3.9013869762420654,1.0
96,106,-10.479804992675781,3.7060835361480713,3.0
96,107,-7.90265417098999,3.732614517211914,9.0
96,108,-0.4708162546157837,1.601300835609436,1.0
96,109,-4.338777542114258,2.9585354328155518,6.0
96,110,-11.52590560913086,2.6129822731018066,4.0
96,111,-5.917679786682129,7.189056396484375,42.0
96,112,-18.64488983154297,14.347211837768555,22.0
96,113,-17.17096710205078,31.006393432617188,71.0
96,114,-9.533466339111328,3.903695821762085,4.0
96,115,-2.0309906005859375,1.2531566619873047,2.0
96,116,-13.92566967010498,32.505760192871094,41.0
96,117,-9.24014663696289,10.074793815612793,11.0
96,118,-14.8212251663208,19.380067825317383,230.0
96,119,-7.040696144104004,4.088341236114502,5.0
96,120,-7.912014961242676,52.24830627441406,20.0
96,121,-26.561412811279297,19.130199432373047,10296.0
96,122,-6.853177070617676,9.819717407226562,16.0
96,123,-15.512174606323242,22.252065658569336,62.0
96,124,-9.004599571228027,3.0819880962371826,89.0
96,125,-11.224470138549805,2.774322032928467,6.0
96,126,-8.278398513793945,2.5088438987731934,3.0
96,127,-7.462638854980469,2.2914438247680664,4.0
96,128,-1.9460196495056152,1.4758055210113525,2.0
96,129,-11.087787628173828,3.0306549072265625,58.0
96,130,-1.3019094467163086,1.5433722734451294,1.0
96,131,-2.879794120788574,2.0543274879455566,1.0
96,132,-8.085640907287598,14.80868148803711,114.0
96,133,-7.833006858825684,7.086926460266113,4.0
96,134,-7.306943416595459,3.379824638366699,24.0
96,135,-5.683004379272461,4.140228748321533,14.0
96,136,-18.47212791442871,13.997454643249512,173.0
96,137,-8.72775650024414,8.863476753234863,16.0
96,138,-13.573921203613281,5.456132411956787,7.0
96,139,-12.20319652557373,7.643580436706543,244.0
96,140,-12.210556983947754,3.883467674255371,29.0
96,141,-22.391660690307617,24.503320693969727,356.0
96,142,-3.272693634033203,2.9769458770751953,5.0
96,143,-11.261714935302734,2.3780617713928223,66.0
96,144,-15.288969039916992,4.613085746765137,6.0
96,145,-16.9226016998291,16.78412628173828,131.0
96,146,-4.632471084594727,4.684021472930908,3.0
96,147,-15.372245788574219,8.989301681518555,103.0
96,148,-9.015708923339844,3.086271047592163,5.0
96,149,-10.300333023071289,7.846493244171143,55.0
96,150,-12.07211685180664,5.610209941864014,42.0
96,151,-9.29922103881836,10.224688529968262,236.0
96,152,-11.8904390335083,5.466475963592529,98.0
96,153,-8.045269012451172,3.8223984241485596,4.0
96,154,-8.729551315307617,2.2113330364227295,5.0
96,155,-1.6548991203308105,1.7360858917236328,2.0
96,156,-11.962546348571777,10.940912246704102,9.0
96,157,-18.782447814941406,523.6461181640625,232.0
96,158,-12.123790740966797,4.551577568054199,80.0
96,159,-6.459115505218506,3.639415740966797,35.0
96,160,-20.620241165161133,13.164583206176758,50.0
98,0,-6.5933027267456055,2.5648510456085205,10.0
98,1,-1.9382033348083496,2.635575771331787,1.0
98,2,-3.6365394592285156,1.6811962127685547,2.0
98,3,-1.927932620048523,1.4704766273498535,1.0
98,4,-12.386141777038574,22.121179580688477,189.0
98,5,-5.08540678024292,3.565669059753418,4.0
98,6,-17.888647079467773,4.440293788909912,15.0
98,7,-2.6174259185791016,2.392826557159424,2.0
98,8,-4.558826446533203,3.1258511543273926,7.0
98,9,-9.298799514770508,1.8587791919708252,4.0
98,10,-3.3946022987365723,2.336491823196411,2.0
98,11,-4.795851230621338,1.9840129613876343,8.0
98,12,-4.027487754821777,1.7777622938156128,4.0
98,13,-3.3025243282318115,1.9357694387435913,2.0
98,14,-8.223573684692383,7.813816070556641,69.0
98,15,-13.99189567565918,4.733453750610352,8.0
98,16,-12.697059631347656,68.8791275024414,170.0
98,17,-5.490406513214111,6.234731197357178,18.0
98,18,-6.325770378112793,3.5436389446258545,9.0
98,19,-0.68150395154953,1.1857506036758423,1.0
98,20,-12.356202125549316,4.685746669769287,351.0
98,21,-3.596242904663086,2.45729398727417,2.0
98,22,-16.295196533203125,228.54478454589844,1099.0
98,23,-1.9362068176269531,6.932405471801758,2.0
98,24,-2.2314088344573975,1.74691641330719,2.0
98,25,-35.66157531738281,25.58385467529297,941.0
98,26,-2.139411449432373,1.7071970701217651,2.0
98,27,-6.079555511474609,7.587625026702881,6.0
98,28,-6.306714057922363,2.461963415145874,4.0
98,29,-7.480160713195801,3.478821039199829,2.0
98,30,-8.105264663696289,3.183225393295288,5.0
98,31,-5.640370845794678,16.77996063232422,20.0
98,32,-15.926578521728516,24.174917221069336,78.0
98,33,-2.0935699939727783,2.009441375732422,1.0
98,34,-7.939177513122559,7.277551174163818,5.0
98,35,-6.017210006713867,3.331564426422119,4.0
98,36,-3.1537067890167236,1.8790031671524048,1.0
98,37,-1.7310975790023804,1.4137128591537476,1.0
98,38,-4.8512115478515625,5.038309097290039,4.0
98,39,-18.261341094970703,20.979734420776367,30.0
98,40,-2.3929808139801025,1.8189241886138916,2.0
98,41,-3.732156991958618,2.1094586849212646,2.0
98,42,-16.67144203186035,8.035990715026855,67.0
98,43,-14.038590431213379,107.71944427490234,1757.0
98,44,-12.338180541992188,4.6752028465271,4.0
98,45,-6.267831802368164,8.079073905944824,3.0
98,46,-7.63424015045166,2.5968000888824463,4.0
98,47,-17.654407501220703,18.961320877075195,35.0
98,48,-14.44279670715332,1368.4012451171875,1111.0
98,49,-11.003691673278809,15.657075881958008,28.0
98,50,-7.7595672607421875,6.957998752593994,10.0
98,51,-6.880850791931152,2.6724047660827637,31.0
98,52,-10.674175262451172,3.2740228176116943,87.0
98,53,-17.278064727783203,3.777573585510254,26.0
98,54,-7.103437900543213,10.674018859863281,11.0
98,55,-3.481335163116455,2.3877077102661133,3.0
98,56,-3.1756420135498047,2.882181406021118,4.0
98,57,-9.39637565612793,6.548756122589111,57.0
98,58,-9.927422523498535,27.361608505249023,53.0
98,59,-9.264749526977539,2.1642255783081055,3.0
98,60,-4.725543975830078,2.198094129562378,3.0
98,61,-4.846818923950195,11.28426742553711,4.0
98,62,-5.817907333374023,18.337602615356445,4.0
98,63,-7.346839904785156,2.2621495723724365,2.0
98,64,-27.518299102783203,15.671281814575195,470.0
98,65,-14.452491760253906,18.00227928161621,90.0
98,66,-6.937151908874512,2.001136302947998,4.0
98,67,-9.517645835876465,6.709532260894775,40.0
98,68,-13.30472183227539,27.831832885742188,187.0
98,69,-1.0775773525238037,1.1271933317184448,2.0
98,70,-2.635763168334961,1.3015766143798828,2.0
98,71,-19.494163513183594,11.43604850769043,22.0
98,72,-4.786611557006836,2.2205803394317627,4.0
98,73,-3.539436101913452,1.5564842224121094,1.0
98,74,-5.211562156677246,3.6799182891845703,3.0
98,75,-3.6356422901153564,1.6809808015823364,3.0
98,76,-6.820638179779053,30.27490234375,34.0
98,77,-12.325992584228516,7.801624774932861,10.0
98,78,-11.963155746459961,53.931705474853516,292.0
98,79,-37.70991897583008,43.4231071472168,56.0
98,80,-11.230061531066895,3.482619047164917,195.0
98,81,-13.78968620300293,9.957051277160645,344.0
98,82,-9.484522819519043,23.606157302856445,7.0
98,83,-7.818767070770264,4.776716709136963,7.0
98,84,-6.813612937927246,2.646857976913452,7.0
98,85,-2.2257397174835205,1.5607210397720337,1.0
98,86,-7.954296112060547,2.0608484745025635,14.0
98,87,-12.2283296585083,5.736815452575684,137.0
98,88,-14.636824607849121,8.092802047729492,879.0
98,89,-14.599198341369629,5.063880920410156,211.0
98,90,-2.6824960708618164,3.823812961578369,2.0
98,91,-9.230284690856934,101.00220489501953,102.0
98,92,-22.254314422607422,16.147890090942383,670.0
98,93,-8.1671724319458,15.216659545898438,42.0
98,94,-7.891884803771973,1.9302645921707153,12.0
98,95,-16.009199142456055,207.76332092285156,98.0
98,96,-6.52064847946167,2.2593586444854736,4.0
98,97,-3.5241336822509766,2.4133923053741455,5.0
98,98,-1.8671379089355469,1.5948575735092163,1.0
98,99,-12.948115348815918,5.045588970184326,46.0
98,100,-5.153277397155762,3.6266860961914062,12.0
98,101,-21.3375244140625,6.957185745239258,70.0
98,102,-14.575204849243164,2.1535465717315674,19.0
98,103,-15.512207984924316,2.2624130249023438,11.0
98,104,-3.1987459659576416,2.904463291168213,4.0
98,105,-2.7262015342712402,3.9082932472229004,1.0
98,106,-10.52440071105957,3.7268004417419434,3.0
98,107,-7.888950347900391,3.7240993976593018,8.0
98,108,-0.4707338213920593,1.6011687517166138,1.0
98,109,-4.30458927154541,2.933356523513794,6.0
98,110,-11.472888946533203,2.6014630794525146,4.0
98,111,-5.90464973449707,7.157899379730225,40.0
98,112,-18.577880859375,14.210525512695312,22.0
98,113,-17.11659812927246,30.671062469482422,73.0
98,114,-9.622499465942383,3.9536638259887695,5.0
98,115,-2.028587579727173,1.2528220415115356,2.0
98,116,-13.993680953979492,33.06317901611328,41.0
98,117,-9.268922805786133,10.147533416748047,11.0
98,118,-14.927572250366211,19.796682357788086,234.0
98,119,-7.042529582977295,4.089840412139893,5.0
98,120,-7.873539924621582,51.252784729003906,20.0
98,121,-26.4393310546875,18.872453689575195,9950.0
98,122,-6.93776273727417,10.100525856018066,16.0
98,123,-15.68593978881836,23.038990020751953,67.0
98,124,-9.01600170135498,3.0863840579986572,86.0
98,125,-11.199766159057617,2.7680985927581787,6.0
98,126,-8.29837417602539,2.514418601989746,3.0
98,127,-7.387470245361328,2.272385358810425,4.0
98,128,-1.9076144695281982,1.4645131826400757,2.0
98,129,-11.154256820678711,3.0508666038513184,64.0
98,130,-1.2975969314575195,1.5411553382873535,1.0
98,131,-2.8838562965393066,2.056414842605591,1.0
98,132,-8.098699569702148,14.873284339904785,115.0
98,133,-7.770472526550293,6.976994037628174,3.0
98,134,-7.299953460693359,3.375889778137207,23.0
98,135,-5.6334967613220215,4.089301586151123,14.0
98,136,-18.470428466796875,13.994054794311523,182.0
98,137,-8.847565650939941,9.132974624633789,16.0
98,138,-13.561610221862793,5.447742462158203,8.0
98,139,-12.310693740844727,7.781758785247803,252.0
98,140,-12.29240608215332,3.9189465045928955,30.0
98,141,-22.456745147705078,24.73221206665039,361.0
98,142,-3.269212007522583,2.9734928607940674,5.0
98,143,-11.178831100463867,2.362948179244995,65.0
98,144,-15.341204643249512,4.637245178222656,6.0
98,145,-17.01561737060547,17.046354293823242,134.0
98,146,-4.6602253913879395,4.7275567054748535,3.0
98,147,-15.306892395019531,8.905765533447266,101.0
98,148,-9.02032470703125,3.088052272796631,5.0
98,149,-10.315128326416016,7.869745254516602,55.0
98,150,-12.037979125976562,5.582916259765625,42.0
98,151,-9.334145545959473,10.314352989196777,237.0
98,152,-11.910377502441406,5.4820685386657715,99.0
98,153,-8.092320442199707,3.852491617202759,4.0
98,154,-8.710958480834961,2.2075986862182617,5.0
98,155,-1.6788064241409302,1.7499760389328003,2.0
98,156,-12.03917121887207,11.109874725341797,9.0
98,157,-18.961444854736328,555.8407592773438,244.0
98,158,-11.98458194732666,4.47305965423584,80.0
98,159,-6.477619647979736,3.652909278869629,35.0
98,160,-20.39021873474121,12.791455268859863,49.0
100,0,-6.566253662109375,2.554959297180176,10.0
100,1,-1.9475128650665283,2.6478724479675293,1.0
100,2,-3.6249489784240723,1.6784149408340454,2.0
100,3,-1.9002068042755127,1.462345004081726,1.0
100,4,-12.328998565673828,21.807405471801758,188.0
100,5,-5.010995388031006,3.499950647354126,4.0
100,6,-17.86003875732422,4.429720878601074,14.0
100,7,-2.6387758255004883,2.4099161624908447,2.0
100,8,-4.591593265533447,3.151562452316284,7.0
100,9,-9.306693077087402,1.859757661819458,4.0
100,10,-3.3239283561706543,2.295572280883789,2.0
100,11,-4.766289710998535,1.9756520986557007,8.0
100,12,-4.05560827255249,1.784918189048767,4.0
100,13,-3.3282060623168945,1.9457377195358276,2.0
100,14,-8.218414306640625,7.803743839263916,70.0
100,15,-13.88653564453125,4.67836332321167,8.0
100,16,-12.715987205505371,69.3150634765625,166.0
100,17,-5.497433185577393,6.249351501464844,18.0
100,18,-6.338496685028076,3.5526697635650635,11.0
100,19,-0.6965441703796387,1.1902174949645996,1.0
100,20,-12.379688262939453,4.699522972106934,343.0
100,21,-3.5912952423095703,2.454256534576416,2.0
100,22,-16.460472106933594,241.48902893066406,1128.0
100,23,-1.9118857383728027,6.765835762023926,2.0
100,24,-2.228987693786621,1.7458593845367432,2.0
100,25,-35.59154510498047,25.421493530273438,937.0
100,26,-2.120293140411377,1.69905686378479,2.0
100,27,-6.0736541748046875,7.5727128982543945,6.0
100,28,-6.291673183441162,2.456678867340088,4.0
100,29,-7.461869239807129,3.468231678009033,2.0
100,30,-8.148404121398926,3.2029035091400146,4.0
100,31,-5.617210388183594,16.58676528930664,20.0
100,32,-15.914892196655273,24.118480682373047,78.0
100,33,-2.0725839138031006,1.9954333305358887,1.0
100,34,-7.974023342132568,7.341226100921631,5.0
100,35,-6.022882461547852,3.335346221923828,4.0
100,36,-3.124483108520508,1.8680528402328491,1.0
100,37,-1.7395700216293335,1.4161105155944824,1.0
100,38,-4.881897449493408,5.090108871459961,4.0
100,39,-18.298601150512695,21.110422134399414,30.0
100,40,-2.4525604248046875,1.8462196588516235,2.0
100,41,-3.7165119647979736,2.1028685569763184,2.0
100,42,-16.662940979003906,8.027456283569336,67.0
100,43,-14.045526504516602,107.96880340576172,1751.0
100,44,-12.266266822814941,4.633364677429199,4.0
100,45,-6.25125789642334,8.034563064575195,3.0
100,46,-7.649888515472412,2.6018848419189453,4.0
100,47,-17.69424819946289,19.087646484375,33.0
100,48,-14.481147766113281,1394.894287109375,1130.0
100,49,-11.002226829528809,15.651342391967773,28.0
100,50,-7.7774224281311035,6.989127159118652,10.0
100,51,-6.98958683013916,2.7142410278320312,32.0
100,52,-10.669983863830566,3.272498369216919,86.0
100,53,-17.310049057006836,3.786879062652588,27.0
100,54,-7.137875556945801,10.797253608703613,11.0
100,55,-3.4725284576416016,2.3824565410614014,3.0
100,56,-3.202880382537842,2.9084689617156982,4.0
100,57,-9.337178230285645,6.4716796875,57.0
100,58,-9.9783935546875,27.830459594726562,53.0
100,59,-9.243160247802734,2.160335063934326,3.0
100,60,-4.777922630310059,2.217366933822632,3.0
100,61,-4.794968128204346,10.995477676391602,4.0
100,62,-5.914459705352783,19.244586944580078,4.0
100,63,-7.34030818939209,2.2605085372924805,2.0
100,64,-27.5401668548584,15.705589294433594,470.0
100,65,-14.37669849395752,17.731447219848633,90.0
100,66,-6.97270393371582,2.008263349533081,4.0
100,67,-9.550525665283203,6.753798961639404,40.0
100,68,-13.260862350463867,27.52832794189453,186.0
100,69,-1.0941520929336548,1.129271149635315,2.0
100,70,-2.616856098175049,1.2991180419921875,2.0
100,71,-19.549365997314453,11.515233993530273,22.0
100,72,-4.738438606262207,2.2028231620788574,4.0
100,73,-3.4568169116973877,1.5404924154281616,1.0
100,74,-5.295474529266357,3.7579314708709717,3.0
100,75,-3.637934446334839,1.681531310081482,3.0
100,76,-6.775180816650391,29.594554901123047,33.0
100,77,-12.3494291305542,7.832159996032715,10.0
100,78,-12.020280838012695,54.9684944152832,300.0
100,79,-37.779300689697266,43.72543716430664,57.0
100,80,-11.259811401367188,3.494150161743164,196.0
100,81,-13.613851547241211,9.669486999511719,328.0
100,82,-9.452079772949219,23.35224723815918,7.0
100,83,-7.724137306213379,4.687162399291992,7.0
100,84,-6.800304412841797,2.6418306827545166,7.0
100,85,-2.270364999771118,1.5747129917144775,1.0
100,86,-8.002927780151367,2.0699799060821533,14.0
100,87,-12.251766204833984,5.75605583190918,146.0
100,88,-14.667015075683594,8.127779006958008,882.0
100,89,-14.607200622558594,5.068385601043701,210.0
100,90,-2.6356823444366455,3.7353484630584717,2.0
100,91,-9.20620059967041,99.79322814941406,104.0
100,92,-22.173168182373047,15.98492431640625,663.0
100,93,-8.171143531799316,15.236815452575684,41.0
100,94,-7.949460029602051,1.939548134803772,12.0
100,95,-16.05812644958496,211.1795654296875,97.0
100,96,-6.563097953796387,2.271379232406616,4.0
100,97,-3.5276551246643066,2.415518045425415,5.0
100,98,-1.8506078720092773,1.5882805585861206,1.0
100,99,-12.83949089050293,4.977542877197266,45.0
100,100,-5.112843036651611,3.590210199356079,12.0
100,101,-21.402454376220703,6.998373031616211,68.0
100,102,-14.529300689697266,2.1483500003814697,20.0
100,103,-15.471294403076172,2.2575464248657227,11.0
100,104,-3.2180023193359375,2.923166513442993,4.0
100,105,-2.7368032932281494,3.929065465927124,1.0
100,106,-10.405258178710938,3.6717090606689453,3.0
100,107,-7.854569435119629,3.7028207778930664,8.0
100,108,-0.4807584285736084,1.6173006296157837,1.0
100,109,-4.300227165222168,2.930159330368042,6.0
100,110,-11.559776306152344,2.6203677654266357,5.0
100,111,-5.913847923278809,7.179879188537598,41.0
100,112,-18.67148208618164,14.401820182800293,22.0
100,113,-17.169424057006836,30.996828079223633,79.0
100,114,-9.53000259399414,3.9017648696899414,4.0
100,115,-2.0108485221862793,1.2503551244735718,2.0
100,116,-13.936330795288086,32.59251403808594,41.0
100,117,-9.216577529907227,10.015604972839355,11.0
100,118,-14.871206283569336,19.574766159057617,234.0
100,119,-7.066183567047119,4.10923433303833,5.0
100,120,-7.8889641761779785,51.64957809448242,20.0
100,121,-26.485065460205078,18.96860122680664,10016.0
100,122,-6.893570423126221,9.952828407287598,16.0
100,123,-15.652748107910156,22.88655662536621,68.0
100,124,-8.983146667480469,3.073734760284424,87.0
100,125,-11.191689491271973,2.766066789627075,6.0
100,126,-8.282234191894531,2.509913444519043,3.0
100,127,-7.391593933105469,2.2734267711639404,4.0
100,128,-1.9369778633117676,1.4731390476226807,2.0
100,129,-11.013961791992188,3.0083632469177246,57.0
100,130,-1.3144962787628174,1.5498613119125366,1.0
100,131,-2.8927531242370605,2.0609939098358154,1.0
100,132,-8.060962677001953,14.687365531921387,115.0
100,133,-7.825532913208008,7.073696613311768,3.0
100,134,-7.324127674102783,3.389518976211548,24.0
100,135,-5.634958744049072,4.09079647064209,14.0
100,136,-18.43048095703125,13.914421081542969,172.0
100,137,-8.79466724395752,9.01298999786377,16.0
100,138,-13.52592658996582,5.423497200012207,7.0
100,139,-12.264691352844238,7.722323894500732,247.0
100,140,-12.333643913269043,3.936944007873535,31.0
100,141,-22.451921463012695,24.71516990661621,364.0
100,142,-3.272216796875,2.9764723777770996,5.0
100,143,-11.244668006896973,2.3749454021453857,65.0
100,144,-15.291436195373535,4.614223480224609,6.0
100,145,-17.021867752075195,17.064119338989258,133.0
100,146,-4.62384557723999,4.6705732345581055,3.0
100,147,-15.291196823120117,8.885818481445312,102.0
100,148,-9.001116752624512,3.0806469917297363,5.0
100,149,-10.290563583374023,7.831175804138184,55.0
100,150,-12.07478141784668,5.6123456954956055,44.0
100,151,-9.28339672088623,10.184318542480469,233.0
100,152,-11.89516830444336,5.470170021057129,97.0
100,153,-8.07161808013916,3.839221954345703,4.0
100,154,-8.68577766418457,2.2025508880615234,5.0
100,155,-1.6499300003051758,1.7332125902175903,2.0
100,156,-12.015157699584961,11.056644439697266,8.0
100,157,-18.833681106567383,532.6654663085938,234.0
100,158,-11.964181900024414,4.461668491363525,80.0
100,159,-6.475737571716309,3.6515345573425293,35.0
100,160,-20.602771759033203,13.135868072509766,50.0
