step,probe_index,log_prob,perplexity,target_rank
0,0,-4.162156105041504,1.812294363975525,3.0
0,1,-7.375244140625,3.4185187816619873,21.0
0,2,-4.013190269470215,2.7272603511810303,1.0
0,3,-9.977314949035645,4.159233570098877,33.0
0,4,-60.44990539550781,35.01850891113281,417.0
0,5,-13.225543975830078,4.347082138061523,149.0
0,6,-27.84465980529785,6.400081157684326,30.0
0,7,-74.44830322265625,34.6451301574707,633.0
0,8,-15.648168563842773,22.865602493286133,90.0
0,9,-2.926865577697754,2.6528165340423584,1.0
0,10,-2.941588878631592,4.352691650390625,3.0
0,11,-21.08064842224121,5.061122894287109,151.0
0,12,-8.791015625,3.5108542442321777,88.0
0,13,-1.2653491497039795,1.8826391696929932,1.0
0,14,-9.254724502563477,3.7513041496276855,71.0
0,15,-15.657576560974121,5.695809841156006,57.0
0,16,-22.001840591430664,81.48086547851562,2708.0
0,17,-18.676143646240234,7.965559005737305,20.0
0,18,-10.568257331848145,5.820442199707031,67.0
0,19,-15.87083911895752,52.86332321166992,266.0
0,20,-9.479036331176758,23.563024520874023,39.0
0,21,-18.348617553710938,13.752643585205078,265.0
0,22,-24.75296401977539,34.33406066894531,349.0
0,23,-7.451377868652344,41.499813079833984,36.0
0,24,-22.494661331176758,42.4832649230957,115.0
0,25,-4.43369722366333,2.0937349796295166,7.0
0,26,-11.200033187866211,4.0552167892456055,12.0
0,27,-15.067117691040039,151.77099609375,1290.0
0,28,-14.10174560546875,16.782711029052734,825.0
0,29,-29.423885345458984,134.82542419433594,2354.0
0,30,-16.294572830200195,228.49728393554688,892.0
0,31,-26.483837127685547,82.59696197509766,529.0
0,32,-34.842281341552734,14.587654113769531,148.0
0,33,-12.510236740112305,8.04490852355957,39.0
0,34,-13.622810363769531,7.001439571380615,51.0
0,35,-2.609236001968384,1.6851375102996826,2.0
0,36,-5.31597375869751,14.267538070678711,8.0
0,37,-15.485111236572266,9.135415077209473,22.0
0,38,-34.29413604736328,13.985352516174316,121.0
0,39,-14.5857572555542,8.033977508544922,33.0
0,40,-8.968393325805664,9.41306209564209,89.0
0,41,-8.90299129486084,19.446434020996094,29.0
0,42,-20.745746612548828,4.932404518127441,31.0
0,43,-13.177978515625,4.3241682052612305,63.0
0,44,-20.863388061523438,4.977242469787598,88.0
0,45,-18.365827560424805,7.695590972900391,412.0
0,46,-8.15050983428955,15.132377624511719,10.0
0,47,-3.943631410598755,3.7230522632598877,9.0
0,48,-37.01848602294922,21.864709854125977,278.0
0,49,-10.90108585357666,15.2605562210083,226.0
0,50,-5.216590881347656,13.57589054107666,35.0
0,51,-1.7482903003692627,1.2144052982330322,2.0
0,52,-30.014196395874023,10.06218433380127,466.0
0,53,-15.87856674194336,198.91065979003906,273.0
0,54,-29.969680786132812,72.34041595458984,173.0
0,55,-7.700536727905273,3.608971357345581,32.0
0,56,-6.018418788909912,7.434560775756836,47.0
0,57,-13.524948120117188,14.954161643981934,288.0
0,58,-1.5995934009552002,1.4916731119155884,1.0
0,59,-6.721138954162598,3.83522367477417,5.0
0,60,-10.011280059814453,28.137222290039062,350.0
0,61,-25.72491455078125,4.541377067565918,129.0
0,62,-8.484172821044922,4.112490177154541,8.0
0,63,-4.559906005859375,2.138242721557617,11.0
0,64,-9.930336952209473,3.4600815773010254,34.0
0,65,-10.476293563842773,4.466536998748779,5.0
0,66,-30.507007598876953,161.49937438964844,114.0
0,67,-6.587222099304199,2.562623977661133,2.0
0,68,-6.616839408874512,3.756049871444702,15.0
0,69,-16.581941604614258,5.24982213973999,58.0
0,70,-6.8803815841674805,3.959336042404175,12.0
0,71,-15.168420791625977,20.77362632751465,45.0
0,72,-25.540189743041992,38.420780181884766,149.0
0,73,-9.287360191345215,3.1928694248199463,11.0
0,74,-17.003644943237305,11.348575592041016,32.0
0,75,-0.7352708578109741,1.4443153142929077,1.0
0,76,-32.72276306152344,59.76052474975586,3814.0
0,77,-8.822649002075195,9.07625961303711,27.0
0,78,-43.553489685058594,28.51038360595703,4947.0
0,79,-30.00948715209961,72.75297546386719,48.0
0,80,-28.144371032714844,16.68378257751465,15.0
0,81,-5.818811893463135,6.955995559692383,33.0
0,82,-11.394902229309082,2.8176417350769043,72.0
0,83,-16.739103317260742,4.03467321395874,15.0
0,84,-24.85702133178711,15.829754829406738,245.0
0,85,-9.981268882751465,27.857147216796875,97.0
0,86,-62.725303649902344,17.30767822265625,8707.0
0,87,-10.216386795043945,3.1116530895233154,5.0
0,88,-15.638679504394531,7.062753677368164,42.0
0,89,-24.210693359375,56.549461364746094,3070.0
0,90,-9.219197273254395,3.7323129177093506,43.0
0,91,-10.5031156539917,33.14986038208008,144.0
0,92,-12.821832656860352,8.47374153137207,74.0
0,93,-12.692977905273438,23.884851455688477,25.0
0,94,-18.416072845458984,99.8848648071289,1769.0
0,95,-3.77848482131958,1.877136468887329,4.0
0,96,-3.791372299194336,2.5801384449005127,1.0
0,97,-16.501949310302734,3831.358154296875,8990.0
0,98,-32.964515686035156,20.020849227905273,224.0
0,99,-11.347254753112793,2.574369192123413,7.0
0,100,-42.84642791748047,4.888594150543213,226.0
0,101,-9.838624954223633,7.154382228851318,110.0
0,102,-5.674468994140625,6.629236698150635,44.0
0,103,-7.4810566902160645,12.105809211730957,10.0
0,104,-11.178216934204102,41.51572799682617,209.0
0,105,-20.099748611450195,9.330657005310059,58.0
0,106,-17.399620056152344,8.801767349243164,90.0
0,107,-0.8995406627655029,1.3496522903442383,1.0
0,108,-4.178718566894531,1.8165875673294067,2.0
0,109,-7.756974697113037,4.71804666519165,89.0
0,110,-6.936877727508545,3.177663803100586,7.0
0,111,-13.26004409790039,14.182499885559082,363.0
0,112,-10.285103797912598,4.346194267272949,6.0
0,113,-13.217430114746094,14.062139511108398,140.0
0,114,-1.4409615993499756,1.4336740970611572,1.0
0,115,-13.269155502319336,27.58546257019043,43.0
0,116,-10.853132247924805,3.339775323867798,12.0
0,117,-9.60830307006836,3.9456539154052734,11.0
0,118,-65.86392974853516,32.025184631347656,172.0
0,119,-7.665849685668945,12.874947547912598,13.0
0,120,-2.4059135913848877,1.6179869174957275,3.0
0,121,-33.7754020690918,21.5524845123291,89.0
0,122,-67.80738830566406,475.4720153808594,425.0
0,123,-30.71141242980957,5.507934093475342,270.0
0,124,-14.71688461303711,8.185890197753906,37.0
0,125,-52.0782585144043,41.25925827026367,11092.0
0,126,-27.13422203063965,8.062695503234863,49.0
0,127,-17.34981918334961,3.7984819412231445,83.0
0,128,-37.20936584472656,4.42988920211792,61.0
0,129,-8.899354934692383,9.251991271972656,10.0
0,130,-7.422374725341797,11.87131404876709,32.0
0,131,-7.413417816162109,11.835922241210938,119.0
0,132,-28.10287857055664,1125.2039794921875,853.0
0,133,-15.536866188049316,48.62882614135742,2359.0
0,134,-12.264923095703125,21.460859298706055,119.0
0,135,-20.441062927246094,27461.2578125,5592.0
0,136,-14.040342330932617,16.57786750793457,126.0
0,137,-20.85891342163086,19.68476104736328,341.0
0,138,-14.113134384155273,34.06544876098633,207.0
0,139,-5.729591369628906,2.5984935760498047,2.0
0,140,-6.893792152404785,3.9699692726135254,15.0
0,141,-3.9312682151794434,7.139438629150391,1.0
0,142,-11.751761436462402,18.87692642211914,17.0
0,143,-17.572757720947266,80.89803314208984,23.0
0,144,-48.78058624267578,58.26774597167969,75.0
0,145,-2.709381341934204,1.4030840396881104,4.0
0,146,-9.218121528625488,3.1653549671173096,9.0
0,147,-13.17297077178955,13.937655448913574,9.0
0,148,-8.366862297058105,8.098796844482422,12.0
2,0,-4.13291597366333,1.804740071296692,3.0
2,1,-7.380016326904297,3.421238899230957,22.0
2,2,-4.017173767089844,2.72997784614563,1.0
2,3,-9.98816967010498,4.1656880378723145,33.0
2,4,-60.12705993652344,34.35975646972656,388.0
2,5,-13.201900482177734,4.335677623748779,148.0
2,6,-27.77759552001953,6.371530532836914,30.0
2,7,-74.2885971069336,34.382659912109375,610.0
2,8,-15.470422744750977,22.067028045654297,88.0
2,9,-2.9015979766845703,2.6305665969848633,1.0
2,10,-2.9298954010009766,4.327316761016846,3.0
2,11,-21.14756202697754,5.087240695953369,162.0
2,12,-8.750267028808594,3.490476131439209,88.0
2,13,-1.2811897993087769,1.8976093530654907,1.0
2,14,-9.181822776794434,3.7124388217926025,70.0
2,15,-15.65121841430664,5.691787242889404,57.0
2,16,-21.901195526123047,79.85711669921875,2629.0
2,17,-18.748743057250977,8.030074119567871,19.0
2,18,-10.571134567260742,5.8232340812683105,69.0
2,19,-15.815853118896484,52.14160919189453,263.0
2,20,-9.479724884033203,23.568435668945312,39.0
2,21,-18.28396987915039,13.626216888427734,267.0
2,22,-24.829204559326172,34.71004867553711,359.0
2,23,-7.416110992431641,40.77444076538086,36.0
2,24,-22.420896530151367,41.964168548583984,112.0
2,25,-4.426950454711914,2.0913820266723633,7.0
2,26,-11.211387634277344,4.060976505279541,12.0
2,27,-15.029953002929688,149.90240478515625,1281.0
2,28,-14.026885986328125,16.53331184387207,793.0
2,29,-29.41606330871582,134.64976501464844,2402.0
2,30,-16.368879318237305,234.22756958007812,916.0
2,31,-26.443748474121094,82.04693603515625,512.0
2,32,-34.219932556152344,13.905752182006836,127.0
2,33,-12.550267219543457,8.098762512207031,39.0
2,34,-13.608009338378906,6.986651420593262,51.0
2,35,-2.601308822631836,1.6824679374694824,2.0
2,36,-5.297886371612549,14.139087677001953,7.0
2,37,-15.489802360534668,9.141539573669434,22.0
2,38,-34.0665168762207,13.742610931396484,112.0
2,39,-14.61729621887207,8.070255279541016,34.0
2,40,-8.864798545837402,9.172406196594238,87.0
2,41,-8.957724571228027,19.804481506347656,29.0
2,42,-20.88088607788086,4.983946323394775,31.0
2,43,-13.216066360473633,4.342507362365723,66.0
2,44,-20.910083770751953,4.995152473449707,92.0
2,45,-18.29876136779785,7.638458251953125,415.0
2,46,-8.170268058776855,15.232369422912598,10.0
2,47,-3.9515421390533447,3.7328827381134033,9.0
2,48,-36.637386322021484,21.18123435974121,255.0
2,49,-10.86294937133789,15.115752220153809,223.0
2,50,-5.216798782348633,13.577301979064941,35.0
2,51,-1.7512385845184326,1.2148030996322632,2.0
2,52,-29.75661849975586,9.864778518676758,440.0
2,53,-15.824981689453125,195.38929748535156,272.0
2,54,-29.638507843017578,68.99766540527344,154.0
2,55,-7.686802864074707,3.600719928741455,33.0
2,56,-6.027066707611084,7.456023693084717,47.0
2,57,-13.603948593139648,15.192314147949219,299.0
2,58,-1.606039047241211,1.4940786361694336,1.0
2,59,-6.712623596191406,3.828697919845581,5.0
2,60,-10.009045600891113,28.11627197265625,357.0
2,61,-25.668106079101562,4.52622652053833,128.0
2,62,-8.51461124420166,4.133406162261963,8.0
2,63,-4.559071063995361,2.1379451751708984,11.0
2,64,-9.884197235107422,3.44018292427063,33.0
2,65,-10.443313598632812,4.44554328918457,5.0
2,66,-30.238990783691406,154.44400024414062,101.0
2,67,-6.568155288696289,2.5556533336639404,2.0
2,68,-6.6124958992004395,3.752788543701172,15.0
2,69,-16.65337371826172,5.287456512451172,62.0
2,70,-6.898950099945068,3.974066972732544,13.0
2,71,-15.223405838012695,21.003332138061523,46.0
2,72,-25.38657569885254,37.58682632446289,139.0
2,73,-9.300888061523438,3.198273181915283,11.0
2,74,-17.026123046875,11.3850736618042,34.0
2,75,-0.7309820652008057,1.4412214756011963,1.0
2,76,-32.358882904052734,57.10321044921875,3326.0
2,77,-8.8323974609375,9.098407745361328,27.0
2,78,-43.32896423339844,28.022207260131836,4851.0
2,79,-29.884296417236328,71.46337127685547,43.0
2,80,-27.523365020751953,15.67922306060791,11.0
2,81,-5.802637577056885,6.918593883514404,32.0
2,82,-11.387499809265137,2.815746307373047,72.0
2,83,-16.707778930664062,4.0241546630859375,14.0
2,84,-24.87773323059082,15.86622428894043,247.0
2,85,-9.934078216552734,27.422378540039062,103.0
2,86,-62.104557037353516,16.826152801513672,8022.0
2,87,-10.21174430847168,3.110048532485962,5.0
2,88,-15.641254425048828,7.065026760101318,42.0
2,89,-24.206716537475586,56.511993408203125,3100.0
2,90,-9.17013168334961,3.7062432765960693,43.0
2,91,-10.529532432556152,33.443050384521484,148.0
2,92,-12.865777969360352,8.536032676696777,77.0
2,93,-12.618650436401367,23.445127487182617,25.0
2,94,-18.36956214904785,98.73016357421875,1757.0
2,95,-3.781853675842285,1.8781906366348267,4.0
2,96,-3.812474250793457,2.5937860012054443,1.0
2,97,-16.543880462646484,3912.532958984375,9164.0
2,98,-32.96100997924805,20.014469146728516,221.0
2,99,-11.334329605102539,2.5715980529785156,7.0
2,100,-42.755672454833984,4.872189521789551,216.0
2,101,-9.822137832641602,7.13083028793335,110.0
2,102,-5.705071449279785,6.697206974029541,46.0
2,103,-7.48166561126709,12.108269691467285,10.0
2,104,-11.15995979309082,41.26384353637695,207.0
2,105,-20.041461944580078,9.270423889160156,59.0
2,106,-17.45989990234375,8.868338584899902,90.0
2,107,-0.8983597755432129,1.34912109375,1.0
2,108,-4.145365238189697,1.8079525232315063,2.0
2,109,-7.785680294036865,4.745211601257324,92.0
2,110,-6.925594329833984,3.171693801879883,7.0
2,111,-13.214229583740234,14.053139686584473,360.0
2,112,-10.292110443115234,4.350546836853027,6.0
2,113,-13.211416244506836,14.045235633850098,142.0
2,114,-1.4528099298477173,1.437927007675171,1.0
2,115,-13.228071212768555,27.303579330444336,42.0
2,116,-10.787485122680664,3.3155033588409424,12.0
2,117,-9.61635684967041,3.9501960277557373,11.0
2,118,-65.41622924804688,31.279394149780273,171.0
2,119,-7.680057525634766,12.936066627502441,13.0
2,120,-2.4370665550231934,1.6280994415283203,3.0
2,121,-33.8576774597168,21.71429443359375,90.0
2,122,-67.614990234375,467.2279357910156,417.0
2,123,-30.60124969482422,5.474327564239502,267.0
2,124,-14.715988159179688,8.184842109680176,37.0
2,125,-51.47612762451172,39.52234649658203,9897.0
2,126,-27.08984375,8.035218238830566,49.0
2,127,-17.33390235900879,3.7938337326049805,83.0
2,128,-37.305816650390625,4.4470133781433105,61.0
2,129,-8.995004653930664,9.475894927978516,10.0
2,130,-7.490180015563965,12.142683029174805,33.0
2,131,-7.436497211456299,11.92733097076416,123.0
2,132,-28.049915313720703,1110.4036865234375,855.0
2,133,-15.52277946472168,48.4578742980957,2341.0
2,134,-12.254192352294922,21.403364181518555,125.0
2,135,-20.390817642211914,26779.94921875,5653.0
2,136,-14.041662216186523,16.582242965698242,127.0
2,137,-20.920963287353516,19.860027313232422,347.0
2,138,-14.150405883789062,34.38434982299805,215.0
2,139,-5.73779296875,2.602047920227051,2.0
2,140,-6.883557319641113,3.9618515968322754,15.0
2,141,-3.9658446311950684,7.26393985748291,1.0
2,142,-11.730395317077637,18.776363372802734,17.0
2,143,-17.238887786865234,74.41979217529297,20.0
2,144,-48.87538146972656,58.7298698425293,78.0
2,145,-2.7165110111236572,1.4043350219726562,4.0
2,146,-9.268268585205078,3.1852588653564453,9.0
2,147,-13.038030624389648,13.566535949707031,9.0
2,148,-8.339905738830566,8.044402122497559,12.0
4,0,-4.091166973114014,1.7940083742141724,3.0
4,1,-7.442704200744629,3.4571712017059326,22.0
4,2,-3.947880506515503,2.6830928325653076,1.0
4,3,-9.77503490447998,4.0407633781433105,32.0
4,4,-55.869808197021484,26.747987747192383,356.0
4,5,-12.955934524536133,4.218789577484131,139.0
4,6,-28.004024505615234,6.468440532684326,33.0
4,7,-70.28572082519531,28.415624618530273,285.0
4,8,-15.310554504394531,21.37262535095215,89.0
4,9,-2.822727680206299,2.562309980392456,1.0
4,10,-2.835026741027832,4.126845836639404,2.0
4,11,-21.317222595214844,5.154068470001221,180.0
4,12,-8.537178993225098,3.3858227729797363,79.0
4,13,-1.2762670516967773,1.8929443359375,1.0
4,14,-9.001505851745605,3.6180291175842285,71.0
4,15,-15.627622604370117,5.676884174346924,57.0
4,16,-21.746070861816406,77.41759490966797,2581.0
4,17,-18.466150283813477,7.781853199005127,17.0
4,18,-10.41690444946289,5.675455093383789,65.0
4,19,-15.557861328125,48.884742736816406,261.0
4,20,-9.624222755432129,24.731414794921875,39.0
4,21,-17.868345260620117,12.84071159362793,217.0
4,22,-24.287288665771484,32.12429428100586,290.0
4,23,-7.315029621124268,38.76488494873047,38.0
4,24,-22.18349266052246,40.33617401123047,118.0
4,25,-4.482936382293701,2.110987901687622,6.0
4,26,-11.346893310546875,4.130348205566406,13.0
4,27,-15.071001052856445,151.967529296875,1284.0
4,28,-14.155571937561035,16.964353561401367,831.0
4,29,-29.130386352539062,128.3889617919922,2415.0
4,30,-16.062829971313477,211.5109405517578,883.0
4,31,-26.245676040649414,79.38262939453125,507.0
4,32,-29.310585021972656,9.532054901123047,56.0
4,33,-12.267786026000977,7.726307392120361,37.0
4,34,-13.398345947265625,6.780489921569824,49.0
4,35,-2.5091071128845215,1.6517269611358643,1.0
4,36,-5.176333904266357,13.305359840393066,7.0
4,37,-15.229267120361328,8.807552337646484,22.0
4,38,-31.56301498413086,11.3353271484375,49.0
4,39,-14.39203929901123,7.814693450927734,32.0
4,40,-8.90727710723877,9.270333290100098,87.0
4,41,-8.960472106933594,19.8226261138916,32.0
4,42,-20.586261749267578,4.872263431549072,32.0
4,43,-13.354423522949219,4.409780025482178,69.0
4,44,-20.851581573486328,4.972723960876465,94.0
4,45,-18.191707611083984,7.548137664794922,428.0
4,46,-8.055235862731934,14.659354209899902,10.0
4,47,-3.966111660003662,3.7510554790496826,8.0
4,48,-34.09119415283203,17.131738662719727,181.0
4,49,-10.704529762268066,14.528793334960938,216.0
4,50,-5.208072185516357,13.518189430236816,34.0
4,51,-1.80767023563385,1.2224441766738892,2.0
4,52,-27.333925247192383,8.187508583068848,212.0
4,53,-15.553828239440918,178.5037078857422,264.0
4,54,-26.916671752929688,46.76985549926758,68.0
4,55,-7.691216945648193,3.603369951248169,33.0
4,56,-5.975059509277344,7.327881336212158,43.0
4,57,-13.785512924194336,15.754128456115723,316.0
4,58,-1.5841479301452637,1.4859243631362915,1.0
4,59,-6.65809965133667,3.7871735095977783,5.0
4,60,-9.992681503295898,27.96332359313965,350.0
4,61,-25.26578140258789,4.420365333557129,123.0
4,62,-8.53627872467041,4.148360252380371,8.0
4,63,-4.503645896911621,2.1182868480682373,11.0
4,64,-9.735025405883789,3.3766298294067383,30.0
4,65,-10.592968940734863,4.5416083335876465,5.0
4,66,-27.51300811767578,98.05232238769531,58.0
4,67,-6.538084983825684,2.5446982383728027,2.0
4,68,-6.549404621124268,3.705732583999634,15.0
4,69,-16.42405891418457,5.1675872802734375,61.0
4,70,-6.7266998291015625,3.839491844177246,13.0
4,71,-15.092596054077148,20.460969924926758,43.0
4,72,-22.010587692260742,23.205041885375977,32.0
4,73,-9.35657787322998,3.220614433288574,11.0
4,74,-16.782855987548828,10.996212005615234,31.0
4,75,-0.695865273475647,1.4161368608474731,1.0
4,76,-27.29564666748047,30.324495315551758,279.0
4,77,-8.575582504272461,8.532612800598145,26.0
4,78,-41.42877960205078,24.211532592773438,4638.0
4,79,-26.73178482055664,45.55072021484375,17.0
4,80,-21.596599578857422,8.66818904876709,10.0
4,81,-5.82380485534668,6.967583179473877,32.0
4,82,-11.330257415771484,2.8011314868927,72.0
4,83,-16.534791946411133,3.9665603637695312,9.0
4,84,-24.600908279418945,15.385634422302246,237.0
4,85,-10.007506370544434,28.101852416992188,102.0
4,86,-54.84933090209961,12.099346160888672,2130.0
4,87,-10.132221221923828,3.0826892852783203,5.0
4,88,-15.480484962463379,6.924464225769043,41.0
4,89,-24.036304473876953,54.92950439453125,3053.0
4,90,-8.995647430419922,3.615002393722534,42.0
4,91,-10.488298416137695,32.98653793334961,149.0
4,92,-12.893553733825684,8.575639724731445,84.0
4,93,-12.439903259277344,22.420501708984375,21.0
4,94,-18.052825927734375,91.21382141113281,1554.0
4,95,-3.7921910285949707,1.8814295530319214,4.0
4,96,-3.8877129554748535,2.643036127090454,1.0
4,97,-16.33678436279297,3527.667724609375,8804.0
4,98,-32.612030029296875,19.389469146728516,220.0
4,99,-11.128201484680176,2.527801990509033,7.0
4,100,-42.436431884765625,4.814920902252197,185.0
4,101,-9.70534896850586,6.966200351715088,117.0
4,102,-5.724431037902832,6.740564346313477,49.0
4,103,-7.4563751220703125,12.006622314453125,10.0
4,104,-11.052650451660156,39.81392288208008,205.0
4,105,-19.691219329833984,8.916585922241211,57.0
4,106,-17.3961238861084,8.797921180725098,88.0
4,107,-0.939109742641449,1.3675715923309326,1.0
4,108,-4.160467624664307,1.8118574619293213,2.0
4,109,-7.894271373748779,4.849396705627441,89.0
4,110,-6.788833141326904,3.100217342376709,7.0
4,111,-13.236621856689453,14.116217613220215,381.0
4,112,-10.12734603881836,4.249340534210205,6.0
4,113,-13.313447952270508,14.334793090820312,147.0
4,114,-1.6104985475540161,1.495745301246643,1.0
4,115,-13.056522369384766,26.157358169555664,42.0
4,116,-10.765542984008789,3.307429790496826,9.0
4,117,-9.609057426452637,3.9460792541503906,9.0
4,118,-60.54963302612305,24.211383819580078,171.0
4,119,-7.587431907653809,12.542765617370605,13.0
4,120,-2.5216898918151855,1.6558889150619507,3.0
4,121,-33.307861328125,20.655620574951172,95.0
4,122,-64.9277572631836,365.9598388671875,338.0
4,123,-29.060131072998047,5.025132179260254,264.0
4,124,-14.690391540527344,8.15496826171875,37.0
4,125,-44.6900749206543,24.340660095214844,2609.0
4,126,-27.03375816345215,8.000625610351562,49.0
4,127,-17.32781982421875,3.7920594215393066,78.0
4,128,-37.172977447509766,4.423446178436279,60.0
4,129,-8.652442932128906,8.698153495788574,9.0
4,130,-7.457109451293945,12.009562492370605,33.0
4,131,-7.527842998504639,12.296085357666016,138.0
4,132,-27.783973693847656,1038.9786376953125,944.0
4,133,-15.527100563049316,48.510250091552734,2432.0
4,134,-12.388676643371582,22.13520050048828,139.0
4,135,-20.068023681640625,22788.509765625,5310.0
4,136,-14.040107727050781,16.577089309692383,133.0
4,137,-20.764793395996094,19.42185401916504,329.0
4,138,-13.664727210998535,30.452917098999023,204.0
4,139,-5.657646179199219,2.567521333694458,2.0
4,140,-6.764184951782227,3.86838436126709,14.0
4,141,-4.104714870452881,7.786235332489014,2.0
4,142,-11.591121673583984,18.13385009765625,17.0
4,143,-14.814270973205566,40.59186935424805,10.0
4,144,-48.386680603027344,56.38612747192383,81.0
4,145,-2.715585947036743,1.4041725397109985,4.0
4,146,-9.220845222473145,3.1664326190948486,10.0
4,147,-10.65284538269043,8.419655799865723,8.0
4,148,-8.315309524536133,7.99508810043335,10.0
6,0,-3.8266613483428955,1.727483868598938,2.0
6,1,-7.340584754943848,3.3988282680511475,20.0
6,2,-3.6915719509124756,2.5165603160858154,1.0
6,3,-9.176941871643066,3.709850788116455,29.0
6,4,-40.68773651123047,10.950623512268066,216.0
6,5,-12.416412353515625,3.9733171463012695,122.0
6,6,-28.178672790527344,6.544193744659424,35.0
6,7,-58.332550048828125,16.0826416015625,94.0
6,8,-14.873330116271973,19.583084106445312,77.0
6,9,-2.5582051277160645,2.3460545539855957,1.0
6,10,-2.6721465587615967,3.8040764331817627,1.0
6,11,-21.551931381225586,5.24796724319458,240.0
6,12,-8.086108207702637,3.1745259761810303,73.0
6,13,-1.3059314489364624,1.9212301969528198,1.0
6,14,-8.613201141357422,3.4227943420410156,68.0
6,15,-15.350439071655273,5.504711627960205,52.0
6,16,-21.52652359008789,74.09178161621094,2368.0
6,17,-17.766420364379883,7.1997528076171875,14.0
6,18,-9.962418556213379,5.261431694030762,63.0
6,19,-14.976749420166016,42.27464294433594,235.0
6,20,-9.89543342590332,27.071401596069336,45.0
6,21,-17.27776527404785,11.801801681518555,127.0
6,22,-23.211109161376953,27.54642105102539,158.0
6,23,-7.1993255615234375,36.58589553833008,41.0
6,24,-21.835996627807617,38.066429138183594,132.0
6,25,-4.584544658660889,2.1470413208007812,7.0
6,26,-11.39194393157959,4.153672695159912,12.0
6,27,-15.118584632873535,154.39718627929688,1249.0
6,28,-14.25009822845459,17.288122177124023,816.0
6,29,-28.428056716918945,114.20664978027344,2436.0
6,30,-15.850879669189453,197.0833282470703,900.0
6,31,-25.666812896728516,72.08182525634766,487.0
6,32,-18.43174934387207,4.128139972686768,15.0
6,33,-11.790109634399414,7.135043144226074,30.0
6,34,-13.302772521972656,6.688543796539307,56.0
6,35,-2.3808000087738037,1.6098805665969849,1.0
6,36,-4.990094184875488,12.122304916381836,8.0
6,37,-14.864034652709961,8.359792709350586,21.0
6,38,-22.87885284423828,5.811924934387207,32.0
6,39,-13.839473724365234,7.221536636352539,32.0
6,40,-8.965126037597656,9.405376434326172,92.0
6,41,-8.882660865783691,19.315095901489258,31.0
6,42,-20.31549835205078,4.771833896636963,29.0
6,43,-13.490533828735352,4.476977348327637,83.0
6,44,-20.534412384033203,4.852869510650635,97.0
6,45,-17.816883087158203,7.240235328674316,442.0
6,46,-7.815285682678223,13.532513618469238,8.0
6,47,-4.184024810791016,4.033662796020508,10.0
6,48,-24.382421493530273,7.628326416015625,181.0
6,49,-10.67221450805664,14.411890983581543,234.0
6,50,-5.131331920623779,13.009320259094238,30.0
6,51,-1.9874929189682007,1.2471145391464233,2.0
6,52,-17.61453628540039,3.8766229152679443,18.0
6,53,-15.008103370666504,148.81460571289062,242.0
6,54,-19.355798721313477,15.880850791931152,19.0
6,55,-7.369999408721924,3.415531873703003,35.0
6,56,-6.039549350738525,7.487112045288086,51.0
6,57,-14.280275344848633,17.392778396606445,353.0
6,58,-1.566706657409668,1.479459285736084,1.0
6,59,-6.64691162109375,3.7787084579467773,6.0
6,60,-10.02155590057373,28.233768463134766,363.0
6,61,-24.367094039916992,4.192756652832031,105.0
6,62,-8.748543739318848,4.297745704650879,9.0
6,63,-4.37632417678833,2.0738096237182617,10.0
6,64,-9.257744789123535,3.1810715198516846,28.0
6,65,-10.553083419799805,4.515804767608643,5.0
6,66,-18.617624282836914,22.26325225830078,63.0
6,67,-6.406031608581543,2.497143268585205,2.0
6,68,-6.576592922210693,3.725937604904175,16.0
6,69,-16.221513748168945,5.0639729499816895,63.0
6,70,-6.302412033081055,3.5271224975585938,12.0
6,71,-14.981810569763184,20.012603759765625,43.0
6,72,-13.462664604187012,6.843079566955566,32.0
6,73,-9.556057929992676,3.3019304275512695,11.0
6,74,-16.30055046081543,10.26407527923584,25.0
6,75,-0.6318535804748535,1.3715298175811768,1.0
6,76,-14.219473838806152,5.914661407470703,5.0
6,77,-8.235344886779785,7.836843967437744,25.0
6,78,-37.2681884765625,17.580381393432617,4039.0
6,79,-17.344045639038086,11.914078712463379,13.0
6,80,-11.780319213867188,3.2479755878448486,5.0
6,81,-5.957850456237793,7.285966873168945,33.0
6,82,-11.14048957824707,2.7532217502593994,69.0
6,83,-15.927095413208008,3.7706899642944336,9.0
6,84,-23.89309310913086,14.22197151184082,209.0
6,85,-10.169151306152344,29.657562255859375,115.0
6,86,-35.622764587402344,5.049132823944092,603.0
6,87,-9.901638984680176,3.0047128200531006,5.0
6,88,-15.126991271972656,6.625155925750732,36.0
6,89,-23.48162078857422,50.0790901184082,3063.0
6,90,-8.64333724975586,3.437561511993408,40.0
6,91,-10.709359169006348,35.50900650024414,176.0
6,92,-12.897526741027832,8.581321716308594,92.0
6,93,-11.948060989379883,19.826417922973633,13.0
6,94,-17.503644943237305,79.51226043701172,1260.0
6,95,-3.695035934448242,1.8512096405029297,2.0
6,96,-4.077203750610352,2.771256923675537,1.0
6,97,-16.285091400146484,3437.657958984375,9112.0
6,98,-32.26960372924805,18.79517936706543,225.0
6,99,-10.742338180541992,2.447812557220459,7.0
6,100,-41.89161682128906,4.718737602233887,83.0
6,101,-9.30081558227539,6.424785137176514,116.0
6,102,-5.767927169799805,6.839005470275879,46.0
6,103,-7.4127607345581055,11.833333015441895,10.0
6,104,-10.810190200805664,36.72275924682617,196.0
6,105,-18.932140350341797,8.195384979248047,52.0
6,106,-17.206323623657227,8.591647148132324,86.0
6,107,-0.9934217929840088,1.3925554752349854,1.0
6,108,-4.048326015472412,1.78306245803833,2.0
6,109,-7.901751518249512,4.856657028198242,90.0
6,110,-6.604761123657227,3.0065507888793945,7.0
6,111,-13.273221015930176,14.219926834106445,417.0
6,112,-9.823356628417969,4.068753242492676,6.0
6,113,-13.468170166015625,14.785308837890625,159.0
6,114,-1.791670560836792,1.5650497674942017,1.0
6,115,-12.75741195678711,24.27271842956543,41.0
6,116,-10.682344436645508,3.27699613571167,9.0
6,117,-9.550557136535645,3.913238525390625,9.0
6,118,-45.37071228027344,10.890952110290527,168.0
6,119,-7.442663192749023,11.951869010925293,12.0
6,120,-2.6556143760681152,1.700840950012207,3.0
6,121,-32.5955810546875,19.360496520996094,102.0
6,122,-56.260833740234375,166.43771362304688,383.0
6,123,-27.689533233642578,4.656702041625977,259.0
6,124,-14.675372123718262,8.137490272521973,35.0
6,125,-24.803613662719727,5.880764007568359,530.0
6,126,-26.374540328979492,7.605036735534668,49.0
6,127,-16.899322509765625,3.6691055297851562,57.0
6,128,-36.40168762207031,4.289059638977051,49.0
6,129,-8.082694053649902,7.5434041023254395,9.0
6,130,-7.362573623657227,11.637017250061035,32.0
6,131,-7.490635871887207,12.144527435302734,139.0
6,132,-27.27740478515625,915.3909301757812,1136.0
6,133,-15.455926895141602,47.654720306396484,2373.0
6,134,-12.382062911987305,22.0986328125,148.0
6,135,-19.6125431060791,18147.19921875,4938.0
6,136,-13.974376678466797,16.3605899810791,138.0
6,137,-20.43505096435547,18.528182983398438,285.0
6,138,-12.756514549255371,24.267271041870117,204.0
6,139,-5.3854193687438965,2.4536333084106445,2.0
6,140,-6.615729331970215,3.755216360092163,18.0
6,141,-4.47760534286499,9.38209056854248,2.0
6,142,-11.041131973266602,15.804314613342285,16.0
6,143,-8.367339134216309,8.099762916564941,7.0
6,144,-47.30583572387695,51.529422760009766,102.0
6,145,-2.735427141189575,1.4076594114303589,3.0
6,146,-9.110923767089844,3.123222827911377,11.0
6,147,-5.0788044929504395,2.7614636421203613,5.0
6,148,-8.162199020385742,7.694839000701904,11.0
8,0,-3.6297125816345215,1.6795575618743896,2.0
8,1,-7.1403069496154785,3.2872495651245117,16.0
8,2,-3.5488626956939697,2.428359031677246,1.0
8,3,-8.822894096374512,3.52687931060791,22.0
8,4,-35.874725341796875,8.250534057617188,145.0
8,5,-12.014625549316406,3.799838066101074,114.0
8,6,-27.70632553100586,6.341329097747803,29.0
8,7,-51.96337890625,11.875133514404297,80.0
8,8,-14.67757511138916,18.83119773864746,72.0
8,9,-2.295051097869873,2.149030923843384,1.0
8,10,-2.5446419715881348,3.569127082824707,1.0
8,11,-20.853347778320312,4.973399639129639,225.0
8,12,-7.645338535308838,2.9807984828948975,53.0
8,13,-1.2581082582473755,1.8758355379104614,1.0
8,14,-8.373750686645508,3.307690143585205,54.0
8,15,-14.920035362243652,5.247657299041748,45.0
8,16,-21.60267448425293,75.22883605957031,2343.0
8,17,-17.31122589111328,6.844665050506592,14.0
8,18,-9.478536605834961,4.853771686553955,55.0
8,19,-14.597148895263672,38.44725036621094,194.0
8,20,-9.826040267944336,26.4523983001709,42.0
8,21,-16.711408615112305,10.884547233581543,69.0
8,22,-22.361167907714844,24.396814346313477,82.0
8,23,-6.802114009857178,29.995790481567383,29.0
8,24,-21.58201789855957,36.488712310791016,144.0
8,25,-4.58962345123291,2.1488595008850098,7.0
8,26,-10.886696815490723,3.899456262588501,10.0
8,27,-15.100337982177734,153.46090698242188,1179.0
8,28,-14.101346969604492,16.781370162963867,857.0
8,29,-28.159255981445312,109.20307159423828,2631.0
8,30,-15.97918701171875,205.69520568847656,844.0
8,31,-25.70343017578125,72.5230941772461,438.0
8,32,-16.771806716918945,3.633291244506836,13.0
8,33,-11.268037796020508,6.540452480316162,28.0
8,34,-13.236475944519043,6.625495910644531,56.0
8,35,-2.380312919616699,1.6097238063812256,1.0
8,36,-4.805416584014893,11.053071022033691,5.0
8,37,-14.651697158813477,8.110013961791992,22.0
8,38,-19.696006774902344,4.549773693084717,29.0
8,39,-13.274772644042969,6.661842346191406,29.0
8,40,-8.899035453796387,9.251252174377441,68.0
8,41,-8.585174560546875,17.491670608520508,24.0
8,42,-19.56937599182129,4.505670070648193,29.0
8,43,-12.756163597106934,4.126177787780762,67.0
8,44,-19.526988983154297,4.491003036499023,89.0
8,45,-17.236125946044922,6.787788391113281,379.0
8,46,-7.668313026428223,12.885522842407227,8.0
8,47,-4.063212871551514,3.8744523525238037,9.0
8,48,-23.45253562927246,7.0595269203186035,172.0
8,49,-10.46237564086914,13.675335884094238,214.0
8,50,-5.1799540519714355,13.32946491241455,31.0
8,51,-2.0138604640960693,1.2507736682891846,2.0
8,52,-13.562137603759766,2.838402509689331,11.0
8,53,-14.959278106689453,146.41220092773438,239.0
8,54,-14.271007537841797,7.6807355880737305,19.0
8,55,-6.9460649490356445,3.1825332641601562,34.0
8,56,-6.081416130065918,7.5923309326171875,51.0
8,57,-14.28487777709961,17.408794403076172,358.0
8,58,-1.413795828819275,1.423970341682434,1.0
8,59,-6.706484317779541,3.8239996433258057,7.0
8,60,-10.110268592834473,29.081130981445312,426.0
8,61,-23.303211212158203,3.9384100437164307,75.0
8,62,-8.587928771972656,4.184225082397461,9.0
8,63,-4.022214412689209,1.9549587965011597,9.0
8,64,-8.377305030822754,2.8495559692382812,21.0
8,65,-10.160725593566895,4.269651889801025,5.0
8,66,-16.089323043823242,14.607773780822754,62.0
8,67,-6.316962242126465,2.4655704498291016,2.0
8,68,-6.497709274291992,3.6676158905029297,16.0
8,69,-15.53422737121582,4.72762393951416,61.0
8,70,-5.787582874298096,3.182021379470825,11.0
8,71,-15.049365997314453,20.284828186035156,47.0
8,72,-12.856691360473633,6.275606632232666,27.0
8,73,-9.813956260681152,3.410109758377075,11.0
8,74,-15.945292472839355,9.756160736083984,24.0
8,75,-0.5837637186050415,1.3389447927474976,1.0
8,76,-12.829778671264648,4.971503734588623,6.0
8,77,-8.126237869262695,7.625969409942627,25.0
8,78,-34.73426818847656,14.466952323913574,4050.0
8,79,-15.102912902832031,8.649996757507324,10.0
8,80,-8.304783821105957,2.2944161891937256,4.0
8,81,-5.6554646492004395,6.587374687194824,29.0
8,82,-10.831162452697754,2.676877975463867,69.0
8,83,-15.408344268798828,3.6111583709716797,8.0
8,84,-23.5667724609375,13.715550422668457,180.0
8,85,-9.905424118041992,27.161705017089844,101.0
8,86,-32.41542053222656,4.364171504974365,509.0
8,87,-9.326414108276367,2.818678617477417,5.0
8,88,-14.712789535522461,6.290865898132324,32.0
8,89,-23.896562576293945,53.66496658325195,3186.0
8,90,-8.274750709533691,3.2612390518188477,31.0
8,91,-10.67752456665039,35.134193420410156,172.0
8,92,-12.768733978271484,8.399081230163574,86.0
8,93,-11.541902542114258,17.912084579467773,13.0
8,94,-17.446147918701172,78.37751007080078,1275.0
8,95,-3.4532997608184814,1.7781081199645996,2.0
8,96,-3.947890281677246,2.6830992698669434,1.0
8,97,-16.348434448242188,3548.2763671875,8782.0
8,98,-31.56145477294922,17.623321533203125,194.0
8,99,-10.391345977783203,2.3772528171539307,7.0
8,100,-39.336181640625,4.2926130294799805,28.0
8,101,-9.083032608032227,6.150949954986572,110.0
8,102,-5.715847969055176,6.721306800842285,45.0
8,103,-7.261235237121582,11.25049114227295,10.0
8,104,-10.661750793457031,34.949947357177734,195.0
8,105,-18.64583969116211,7.938782691955566,51.0
8,106,-16.888898849487305,8.257421493530273,80.0
8,107,-0.9454180002212524,1.3704502582550049,1.0
8,108,-3.911794900894165,1.7486215829849243,2.0
8,109,-8.108564376831055,5.061753273010254,107.0
8,110,-6.381917953491211,2.8969340324401855,6.0
8,111,-13.200820922851562,14.015504837036133,375.0
8,112,-9.470634460449219,3.8688132762908936,6.0
8,113,-13.210578918457031,14.04288387298584,144.0
8,114,-1.7831419706344604,1.5617163181304932,1.0
8,115,-12.55712890625,23.087289810180664,38.0
8,116,-10.298175811767578,3.140059471130371,10.0
8,117,-9.323482513427734,3.788332939147949,9.0
8,118,-41.689125061035156,8.972501754760742,166.0
8,119,-7.330596446990967,11.513638496398926,11.0
8,120,-2.501237154006958,1.6491292715072632,3.0
8,121,-31.998512268066406,18.337636947631836,100.0
8,122,-54.062713623046875,136.2909698486328,373.0
8,123,-27.938688278198242,4.721607685089111,254.0
8,124,-14.327188491821289,7.742628574371338,33.0
8,125,-21.762500762939453,4.732551097869873,457.0
8,126,-25.488662719726562,7.10405969619751,49.0
8,127,-15.311505317687988,3.247248649597168,43.0
8,128,-34.30113220214844,3.9434077739715576,32.0
8,129,-7.087786674499512,5.882293701171875,8.0
8,130,-7.107808589935303,10.689581871032715,29.0
8,131,-7.176047325134277,10.935515403747559,103.0
8,132,-27.288009643554688,917.821044921875,1404.0
8,133,-15.551074981689453,48.801876068115234,2312.0
8,134,-12.15291976928711,20.86827278137207,128.0
8,135,-19.53573226928711,17463.462890625,4619.0
8,136,-13.941828727722168,16.25443458557129,144.0
8,137,-20.18996810913086,17.890701293945312,274.0
8,138,-12.656414031982422,23.667516708374023,190.0
8,139,-5.162723541259766,2.3642337322235107,2.0
8,140,-6.506505966186523,3.674074411392212,18.0
8,141,-4.554780960083008,9.751201629638672,2.0
8,142,-10.471559524536133,13.706769943237305,12.0
8,143,-6.736323356628418,5.3874969482421875,5.0
8,144,-46.24711990356445,47.17795181274414,97.0
8,145,-2.693480968475342,1.400297999382019,3.0
8,146,-8.68868637084961,2.9626550674438477,8.0
8,147,-3.622239589691162,2.063591480255127,3.0
8,148,-8.00529670715332,7.3988471031188965,10.0
10,0,-3.521085023880005,1.653694987297058,2.0
10,1,-7.09373664855957,3.261833429336548,19.0
10,2,-3.5348751544952393,2.41988205909729,1.0
10,3,-8.71444034576416,3.4726569652557373,19.0
10,4,-34.549163818359375,7.631648540496826,107.0
10,5,-11.828523635864258,3.722071647644043,103.0
10,6,-26.547847747802734,5.870011806488037,22.0
10,7,-50.16638946533203,10.901230812072754,68.0
10,8,-14.59305191040039,18.515539169311523,65.0
10,9,-2.1592798233032227,2.0539400577545166,1.0
10,10,-2.5153820514678955,3.5172908306121826,1.0
10,11,-20.191295623779297,4.7264604568481445,188.0
10,12,-7.25308084487915,2.8183579444885254,37.0
10,13,-1.2817573547363281,1.8981480598449707,1.0
10,14,-8.178157806396484,3.2165462970733643,45.0
10,15,-14.542866706848145,5.032284736633301,38.0
10,16,-21.76432991027832,77.70084381103516,2338.0
10,17,-16.98600196838379,6.601742267608643,13.0
10,18,-9.099729537963867,4.556804180145264,45.0
10,19,-14.327533721923828,35.94116973876953,155.0
10,20,-9.668357849121094,25.097944259643555,39.0
10,21,-15.329000473022461,8.933938026428223,42.0
10,22,-21.161724090576172,20.55498504638672,48.0
10,23,-6.744404315948486,29.14263343811035,28.0
10,24,-21.563983917236328,36.37919998168945,153.0
10,25,-4.47151517868042,2.10697340965271,7.0
10,26,-10.227638244628906,3.5910863876342773,9.0
10,27,-14.762639999389648,137.12319946289062,1097.0
10,28,-14.080455780029297,16.711400985717773,979.0
10,29,-28.074079513549805,107.66378784179688,2883.0
10,30,-16.03242301940918,209.37796020507812,817.0
10,31,-25.5682315826416,70.9072036743164,397.0
10,32,-16.44801139831543,3.5439136028289795,12.0
10,33,-11.03325080871582,6.289459705352783,27.0
10,34,-13.145984649658203,6.540396213531494,54.0
10,35,-2.3864049911499023,1.6116862297058105,1.0
10,36,-4.744693756103516,10.722527503967285,5.0
10,37,-14.510770797729492,7.948373317718506,22.0
10,38,-18.716447830200195,4.219542503356934,27.0
10,39,-12.966057777404785,6.374425888061523,27.0
10,40,-8.832194328308105,9.097945213317871,60.0
10,41,-8.2086181640625,15.428339958190918,16.0
10,42,-18.732036590576172,4.224605560302734,29.0
10,43,-12.195748329162598,3.8770833015441895,65.0
10,44,-18.862468719482422,4.267205238342285,85.0
10,45,-16.671344757080078,6.3749213218688965,306.0
10,46,-7.364800453186035,11.645658493041992,7.0
10,47,-3.896101236343384,3.6645312309265137,7.0
10,48,-23.11835289001465,6.865641117095947,167.0
10,49,-10.372223854064941,13.370569229125977,195.0
10,50,-5.210898399353027,13.537304878234863,32.0
10,51,-2.019514560699463,1.2515596151351929,2.0
10,52,-12.270929336547852,2.5700302124023438,7.0
10,53,-14.974031448364258,147.134033203125,241.0
10,54,-13.562749862670898,6.941623687744141,19.0
10,55,-6.577577590942383,2.992959976196289,30.0
10,56,-6.114027976989746,7.675315856933594,57.0
10,57,-13.995755195617676,16.43069076538086,348.0
10,58,-1.2472782135009766,1.365908145904541,1.0
10,59,-6.774168491363525,3.8761162757873535,7.0
10,60,-10.237659454345703,30.34261131286621,480.0
10,61,-22.53542137145996,3.7644925117492676,59.0
10,62,-8.267302513122559,3.966498613357544,9.0
10,63,-3.646890640258789,1.8364145755767822,7.0
10,64,-7.519251823425293,2.5597422122955322,18.0
10,65,-9.764676094055176,4.034788131713867,5.0
10,66,-14.805500984191895,11.793911933898926,56.0
10,67,-6.250298500061035,2.4422013759613037,2.0
10,68,-6.252058506011963,3.4917805194854736,12.0
10,69,-14.83438491821289,4.408076763153076,56.0
10,70,-5.478388786315918,2.9912092685699463,9.0
10,71,-15.174808502197266,20.800182342529297,50.0
10,72,-12.44255256652832,5.91509485244751,15.0
10,73,-10.006891250610352,3.4933507442474365,12.0
10,74,-15.594918251037598,9.279850959777832,22.0
10,75,-0.5861124992370605,1.3405182361602783,1.0
10,76,-12.255854606628418,4.627338409423828,7.0
10,77,-7.98961067199707,7.369889259338379,24.0
10,78,-34.22500991821289,13.91118335723877,3908.0
10,79,-14.184431076049805,7.5863261222839355,10.0
10,80,-6.813720703125,1.9765878915786743,4.0
10,81,-5.399011611938477,6.04765510559082,25.0
10,82,-10.285717964172363,2.547379732131958,67.0
10,83,-15.069233894348145,3.5105385780334473,8.0
10,84,-23.42868423461914,13.50671672821045,156.0
10,85,-9.549559593200684,24.123502731323242,89.0
10,86,-30.809247970581055,4.0569047927856445,496.0
10,87,-8.86578369140625,2.6780450344085693,4.0
10,88,-14.340642929077148,6.004927635192871,29.0
10,89,-24.33637046813965,57.74644470214844,3163.0
10,90,-7.897697448730469,3.0902204513549805,27.0
10,91,-10.775453567504883,36.30000305175781,174.0
10,92,-12.577644348144531,8.1358003616333,76.0
10,93,-11.35378646850586,17.08919906616211,12.0
10,94,-17.422056198120117,77.90686798095703,1381.0
10,95,-3.356757164001465,1.7497265338897705,2.0
10,96,-3.832167863845825,2.6065876483917236,1.0
10,97,-16.425424575805664,3687.53076171875,8651.0
10,98,-30.596105575561523,16.14263916015625,171.0
10,99,-10.156076431274414,2.331098794937134,7.0
10,100,-37.168487548828125,3.961452007293701,17.0
10,101,-8.959420204162598,6.0007476806640625,98.0
10,102,-5.594224452972412,6.4542670249938965,39.0
10,103,-7.215010643005371,11.078469276428223,9.0
10,104,-10.626802444458008,34.545162200927734,192.0
10,105,-18.402942657470703,7.727392196655273,51.0
10,106,-16.560075759887695,7.924898147583008,79.0
10,107,-0.9088523387908936,1.3538477420806885,1.0
10,108,-3.882389783859253,1.7412916421890259,2.0
10,109,-8.097413063049316,5.050476551055908,116.0
10,110,-6.035050392150879,2.73420786857605,6.0
10,111,-12.987478256225586,13.430061340332031,319.0
10,112,-9.293421745300293,3.772099256515503,6.0
10,113,-12.784317016601562,12.895305633544922,112.0
10,114,-1.7065246105194092,1.5320875644683838,1.0
10,115,-12.566572189331055,23.14185905456543,34.0
10,116,-9.956212043762207,3.0229878425598145,12.0
10,117,-9.234360694885254,3.7404069900512695,7.0
10,118,-39.173606872558594,7.859859466552734,145.0
10,119,-7.302030563354492,11.404526710510254,11.0
10,120,-2.28344464302063,1.5788377523422241,3.0
10,121,-31.161697387695312,16.99436378479004,87.0
10,122,-52.992942810058594,123.66053771972656,323.0
10,123,-28.276315689086914,4.811007022857666,255.0
10,124,-14.238512992858887,7.645164966583252,34.0
10,125,-20.820178985595703,4.424492835998535,497.0
10,126,-24.304157257080078,6.485381603240967,47.0
10,127,-13.766691207885742,2.883417844772339,33.0
10,128,-32.43711471557617,3.660078525543213,15.0
10,129,-6.156230926513672,4.6601972579956055,7.0
10,130,-6.991399765014648,10.282737731933594,28.0
10,131,-6.953324317932129,10.153056144714355,77.0
10,132,-27.229928970336914,904.5903930664062,1716.0
10,133,-15.657825469970703,50.1218147277832,2267.0
10,134,-11.959074020385742,19.881078720092773,113.0
10,135,-19.63086700439453,18314.2265625,4383.0
10,136,-14.009841918945312,16.477048873901367,148.0
10,137,-19.931663513183594,17.2425537109375,273.0
10,138,-12.418318748474121,22.29984474182129,179.0
10,139,-4.964105129241943,2.2872514724731445,2.0
10,140,-6.512371063232422,3.678386688232422,17.0
10,141,-4.532508850097656,9.643213272094727,2.0
10,142,-10.067821502685547,12.390813827514648,12.0
10,143,-6.02081823348999,4.505074977874756,4.0
10,144,-45.338157653808594,43.73636245727539,85.0
10,145,-2.685157537460327,1.3988418579101562,3.0
10,146,-8.387423515319824,2.8531625270843506,8.0
10,147,-3.0748629570007324,1.849605917930603,3.0
10,148,-7.893795967102051,7.195451259613037,11.0
12,0,-3.479153633117676,1.6438186168670654,2.0
12,1,-6.966640472412109,3.1934654712677,18.0
12,2,-3.4229912757873535,2.3531336784362793,1.0
12,3,-8.495634078979492,3.3657877445220947,18.0
12,4,-34.07342529296875,7.421040058135986,85.0
12,5,-11.616111755371094,3.635254383087158,94.0
12,6,-25.074569702148438,5.320876121520996,14.0
12,7,-48.92893981933594,10.277423858642578,63.0
12,8,-14.308396339416504,17.490875244140625,64.0
12,9,-2.049459218978882,1.9801113605499268,1.0
12,10,-2.4820966720581055,3.459238052368164,1.0
12,11,-19.427127838134766,4.456636905670166,161.0
12,12,-6.838095664978027,2.6561317443847656,30.0
12,13,-1.322445034980774,1.9371591806411743,1.0
12,14,-7.995989799499512,3.1339187622070312,39.0
12,15,-14.270082473754883,4.882047653198242,35.0
12,16,-21.901416778564453,79.86065673828125,2447.0
12,17,-16.606666564941406,6.3292717933654785,12.0
12,18,-8.889103889465332,4.399616241455078,42.0
12,19,-14.22205924987793,35.005836486816406,143.0
12,20,-9.465048789978027,23.45341682434082,41.0
12,21,-13.40395736694336,6.785928726196289,20.0
12,22,-19.65700340270996,16.5791072845459,28.0
12,23,-6.67216157913208,28.108747482299805,27.0
12,24,-21.47077751159668,35.81843948364258,150.0
12,25,-4.275486469268799,2.039247989654541,7.0
12,26,-9.500751495361328,3.279181957244873,9.0
12,27,-14.54306411743164,127.44541931152344,1031.0
12,28,-13.969305038452148,16.34400177001953,1052.0
12,29,-28.064836502075195,107.498046875,3083.0
12,30,-15.937887191772461,202.88294982910156,801.0
12,31,-25.54491424560547,70.63218688964844,378.0
12,32,-16.53626823425293,3.5680549144744873,12.0
12,33,-10.915111541748047,6.166832447052002,25.0
12,34,-13.146803855895996,6.541162014007568,54.0
12,35,-2.378528118133545,1.6091493368148804,1.0
12,36,-4.790524959564209,10.971076965332031,5.0
12,37,-14.51524543762207,7.953455448150635,21.0
12,38,-18.28460693359375,4.08167839050293,23.0
12,39,-12.789669036865234,6.2158074378967285,23.0
12,40,-8.826753616333008,9.085578918457031,59.0
12,41,-7.7985663414001465,13.457305908203125,10.0
12,42,-17.724103927612305,3.9094340801239014,29.0
12,43,-11.962737083435059,3.7779932022094727,67.0
12,44,-18.44818878173828,4.133363246917725,89.0
12,45,-16.159711837768555,6.022626876831055,253.0
12,46,-7.0521464347839355,10.493073463439941,6.0
12,47,-3.7813923358917236,3.5270578861236572,6.0
12,48,-23.061185836791992,6.833011150360107,155.0
12,49,-10.298005104064941,13.124770164489746,182.0
12,50,-5.148726940155029,13.12296199798584,32.0
12,51,-2.0862653255462646,1.2608766555786133,2.0
12,52,-11.619369506835938,2.444395065307617,5.0
12,53,-14.934629440307617,145.21420288085938,238.0
12,54,-13.252874374389648,6.6410346031188965,18.0
12,55,-6.25846004486084,2.837934970855713,29.0
12,56,-5.9646525382995605,7.3025054931640625,46.0
12,57,-13.953685760498047,16.293025970458984,345.0
12,58,-1.1211097240447998,1.32349693775177,1.0
12,59,-6.785619258880615,3.8850033283233643,7.0
12,60,-10.369194984436035,31.702587127685547,535.0
12,61,-21.723180770874023,3.5888583660125732,51.0
12,62,-7.904233932495117,3.733597755432129,8.0
12,63,-3.340646505355835,1.7450346946716309,7.0
12,64,-6.988758087158203,2.3955066204071045,18.0
12,65,-9.62695026397705,3.9561784267425537,5.0
12,66,-14.271407127380371,10.789441108703613,50.0
12,67,-6.065143585205078,2.3784501552581787,2.0
12,68,-6.120028018951416,3.400782585144043,12.0
12,69,-14.30712890625,4.1816792488098145,53.0
12,70,-5.1877570152282715,2.822298049926758,9.0
12,71,-15.215412139892578,20.96978187561035,52.0
12,72,-11.995319366455078,5.548996448516846,13.0
12,73,-9.936870574951172,3.4629085063934326,12.0
12,74,-15.079048156738281,8.62055778503418,20.0
12,75,-0.6104515194892883,1.3569313287734985,1.0
12,76,-12.04140853881836,4.504946708679199,7.0
12,77,-7.857300758361816,7.130099296569824,24.0
12,78,-33.82127380371094,13.485788345336914,3894.0
12,79,-13.595110893249512,6.973789215087891,8.0
12,80,-6.16835880279541,1.853055477142334,4.0
12,81,-5.413379669189453,6.07668924331665,25.0
12,82,-9.796270370483398,2.4365181922912598,65.0
12,83,-14.568933486938477,3.3671875,7.0
12,84,-23.635894775390625,13.821293830871582,156.0
12,85,-9.164097785949707,21.21480369567871,81.0
12,86,-29.638755798339844,3.8467018604278564,530.0
12,87,-8.626409530639648,2.607755661010742,4.0
12,88,-13.99361801147461,5.750014305114746,26.0
12,89,-24.787595748901367,62.25669479370117,3328.0
12,90,-7.677494049072266,2.9945225715637207,26.0
12,91,-10.932371139526367,38.249244689941406,184.0
12,92,-12.444693565368652,7.957504749298096,70.0
12,93,-11.26435375213623,16.711355209350586,10.0
12,94,-17.46197509765625,78.68824005126953,1476.0
12,95,-3.241114616394043,1.7163256406784058,2.0
12,96,-3.695239543914795,2.518868923187256,1.0
12,97,-16.547977447509766,3920.555908203125,8916.0
12,98,-30.079959869384766,15.40268611907959,142.0
12,99,-9.830925941467285,2.2687835693359375,7.0
12,100,-34.86461639404297,3.637446880340576,17.0
12,101,-8.87827205657959,5.904144287109375,99.0
12,102,-5.482181549072266,6.2176618576049805,35.0
12,103,-7.167908668518066,10.905889511108398,9.0
12,104,-10.638886451721191,34.68458938598633,189.0
12,105,-17.999364852905273,7.3885345458984375,48.0
12,106,-16.274972915649414,7.6474456787109375,82.0
12,107,-0.8555744290351868,1.3300167322158813,1.0
12,108,-3.8709323406219482,1.7384438514709473,2.0
12,109,-8.105921745300293,5.059078693389893,126.0
12,110,-5.771710395812988,2.6167988777160645,5.0
12,111,-12.918539047241211,13.246162414550781,291.0
12,112,-9.151774406433105,3.6965363025665283,6.0
12,113,-12.487659454345703,12.15246295928955,96.0
12,114,-1.722285270690918,1.5381360054016113,1.0
12,115,-12.578641891479492,23.211793899536133,32.0
12,116,-9.808897018432617,2.973909616470337,12.0
12,117,-9.05804443359375,3.647369861602783,6.0
12,118,-37.001731872558594,7.010854244232178,117.0
12,119,-7.2422194480896,11.179404258728027,11.0
12,120,-2.1746363639831543,1.5448507070541382,3.0
12,121,-29.846160888671875,15.078763961791992,66.0
12,122,-52.06476593017578,113.65420532226562,293.0
12,123,-28.503889083862305,4.872218608856201,255.0
12,124,-14.192560195922852,7.595139503479004,34.0
12,125,-20.1868953704834,4.228812217712402,504.0
12,126,-23.265399932861328,5.987333297729492,44.0
12,127,-12.44918441772461,2.605512857437134,31.0
12,128,-31.27195930480957,3.4934098720550537,12.0
12,129,-5.453869342803955,3.9097259044647217,6.0
12,130,-6.907644271850586,9.99963092803955,28.0
12,131,-6.862438201904297,9.850078582763672,72.0
12,132,-26.82107162475586,816.69677734375,1781.0
12,133,-15.672622680664062,50.30757522583008,2292.0
12,134,-11.816760063171387,19.186176300048828,104.0
12,135,-19.555246353149414,17634.689453125,4089.0
12,136,-13.854591369628906,15.973297119140625,149.0
12,137,-19.840003967285156,17.01824951171875,277.0
12,138,-12.201855659484863,21.12514305114746,153.0
12,139,-4.797560214996338,2.2246360778808594,2.0
12,140,-6.522383689880371,3.6857597827911377,12.0
12,141,-4.580873489379883,9.879251480102539,2.0
12,142,-9.626176834106445,11.095551490783691,10.0
12,143,-6.054248809814453,4.542884826660156,5.0
12,144,-44.28116226196289,40.04872512817383,75.0
12,145,-2.6166200637817383,1.3869088888168335,3.0
12,146,-8.08907413482666,2.7487170696258545,7.0
12,147,-2.9386816024780273,1.7999093532562256,3.0
12,148,-7.925754547119141,7.253170490264893,12.0
14,0,-3.4086289405822754,1.627340316772461,2.0
14,1,-6.927946090698242,3.1729371547698975,18.0
14,2,-3.3275041580200195,2.2976250648498535,1.0
14,3,-8.318182945251465,3.281536817550659,18.0
14,4,-33.54343032836914,7.193249225616455,69.0
14,5,-11.335851669311523,3.523797035217285,89.0
14,6,-23.42656707763672,4.767257213592529,13.0
14,7,-47.44135284423828,9.574584007263184,61.0
14,8,-13.925506591796875,16.201459884643555,57.0
14,9,-2.0141820907592773,1.9569635391235352,1.0
14,10,-2.4021215438842773,3.3236405849456787,1.0
14,11,-18.845172882080078,4.261532306671143,149.0
14,12,-6.358986854553223,2.480417013168335,23.0
14,13,-1.332042932510376,1.9464777708053589,1.0
14,14,-7.661200046539307,2.987560272216797,31.0
14,15,-13.965874671936035,4.719788074493408,34.0
14,16,-21.942583084106445,80.5208740234375,2377.0
14,17,-16.009958267211914,5.923243999481201,10.0
14,18,-8.559003829956055,4.164102554321289,38.0
14,19,-13.971054077148438,32.876678466796875,124.0
14,20,-9.26913070678711,21.97071075439453,41.0
14,21,-11.4531888961792,5.135461807250977,12.0
14,22,-17.99354362487793,13.072442054748535,15.0
14,23,-6.637744903564453,27.629179000854492,26.0
14,24,-21.37873649597168,35.27317428588867,149.0
14,25,-4.245030403137207,2.0289227962493896,6.0
14,26,-9.041936874389648,3.0964059829711914,9.0
14,27,-14.44408893585205,123.30936431884766,947.0
14,28,-14.06032943725586,16.644268035888672,1150.0
14,29,-28.040748596191406,107.06735229492188,3207.0
14,30,-15.940824508666992,203.0816650390625,804.0
14,31,-25.338274002075195,68.24102020263672,350.0
14,32,-16.31165885925293,3.506937026977539,12.0
14,33,-10.821523666381836,6.071388244628906,23.0
14,34,-13.163917541503906,6.557173728942871,55.0
14,35,-2.3695433139801025,1.6062602996826172,1.0
14,36,-4.80599308013916,11.056257247924805,5.0
14,37,-14.393835067749023,7.81669807434082,21.0
14,38,-17.970487594604492,3.984234571456909,20.0
14,39,-12.707502365112305,6.1432719230651855,20.0
14,40,-9.078465461730957,9.675687789916992,59.0
14,41,-7.454143047332764,11.997692108154297,8.0
14,42,-16.747163772583008,3.626410722732544,27.0
14,43,-11.835566520690918,3.7249855995178223,71.0
14,44,-18.16761016845703,4.045108795166016,94.0
14,45,-15.679598808288574,5.709763526916504,211.0
14,46,-6.841634273529053,9.782007217407227,5.0
14,47,-3.720066785812378,3.455690383911133,6.0
14,48,-22.939250946044922,6.7639312744140625,147.0
14,49,-10.28451919555664,13.080594062805176,175.0
14,50,-5.079037666320801,12.673571586608887,33.0
14,51,-2.145951271057129,1.2692662477493286,2.0
14,52,-11.099283218383789,2.3485333919525146,5.0
14,53,-14.928879737854004,144.9361114501953,225.0
14,54,-12.923779487609863,6.3360419273376465,18.0
14,55,-5.949918270111084,2.6956868171691895,25.0
14,56,-5.833393096923828,6.98988676071167,42.0
14,57,-14.093639373779297,16.755523681640625,364.0
14,58,-0.9773777723312378,1.276784062385559,1.0
14,59,-6.640417098999023,3.7738037109375,7.0
14,60,-10.407081604003906,32.10549545288086,562.0
14,61,-20.85769271850586,3.4107186794281006,44.0
14,62,-7.5584001541137695,3.5244812965393066,8.0
14,63,-2.933952569961548,1.630671739578247,6.0
14,64,-6.652371406555176,2.296867847442627,17.0
14,65,-9.490653038024902,3.8798928260803223,5.0
14,66,-13.80736255645752,9.986429214477539,41.0
14,67,-5.921315670013428,2.3300793170928955,2.0
14,68,-6.056206226348877,3.357649564743042,11.0
14,69,-13.840072631835938,3.9908618927001953,46.0
14,70,-4.844917297363281,2.6352643966674805,5.0
14,71,-15.383834838867188,21.68817138671875,48.0
14,72,-11.398822784423828,5.095731735229492,13.0
14,73,-9.759031295776367,3.386777639389038,12.0
14,74,-14.673835754394531,8.135703086853027,19.0
14,75,-0.6052452921867371,1.3534035682678223,1.0
14,76,-11.774438858032227,4.357091903686523,7.0
14,77,-7.75572395324707,6.9513163566589355,24.0
14,78,-33.39929962158203,13.055074691772461,3914.0
14,79,-13.026768684387207,6.4299516677856445,8.0
14,80,-5.909500598907471,1.805703043937683,4.0
14,81,-5.455597400665283,6.162807464599609,26.0
14,82,-9.292484283447266,2.3274455070495605,63.0
14,83,-13.99951457977295,3.2111406326293945,7.0
14,84,-23.730789184570312,13.967795372009277,148.0
14,85,-8.80391788482666,18.814714431762695,65.0
14,86,-28.585180282592773,3.666825771331787,520.0
14,87,-8.344131469726562,2.5272347927093506,4.0
14,88,-13.99462890625,5.7507405281066895,25.0
14,89,-25.203022003173828,66.71994018554688,3430.0
14,90,-7.320878982543945,2.845787763595581,18.0
14,91,-11.04576587677002,39.7226676940918,186.0
14,92,-12.451583862304688,7.966649055480957,68.0
14,93,-11.220280647277832,16.528236389160156,10.0
14,94,-17.393226623535156,77.34737396240234,1515.0
14,95,-3.109426975250244,1.6790661811828613,2.0
14,96,-3.562316417694092,2.436540365219116,1.0
14,97,-16.712020874023438,4255.68212890625,9370.0
14,98,-29.302284240722656,14.351350784301758,117.0
14,99,-9.439085006713867,2.1958963871002197,7.0
14,100,-32.48628616333008,3.3307442665100098,16.0
14,101,-8.816474914550781,5.831621170043945,97.0
14,102,-5.380092620849609,6.009635925292969,30.0
14,103,-7.042694091796875,10.460065841674805,9.0
14,104,-10.576454162597656,33.97024154663086,178.0
14,105,-17.581707000732422,7.053493976593018,45.0
14,106,-16.002120971679688,7.391015529632568,85.0
14,107,-0.8405014872550964,1.3233509063720703,1.0
14,108,-3.753134250640869,1.7094334363937378,2.0
14,109,-8.263869285583496,5.2214436531066895,137.0
14,110,-5.516275882720947,2.5077335834503174,5.0
14,111,-12.912609100341797,13.230463027954102,256.0
14,112,-9.013382911682129,3.624173164367676,6.0
14,113,-12.237616539001465,11.55968189239502,88.0
14,114,-1.7205884456634521,1.5374836921691895,1.0
14,115,-12.447220802307129,22.46155548095703,30.0
14,116,-9.682921409606934,2.932572841644287,11.0
14,117,-8.960999488830566,3.597153425216675,6.0
14,118,-35.199012756347656,6.376246929168701,109.0
14,119,-7.307226657867432,11.424294471740723,11.0
14,120,-2.105597496032715,1.5236663818359375,3.0
14,121,-28.160045623779297,12.935872077941895,51.0
14,122,-51.571746826171875,108.6727066040039,265.0
14,123,-28.70444107055664,4.926807403564453,253.0
14,124,-14.150498390197754,7.54964017868042,32.0
14,125,-19.532024383544922,4.035558223724365,477.0
14,126,-22.358234405517578,5.583769798278809,42.0
14,127,-11.632405281066895,2.446847438812256,29.0
14,128,-30.45796012878418,3.3814966678619385,10.0
14,129,-4.870589256286621,3.379228115081787,6.0
14,130,-6.941238880157471,10.112236022949219,31.0
14,131,-6.8118896484375,9.685500144958496,71.0
14,132,-26.298194885253906,716.6221313476562,1856.0
14,133,-15.633831977844238,49.82206726074219,2283.0
14,134,-11.763871192932129,18.934162139892578,100.0
14,135,-19.658599853515625,18569.94921875,3927.0
14,136,-13.675997734069824,15.412817001342773,145.0
14,137,-19.76323699951172,16.832637786865234,271.0
14,138,-12.150860786437988,20.857532501220703,150.0
14,139,-4.635583877563477,2.1653831005096436,2.0
14,140,-6.569067001342773,3.720334053039551,12.0
14,141,-4.522698402404785,9.596027374267578,3.0
14,142,-9.141199111938477,9.828632354736328,7.0
14,143,-6.240897178649902,4.759888648986816,5.0
14,144,-42.87297439575195,35.61432647705078,67.0
14,145,-2.5042364597320557,1.367561936378479,3.0
14,146,-7.725157260894775,2.6264803409576416,6.0
14,147,-2.8893561363220215,1.782240390777588,3.0
14,148,-8.003767013549805,7.3960185050964355,12.0
16,0,-3.311903476715088,1.605008602142334,2.0
16,1,-6.952814102172852,3.186115264892578,18.0
16,2,-3.204540252685547,2.2280685901641846,1.0
16,3,-8.174848556518555,3.2150261402130127,17.0
16,4,-32.782352447509766,6.878314971923828,59.0
16,5,-11.121345520019531,3.4408035278320312,88.0
16,6,-21.833314895629883,4.286859035491943,12.0
16,7,-45.559356689453125,8.753846168518066,62.0
16,8,-13.563859939575195,15.070992469787598,52.0
16,9,-1.9591647386550903,1.9214016199111938,1.0
16,10,-2.3441905975341797,3.228750705718994,1.0
16,11,-18.326946258544922,4.0949931144714355,141.0
16,12,-5.938047409057617,2.3356552124023438,20.0
16,13,-1.3049416542053223,1.920279622077942,1.0
16,14,-7.346199989318848,2.856100559234619,25.0
16,15,-13.700776100158691,4.582792282104492,30.0
16,16,-21.94936752319336,80.63021850585938,2363.0
16,17,-15.403550148010254,5.537291526794434,8.0
16,18,-8.35073471069336,4.022039413452148,35.0
16,19,-13.806619644165039,31.552566528320312,114.0
16,20,-9.133501052856445,20.999534606933594,40.0
16,21,-9.614227294921875,3.9489946365356445,9.0
16,22,-16.369274139404297,10.36534309387207,11.0
16,23,-6.596047401428223,27.059110641479492,27.0
16,24,-21.139507293701172,33.89445114135742,156.0
16,25,-4.0627241134643555,1.9682024717330933,5.0
16,26,-8.574941635131836,2.9208295345306396,9.0
16,27,-14.259751319885254,115.96060943603516,879.0
16,28,-13.94501781463623,16.26480484008789,1139.0
16,29,-27.977012634277344,105.9360580444336,3202.0
16,30,-15.9415922164917,203.1336669921875,819.0
16,31,-25.220443725585938,66.9139404296875,336.0
16,32,-16.281869888305664,3.498910427093506,12.0
16,33,-10.739303588867188,5.988757610321045,22.0
16,34,-13.225539207458496,6.615151405334473,55.0
16,35,-2.373831272125244,1.6076383590698242,1.0
16,36,-4.757062911987305,10.789048194885254,5.0
16,37,-14.153703689575195,7.553096771240234,18.0
16,38,-17.594480514526367,3.8706464767456055,18.0
16,39,-12.551668167114258,6.008021831512451,18.0
16,40,-9.12350845336914,9.785260200500488,58.0
16,41,-7.179405212402344,10.947762489318848,7.0
16,42,-15.866066932678223,3.3887691497802734,27.0
16,43,-11.773536682128906,3.6994004249572754,75.0
16,44,-17.804988861083984,3.933833599090576,92.0
16,45,-15.181740760803223,5.402490615844727,168.0
16,46,-6.658058166503906,9.201373100280762,5.0
16,47,-3.720393180847168,3.456066131591797,6.0
16,48,-22.589210510253906,6.569477558135986,140.0
16,49,-10.312332153320312,13.17186450958252,171.0
16,50,-5.036819934844971,12.40885066986084,31.0
16,51,-2.185743808746338,1.274890661239624,3.0
16,52,-10.656673431396484,2.269918918609619,5.0
16,53,-14.876169204711914,142.41183471679688,215.0
16,54,-12.630254745483398,6.0758514404296875,16.0
16,55,-5.684551239013672,2.5790605545043945,23.0
16,56,-5.759670734405518,6.820209980010986,41.0
16,57,-14.173530578613281,17.0253963470459,364.0
16,58,-0.9149012565612793,1.256996750831604,1.0
16,59,-6.314079284667969,3.5353622436523438,7.0
16,60,-10.489212989807129,32.99659729003906,587.0
16,61,-20.13854217529297,3.269444465637207,36.0
16,62,-7.312455177307129,3.3829309940338135,6.0
16,63,-2.641768217086792,1.5531649589538574,5.0
16,64,-6.31399393081665,2.201742649078369,15.0
16,65,-9.287314414978027,3.7688097953796387,5.0
16,66,-13.320412635803223,9.207963943481445,34.0
16,67,-5.719089984893799,2.2637276649475098,2.0
16,68,-5.933884620666504,3.276503324508667,10.0
16,69,-13.337242126464844,3.7951509952545166,39.0
16,70,-4.576742649078369,2.497645616531372,4.0
16,71,-15.536212921142578,22.35930633544922,52.0
16,72,-10.711980819702148,4.619483947753906,11.0
16,73,-9.504905700683594,3.2808849811553955,12.0
16,74,-14.25868034362793,7.667222499847412,18.0
16,75,-0.5967545509338379,1.3476701974868774,1.0
16,76,-11.557595252990723,4.240577220916748,7.0
16,77,-7.590432167053223,6.669921398162842,22.0
16,78,-32.761268615722656,12.4298095703125,3890.0
16,79,-12.616571426391602,6.063986301422119,6.0
16,80,-5.546302318572998,1.7412970066070557,4.0
16,81,-5.411147117614746,6.072168350219727,28.0
16,82,-8.887207984924316,2.243255376815796,59.0
16,83,-13.549695014953613,3.092999219894409,6.0
16,84,-23.815147399902344,14.099332809448242,152.0
16,85,-8.605576515197754,17.61103057861328,58.0
16,86,-27.63327407836914,3.5115511417388916,527.0
16,87,-8.104990005493164,2.4609670639038086,4.0
16,88,-13.934829711914062,5.707914352416992,25.0
16,89,-25.441503524780273,69.42525482177734,3480.0
16,90,-7.114054203033447,2.762934684753418,16.0
16,91,-11.189737319946289,41.67546463012695,193.0
16,92,-12.453727722167969,7.969496726989746,67.0
16,93,-11.249812126159668,16.650712966918945,10.0
16,94,-17.3004207611084,75.5734634399414,1473.0
16,95,-2.9739346504211426,1.641574501991272,1.0
16,96,-3.5014777183532715,2.39976167678833,1.0
16,97,-16.907461166381836,4692.54638671875,10067.0
16,98,-28.84855079650879,13.771421432495117,102.0
16,99,-9.090949058532715,2.133105993270874,5.0
16,100,-30.142566680908203,3.053813934326172,15.0
16,101,-8.699737548828125,5.697044849395752,90.0
16,102,-5.268704414367676,5.79059362411499,30.0
16,103,-7.022097587585449,10.388497352600098,8.0
16,104,-10.441468238830566,32.47561264038086,157.0
16,105,-17.074031829833984,6.66663122177124,44.0
16,106,-15.786626815795898,7.194582939147949,88.0
16,107,-0.8016601800918579,1.3063279390335083,1.0
16,108,-3.6029739379882812,1.6731541156768799,2.0
16,109,-8.388471603393555,5.353199005126953,150.0
16,110,-5.245900630950928,2.3972368240356445,5.0
16,111,-12.708748817443848,12.701876640319824,214.0
16,112,-8.756217002868652,3.4934442043304443,5.0
16,113,-12.070730209350586,11.180216789245605,81.0
16,114,-1.719821810722351,1.5371891260147095,1.0
16,115,-12.358054161071777,21.966388702392578,30.0
16,116,-9.592338562011719,2.903205394744873,11.0
16,117,-8.835412979125977,3.5331923961639404,6.0
16,118,-33.322669982910156,5.7766547203063965,87.0
16,119,-7.306796073913574,11.42265510559082,11.0
16,120,-2.051619052886963,1.5073058605194092,2.0
16,121,-26.72254180908203,11.35118293762207,41.0
16,122,-50.901100158691406,102.24508666992188,229.0
16,123,-28.921287536621094,4.986519813537598,254.0
16,124,-14.02695369720459,7.417562007904053,31.0
16,125,-19.111255645751953,3.91607403755188,485.0
16,126,-21.505069732666016,5.229084014892578,42.0
16,127,-10.99007797241211,2.328887462615967,21.0
16,128,-29.939208984375,3.312053680419922,9.0
16,129,-4.454432487487793,3.0453264713287354,6.0
16,130,-6.894467353820801,9.955804824829102,31.0
16,131,-6.72573709487915,9.411312103271484,65.0
16,132,-25.722522735595703,620.5652465820312,1921.0
16,133,-15.615484237670898,49.594058990478516,2238.0
16,134,-11.621543884277344,18.272294998168945,91.0
16,135,-19.64567756652832,18450.353515625,3684.0
16,136,-13.472116470336914,14.796981811523438,146.0
16,137,-19.487628936767578,16.182767868041992,256.0
16,138,-11.97687816619873,19.969768524169922,141.0
16,139,-4.460634231567383,2.1031558513641357,2.0
16,140,-6.546774864196777,3.7037839889526367,8.0
16,141,-4.491282939910889,9.446473121643066,3.0
16,142,-8.66517448425293,8.725882530212402,5.0
16,143,-6.236029624938965,4.754100322723389,5.0
16,144,-41.35329055786133,31.37801742553711,63.0
16,145,-2.387521743774414,1.3477550745010376,3.0
16,146,-7.353017807006836,2.50710129737854,6.0
16,147,-2.7845938205718994,1.745286464691162,3.0
16,148,-8.034971237182617,7.4539408683776855,12.0
18,0,-3.212632417678833,1.5824075937271118,2.0
18,1,-6.760741233825684,3.08573579788208,19.0
18,2,-3.176802396774292,2.2126715183258057,1.0
18,3,-8.014799118041992,3.142350912094116,16.0
18,4,-31.84755516052246,6.510300159454346,44.0
18,5,-10.773988723754883,3.310535192489624,81.0
18,6,-20.176542282104492,3.838581085205078,12.0
18,7,-43.809112548828125,8.053834915161133,63.0
18,8,-13.278932571411133,14.23617935180664,49.0
18,9,-1.9175218343734741,1.8949148654937744,1.0
18,10,-2.2969415187835693,3.153367042541504,1.0
18,11,-17.794063568115234,3.9305295944213867,139.0
18,12,-5.549417972564697,2.209517240524292,17.0
18,13,-1.2766330242156982,1.8932908773422241,1.0
18,14,-7.1164350509643555,2.7638747692108154,22.0
18,15,-13.330242156982422,4.397947311401367,26.0
18,16,-21.9276180267334,80.28026580810547,2315.0
18,17,-14.828859329223633,5.194763660430908,8.0
18,18,-8.204303741455078,3.9250690937042236,35.0
18,19,-13.576058387756348,29.785287857055664,108.0
18,20,-9.014297485351562,20.181488037109375,38.0
18,21,-8.120429992675781,3.190129280090332,5.0
18,22,-14.947380065917969,8.459922790527344,13.0
18,23,-6.544198036193848,26.36662483215332,27.0
18,24,-20.897754669189453,32.555912017822266,152.0
18,25,-3.966949462890625,1.9370346069335938,5.0
18,26,-8.112504959106445,2.756779432296753,8.0
18,27,-14.238092422485352,115.12641906738281,834.0
18,28,-14.019124984741211,16.507665634155273,1198.0
18,29,-27.919757843017578,104.92996978759766,3135.0
18,30,-15.854791641235352,197.34051513671875,764.0
18,31,-25.16545867919922,66.30352020263672,330.0
18,32,-16.01799774169922,3.428605556488037,11.0
18,33,-10.681573867797852,5.931412696838379,22.0
18,34,-13.238147735595703,6.627078056335449,55.0
18,35,-2.38042950630188,1.609761357307434,2.0
18,36,-4.691152572631836,10.439287185668945,5.0
18,37,-13.958986282348633,7.345889568328857,16.0
18,38,-17.144161224365234,3.738863229751587,18.0
18,39,-12.357685089111328,5.843813896179199,18.0
18,40,-9.120537757873535,9.777995109558105,51.0
18,41,-6.931027889251709,10.077876091003418,5.0
18,42,-14.987920761108398,3.167418956756592,23.0
18,43,-11.647441864013672,3.6479313373565674,76.0
18,44,-17.453243255615234,3.828821897506714,89.0
18,45,-14.674140930175781,5.106224060058594,142.0
18,46,-6.572303295135498,8.942075729370117,5.0
18,47,-3.722203254699707,3.4581525325775146,6.0
18,48,-22.20533561706543,6.362648010253906,132.0
18,49,-10.35958480834961,13.328388214111328,173.0
18,50,-4.938584327697754,11.814081192016602,28.0
18,51,-2.214568614959717,1.2789803743362427,3.0
18,52,-10.150145530700684,2.183175563812256,5.0
18,53,-14.804550170898438,139.05230712890625,213.0
18,54,-12.352771759033203,5.839713096618652,14.0
18,55,-5.438729286193848,2.4755311012268066,20.0
18,56,-5.819161891937256,6.956807613372803,43.0
18,57,-13.926900863647461,16.205976486206055,325.0
18,58,-0.876715898513794,1.245054006576538,1.0
18,59,-5.9911909103393555,3.314272403717041,5.0
18,60,-10.479230880737305,32.88698959350586,580.0
18,61,-19.32209587097168,3.116136312484741,29.0
18,62,-7.043489456176758,3.234631061553955,5.0
18,63,-2.364931106567383,1.483130693435669,3.0
18,64,-5.925213813781738,2.097301959991455,12.0
18,65,-9.059430122375488,3.648092269897461,5.0
18,66,-12.63902473449707,8.219457626342773,28.0
18,67,-5.636321544647217,2.237118721008301,2.0
18,68,-5.730251312255859,3.1457433700561523,7.0
18,69,-12.89352035522461,3.6304335594177246,30.0
18,70,-4.229344367980957,2.3300015926361084,4.0
18,71,-15.545751571655273,22.40200424194336,48.0
18,72,-10.100383758544922,4.233004570007324,9.0
18,73,-9.214550018310547,3.1639420986175537,10.0
18,74,-13.713483810424805,7.092721939086914,16.0
18,75,-0.5839405059814453,1.3390631675720215,1.0
18,76,-11.309324264526367,4.110996723175049,7.0
18,77,-7.465720176696777,6.465175151824951,22.0
18,78,-32.28172302246094,11.979649543762207,3734.0
18,79,-12.164512634277344,5.684751987457275,6.0
18,80,-5.156979084014893,1.674806833267212,4.0
18,81,-5.372003555297852,5.993454456329346,28.0
18,82,-8.462529182434082,2.1582999229431152,52.0
18,83,-13.061501502990723,2.9696924686431885,6.0
18,84,-23.699230194091797,13.918903350830078,150.0
18,85,-8.401357650756836,16.452089309692383,54.0
18,86,-26.763187408447266,3.3753819465637207,551.0
18,87,-7.925588130950928,2.4123971462249756,4.0
18,88,-13.964542388916016,5.729153633117676,26.0
18,89,-25.6202335357666,71.52442932128906,3428.0
18,90,-6.793581962585449,2.6392948627471924,15.0
18,91,-11.270659446716309,42.814910888671875,197.0
18,92,-12.390595436096191,7.886080265045166,61.0
18,93,-11.094614028930664,16.017045974731445,12.0
18,94,-17.119600296020508,72.23322296142578,1334.0
18,95,-2.887406826019287,1.6180706024169922,1.0
18,96,-3.532304048538208,2.4183270931243896,1.0
18,97,-17.163419723510742,5333.216796875,10789.0
18,98,-28.32613182067871,13.132667541503906,85.0
18,99,-8.7833833694458,2.0791280269622803,5.0
18,100,-28.293498992919922,2.851677417755127,13.0
18,101,-8.689874649047852,5.685817241668701,91.0
18,102,-5.228907585144043,5.714285373687744,30.0
18,103,-6.910309314727783,10.008517265319824,8.0
18,104,-10.312453269958496,31.108606338500977,149.0
18,105,-16.464275360107422,6.229923248291016,40.0
18,106,-15.624786376953125,7.050498008728027,93.0
18,107,-0.7918828725814819,1.3020774126052856,1.0
18,108,-3.4759104251861572,1.6430572271347046,2.0
18,109,-8.460041999816895,5.430376052856445,156.0
18,110,-5.049248695373535,2.3199403285980225,4.0
18,111,-12.520455360412598,12.23243522644043,191.0
18,112,-8.41993522644043,3.329585313796997,5.0
18,113,-11.930756568908691,10.871572494506836,69.0
18,114,-1.6632041931152344,1.5155842304229736,1.0
18,115,-12.161872863769531,20.915035247802734,28.0
18,116,-9.423166275024414,2.8491439819335938,12.0
18,117,-8.667710304260254,3.449551820755005,6.0
18,118,-31.37495231628418,5.213822841644287,72.0
18,119,-7.3379926681518555,11.542057037353516,11.0
18,120,-1.9942247867584229,1.4901025295257568,2.0
18,121,-25.320791244506836,9.993053436279297,32.0
18,122,-50.15365219116211,95.5283432006836,218.0
18,123,-28.826391220092773,4.960299968719482,253.0
18,124,-13.881603240966797,7.265130043029785,30.0
18,125,-18.585189819335938,3.771653890609741,472.0
18,126,-20.90174674987793,4.991950511932373,42.0
18,127,-10.477246284484863,2.238804340362549,19.0
18,128,-29.298608779907227,3.2282636165618896,9.0
18,129,-4.092954158782959,2.7821903228759766,6.0
18,130,-6.884209156036377,9.921819686889648,33.0
18,131,-6.695738315582275,9.317672729492188,65.0
18,132,-25.13540267944336,535.8480834960938,1925.0
18,133,-15.515641212463379,48.37147521972656,2173.0
18,134,-11.522069931030273,17.82349395751953,87.0
18,135,-19.596839904785156,18005.2734375,3469.0
18,136,-13.29231071472168,14.274319648742676,145.0
18,137,-19.161890029907227,15.44697093963623,238.0
18,138,-11.872334480285645,19.454601287841797,133.0
18,139,-4.269779205322266,2.037309169769287,2.0
18,140,-6.542740821838379,3.7007970809936523,8.0
18,141,-4.459874153137207,9.299281120300293,3.0
18,142,-8.277944564819336,7.920752048492432,5.0
18,143,-5.998076438903809,4.479534149169922,5.0
18,144,-39.986228942871094,27.999475479125977,55.0
18,145,-2.279782295227051,1.329725742340088,3.0
18,146,-6.910306453704834,2.3721301555633545,4.0
18,147,-2.6399011611938477,1.6955041885375977,3.0
18,148,-8.011795043945312,7.410877227783203,12.0
20,0,-3.1559371948242188,1.5696429014205933,2.0
20,1,-6.635265827178955,3.0218753814697266,18.0
20,2,-3.1017277240753174,2.171529769897461,1.0
20,3,-7.876139163970947,3.0807180404663086,14.0
20,4,-30.665136337280273,6.072871685028076,36.0
20,5,-10.418302536010742,3.1822521686553955,74.0
20,6,-18.65793800354004,3.4689865112304688,10.0
20,7,-42.13965606689453,7.438358306884766,60.0
20,8,-12.934490203857422,13.288488388061523,43.0
20,9,-1.8858823776245117,1.875035285949707,1.0
20,10,-2.238048553466797,3.0618653297424316,1.0
20,11,-17.410720825195312,3.8163182735443115,121.0
20,12,-5.326507568359375,2.1402649879455566,16.0
20,13,-1.232469916343689,1.8519421815872192,1.0
20,14,-6.935123443603516,2.693204879760742,19.0
20,15,-13.160364151000977,4.315713405609131,23.0
20,16,-21.835643768310547,78.81700897216797,2284.0
20,17,-14.316584587097168,4.9073381423950195,8.0
20,18,-8.119905471801758,3.870244026184082,35.0
20,19,-13.407516479492188,28.556344985961914,102.0
20,20,-9.009788513183594,20.15117835998535,37.0
20,21,-7.067769527435303,2.7447261810302734,5.0
20,22,-13.92977523803711,7.3152995109558105,12.0
20,23,-6.453711986541748,25.20030403137207,22.0
20,24,-20.82423973083496,32.159461975097656,177.0
20,25,-3.8859541416168213,1.9110617637634277,5.0
20,26,-7.617639541625977,2.5914173126220703,7.0
20,27,-14.06471061706543,108.66141510009766,783.0
20,28,-13.876504898071289,16.043455123901367,1175.0
20,29,-27.962265014648438,105.67596435546875,3065.0
20,30,-15.700578689575195,187.45265197753906,749.0
20,31,-25.081096649169922,65.37781524658203,331.0
20,32,-15.74134635925293,3.356412887573242,11.0
20,33,-10.6114501953125,5.862493991851807,21.0
20,34,-13.234966278076172,6.624067306518555,53.0
20,35,-2.3692314624786377,1.6061601638793945,2.0
20,36,-4.646070957183838,10.206609725952148,5.0
20,37,-13.79588508605957,7.1767072677612305,16.0
20,38,-16.69577980041504,3.612105369567871,18.0
20,39,-12.127777099609375,5.654996871948242,18.0
20,40,-9.193426132202148,9.957802772521973,48.0
20,41,-6.627096652984619,9.10689926147461,4.0
20,42,-14.217594146728516,2.985183000564575,22.0
20,43,-11.486237525939941,3.583172559738159,75.0
20,44,-17.295883178710938,3.782754898071289,86.0
20,45,-14.297935485839844,4.897180080413818,122.0
20,46,-6.420841217041016,8.501822471618652,4.0
20,47,-3.6981751918792725,3.430565118789673,7.0
20,48,-21.689857482910156,6.095118045806885,119.0
20,49,-10.363423347473145,13.341185569763184,171.0
20,50,-4.8822922706604,11.486198425292969,27.0
20,51,-2.214719295501709,1.2790018320083618,3.0
20,52,-9.834599494934082,2.130821704864502,5.0
20,53,-14.709325790405273,134.7078857421875,207.0
20,54,-12.152083396911621,5.674666881561279,14.0
20,55,-5.298403739929199,2.4183061122894287,20.0
20,56,-5.756171703338623,6.812260150909424,40.0
20,57,-13.726360321044922,15.56885051727295,291.0
20,58,-0.8569403886795044,1.238913893699646,1.0
20,59,-5.70606803894043,3.1305654048919678,5.0
20,60,-10.429333686828613,32.34451675415039,572.0
20,61,-18.678951263427734,3.00044846534729,26.0
20,62,-6.807861328125,3.110064744949341,5.0
20,63,-2.1873927116394043,1.4398882389068604,1.0
20,64,-5.731165409088135,2.047041893005371,11.0
20,65,-8.828544616699219,3.5297274589538574,5.0
20,66,-11.982205390930176,7.367173671722412,25.0
20,67,-5.549311637878418,2.2094836235046387,2.0
20,68,-5.572490692138672,3.0480380058288574,6.0
20,69,-12.556100845336914,3.509979009628296,23.0
20,70,-4.054930686950684,2.2501258850097656,3.0
20,71,-15.422139167785645,21.85495948791504,44.0
20,72,-9.616025924682617,3.95000958442688,9.0
20,73,-9.001407623291016,3.080759048461914,10.0
20,74,-13.254150390625,6.642245292663574,15.0
20,75,-0.5724339485168457,1.3313813209533691,1.0
20,76,-11.207871437072754,4.059191703796387,7.0
20,77,-7.38748025894165,6.339945316314697,22.0
20,78,-31.743589401245117,11.493880271911621,3696.0
20,79,-11.754212379455566,5.361121654510498,6.0
20,80,-4.764348030090332,1.6103229522705078,4.0
20,81,-5.240719318389893,5.736827850341797,20.0
20,82,-8.138264656066895,2.09560489654541,48.0
20,83,-12.693856239318848,2.88008975982666,6.0
20,84,-23.53969383239746,13.674345016479492,141.0
20,85,-8.18652057647705,15.315113067626953,52.0
20,86,-25.94590187072754,3.2522895336151123,525.0
20,87,-7.652488708496094,2.3402938842773438,4.0
20,88,-13.860172271728516,5.654894828796387,25.0
20,89,-25.63758087158203,71.73150634765625,3424.0
20,90,-6.7164692878723145,2.610379457473755,14.0
20,91,-11.38332748413086,44.45344161987305,204.0
20,92,-12.247779846191406,7.700588703155518,60.0
20,93,-11.047319412231445,15.828781127929688,13.0
20,94,-16.959720611572266,69.40300750732422,1312.0
20,95,-2.853102207183838,1.6088457107543945,2.0
20,96,-3.5660502910614014,2.4388158321380615,1.0
20,97,-17.37190055847168,5919.16259765625,11412.0
20,98,-27.989986419677734,12.737421035766602,73.0
20,99,-8.516765594482422,2.033442974090576,4.0
20,100,-26.87192153930664,2.7054178714752197,13.0
20,101,-8.624454498291016,5.611908912658691,87.0
20,102,-5.086703300476074,5.4497389793396,27.0
20,103,-6.726741790771484,9.414464950561523,8.0
20,104,-10.245383262634277,30.420835494995117,140.0
20,105,-15.94225025177002,5.878849983215332,35.0
20,106,-15.49051284790039,6.933149337768555,99.0
20,107,-0.7797095775604248,1.2968045473098755,1.0
20,108,-3.3771815299987793,1.6200459003448486,2.0
20,109,-8.55224609375,5.5314459800720215,158.0
20,110,-4.870263576507568,2.251756429672241,4.0
20,111,-12.36352825164795,11.854476928710938,176.0
20,112,-8.168991088867188,3.212337017059326,5.0
20,113,-11.896020889282227,10.796308517456055,62.0
20,114,-1.629104733467102,1.5027190446853638,1.0
20,115,-12.104058265686035,20.614910125732422,26.0
20,116,-9.404644012451172,2.8432862758636475,12.0
20,117,-8.550410270690918,3.392228603363037,6.0
20,118,-29.81879425048828,4.80381441116333,64.0
20,119,-7.303192138671875,11.408942222595215,11.0
20,120,-1.9623538255691528,1.4806345701217651,2.0
20,121,-24.308488845825195,9.11446475982666,26.0
20,122,-49.499855041503906,90.01593017578125,201.0
20,123,-28.7898006439209,4.9502272605896,254.0
20,124,-13.703248977661133,7.0823588371276855,30.0
20,125,-18.136476516723633,3.6526851654052734,467.0
20,126,-20.497575759887695,4.839138031005859,41.0
20,127,-10.17298698425293,2.1870148181915283,20.0
20,128,-28.683555603027344,3.149810314178467,9.0
20,129,-3.9274823665618896,2.669445037841797,6.0
20,130,-6.831910133361816,9.75035285949707,32.0
20,131,-6.7094011306762695,9.360203742980957,62.0
20,132,-24.523433685302734,459.8307189941406,1926.0
20,133,-15.37659740447998,46.71892547607422,2047.0
20,134,-11.482894897460938,17.6497859954834,92.0
20,135,-19.752582550048828,19463.404296875,3470.0
20,136,-13.188708305358887,13.981592178344727,143.0
20,137,-18.914831161499023,14.911290168762207,224.0
20,138,-11.657697677612305,18.438196182250977,120.0
20,139,-4.17010498046875,2.003744125366211,2.0
20,140,-6.5415143966674805,3.6998891830444336,9.0
20,141,-4.410202503204346,9.07116985321045,3.0
20,142,-8.035362243652344,7.45466947555542,4.0
20,143,-5.715043067932129,4.173524379730225,5.0
20,144,-38.55870819091797,24.85914421081543,45.0
20,145,-2.179584503173828,1.3131752014160156,3.0
20,146,-6.6986517906188965,2.3101940155029297,4.0
20,147,-2.428393840789795,1.6252778768539429,3.0
20,148,-7.992544174194336,7.375296115875244,11.0
22,0,-3.058867931365967,1.5480268001556396,2.0
22,1,-6.464890956878662,2.9372737407684326,18.0
22,2,-3.01275897026062,2.1237635612487793,1.0
22,3,-7.725866794586182,3.0152878761291504,14.0
22,4,-29.38664436340332,5.632909774780273,31.0
22,5,-10.215574264526367,3.1113719940185547,70.0
22,6,-17.752710342407227,3.2658300399780273,10.0
22,7,-40.596927642822266,6.911502361297607,62.0
22,8,-12.561423301696777,12.333075523376465,41.0
22,9,-1.8265622854232788,1.838323712348938,1.0
22,10,-2.1974143981933594,3.0002846717834473,1.0
22,11,-16.93182373046875,3.6782901287078857,116.0
22,12,-5.087385654449463,2.068387508392334,14.0
22,13,-1.2009453773498535,1.822980284690857,1.0
22,14,-6.9848833084106445,2.7124180793762207,19.0
22,15,-12.788616180419922,4.141082763671875,20.0
22,16,-21.89582061767578,79.77133178710938,2320.0
22,17,-13.869922637939453,4.669735908508301,6.0
22,18,-8.006221771240234,3.7976033687591553,35.0
22,19,-13.121813774108887,26.587827682495117,92.0
22,20,-8.934191703796387,19.649734497070312,36.0
22,21,-6.395428657531738,2.493363618850708,5.0
22,22,-13.14798641204834,6.542266845703125,13.0
22,23,-6.4216790199279785,24.799898147583008,23.0
22,24,-20.761749267578125,31.826255798339844,193.0
22,25,-3.9169774055480957,1.920968770980835,5.0
22,26,-7.237848281860352,2.4712672233581543,6.0
22,27,-13.870627403259277,101.85419464111328,704.0
22,28,-13.68496036529541,15.440473556518555,1167.0
22,29,-27.99585723876953,106.2692642211914,2986.0
22,30,-15.691572189331055,186.89073181152344,743.0
22,31,-25.285131454467773,67.6392593383789,344.0
22,32,-15.562675476074219,3.310598373413086,9.0
22,33,-10.469955444335938,5.72585916519165,22.0
22,34,-13.384456634521484,6.767050266265869,56.0
22,35,-2.3607096672058105,1.6034249067306519,2.0
22,36,-4.588907241821289,9.919014930725098,5.0
22,37,-13.643301010131836,7.021965026855469,16.0
22,38,-16.3498477935791,3.517254114151001,16.0
22,39,-11.915445327758789,5.486038684844971,16.0
22,40,-9.222328186035156,10.030014991760254,46.0
22,41,-6.420935153961182,8.502087593078613,4.0
22,42,-13.6868257522583,2.865757465362549,21.0
22,43,-11.332277297973633,3.522397756576538,70.0
22,44,-17.059743881225586,3.71466326713562,84.0
22,45,-13.96823501586914,4.7210259437561035,102.0
22,46,-6.318367004394531,8.21631908416748,4.0
22,47,-3.6910500526428223,3.42242693901062,7.0
22,48,-21.11480140686035,5.809920310974121,110.0
22,49,-10.321967124938965,13.203630447387695,167.0
22,50,-4.869592189788818,11.413492202758789,26.0
22,51,-2.199702739715576,1.276869535446167,3.0
22,52,-9.510549545288086,2.0783634185791016,4.0
22,53,-14.746707916259766,136.39694213867188,206.0
22,54,-11.881122589111328,5.45920467376709,13.0
22,55,-5.259256839752197,2.4025793075561523,20.0
22,56,-5.754918575286865,6.809415340423584,41.0
22,57,-13.562305450439453,15.066308975219727,262.0
22,58,-0.8411417603492737,1.2340302467346191,1.0
22,59,-5.438591480255127,2.9674952030181885,5.0
22,60,-10.318806648254395,31.17455291748047,556.0
22,61,-18.150537490844727,2.9086198806762695,23.0
22,62,-6.605384826660156,3.0068633556365967,5.0
22,63,-2.069371461868286,1.4118419885635376,1.0
22,64,-5.41910982131958,1.9687302112579346,10.0
22,65,-8.717527389526367,3.474188804626465,5.0
22,66,-11.461456298828125,6.754727840423584,25.0
22,67,-5.464792251586914,2.1829662322998047,2.0
22,68,-5.38200569152832,2.934101104736328,4.0
22,69,-12.095707893371582,3.3520455360412598,21.0
22,70,-3.932486057281494,2.1956918239593506,3.0
22,71,-15.454570770263672,21.99717903137207,43.0
22,72,-9.168283462524414,3.7052645683288574,8.0
22,73,-8.781073570251465,2.9970672130584717,10.0
22,74,-12.964229583740234,6.372760772705078,13.0
22,75,-0.5584753155708313,1.322121500968933,1.0
22,76,-11.060083389282227,3.9848928451538086,7.0
22,77,-7.2900872230529785,6.187442302703857,21.0
22,78,-31.43114471435547,11.220925331115723,3496.0
22,79,-11.531020164489746,5.192880153656006,6.0
22,80,-4.508800506591797,1.5696929693222046,5.0
22,81,-5.194161891937256,5.648484230041504,18.0
22,82,-7.867066383361816,2.0445706844329834,43.0
22,83,-12.364255905151367,2.8020594120025635,6.0
22,84,-23.474018096923828,13.574922561645508,134.0
22,85,-8.096261024475098,14.861197471618652,50.0
22,86,-25.335264205932617,3.1632590293884277,523.0
22,87,-7.455348968505859,2.289588451385498,4.0
22,88,-13.838237762451172,5.639411449432373,25.0
22,89,-25.43419075012207,69.34068298339844,3277.0
22,90,-6.4541192054748535,2.514356851577759,12.0
22,91,-11.53199577331543,46.711883544921875,213.0
22,92,-12.194039344787598,7.631922721862793,54.0
22,93,-10.749673843383789,14.693695068359375,10.0
22,94,-16.739673614501953,65.68814086914062,1261.0
22,95,-2.841644048690796,1.6057764291763306,2.0
22,96,-3.559149980545044,2.434612274169922,1.0
22,97,-17.552478790283203,6478.46826171875,11866.0
22,98,-27.77013397216797,12.485370635986328,62.0
22,99,-8.42524242401123,2.017993211746216,4.0
22,100,-25.93486785888672,2.6131350994110107,13.0
22,101,-8.536269187927246,5.513798713684082,82.0
22,102,-4.964449405670166,5.232119560241699,23.0
22,103,-6.691154479980469,9.303445816040039,8.0
22,104,-10.272186279296875,30.6938419342041,144.0
22,105,-15.54382610321045,5.624273300170898,33.0
22,106,-15.320588111877441,6.78743839263916,100.0
22,107,-0.7809782028198242,1.297352910041809,1.0
22,108,-3.291698455810547,1.6003825664520264,2.0
22,109,-8.557448387145996,5.537203788757324,163.0
22,110,-4.785654544830322,2.220226287841797,4.0
22,111,-12.20118236541748,11.475756645202637,162.0
22,112,-7.998867988586426,3.1352076530456543,5.0
22,113,-11.668566703796387,10.316177368164062,54.0
22,114,-1.5878164768218994,1.4872876405715942,1.0
22,115,-12.11272144317627,20.65960693359375,26.0
22,116,-9.352474212646484,2.8268520832061768,12.0
22,117,-8.368603706359863,3.3052589893341064,6.0
22,118,-28.553855895996094,4.494410991668701,53.0
22,119,-7.347070217132568,11.57703685760498,11.0
22,120,-1.9015650749206543,1.4627423286437988,2.0
22,121,-23.63395881652832,8.572348594665527,26.0
22,122,-49.14775848388672,87.18026733398438,201.0
22,123,-28.759225845336914,4.9418253898620605,252.0
22,124,-13.573408126831055,6.952200889587402,30.0
22,125,-17.809593200683594,3.568387508392334,441.0
22,126,-20.075315475463867,4.684480667114258,41.0
22,127,-9.95251750946045,2.1502373218536377,16.0
22,128,-28.487300872802734,3.12518048286438,10.0
22,129,-3.7378792762756348,2.545863389968872,5.0
22,130,-6.7921319007873535,9.621922492980957,29.0
22,131,-6.725030899047852,9.409097671508789,62.0
22,132,-23.965129852294922,399.9271545410156,1892.0
22,133,-15.291228294372559,45.73240280151367,2006.0
22,134,-11.437559127807617,17.450876235961914,93.0
22,135,-19.828716278076172,20218.59765625,3398.0
22,136,-13.036361694335938,13.56200885772705,142.0
22,137,-18.7464599609375,14.556910514831543,217.0
22,138,-11.552215576171875,17.958328247070312,116.0
22,139,-4.064587593078613,1.9688138961791992,2.0
22,140,-6.529427528381348,3.6909561157226562,9.0
22,141,-4.403627395629883,9.041397094726562,3.0
22,142,-7.894535064697266,7.196780681610107,4.0
22,143,-5.432363033294678,3.888761520385742,5.0
22,144,-37.40498733520508,22.580402374267578,44.0
22,145,-2.0954432487487793,1.299436092376709,3.0
22,146,-6.484602451324463,2.249201774597168,3.0
22,147,-2.2894351482391357,1.5807303190231323,2.0
22,148,-7.943752765655518,7.285879611968994,11.0
24,0,-3.043092727661133,1.5445420742034912,2.0
24,1,-6.344847679138184,2.8790910243988037,18.0
24,2,-2.9397177696228027,2.0853350162506104,1.0
24,3,-7.582126140594482,2.9540021419525146,14.0
24,4,-28.04189682006836,5.204498767852783,24.0
24,5,-9.97060775756836,3.027827262878418,68.0
24,6,-16.750751495361328,3.0548079013824463,10.0
24,7,-39.278358459472656,6.490880012512207,57.0
24,8,-12.335691452026367,11.788663864135742,39.0
24,9,-1.821366786956787,1.8351426124572754,1.0
24,10,-2.174194097518921,2.9656524658203125,1.0
24,11,-16.596832275390625,3.584716558456421,112.0
24,12,-5.122556686401367,2.078806161880493,14.0
24,13,-1.1304420232772827,1.7598366737365723,1.0
24,14,-6.932626247406006,2.692244291305542,18.0
24,15,-12.511177062988281,4.015375137329102,19.0
24,16,-21.951875686645508,80.6706771850586,2321.0
24,17,-13.581367492675781,4.522390842437744,5.0
24,18,-8.010766983032227,3.8004817962646484,33.0
24,19,-13.018528938293457,25.910083770751953,84.0
24,20,-8.885644912719727,19.334318161010742,36.0
24,21,-5.920943260192871,2.3299551010131836,5.0
24,22,-12.61296272277832,6.060861110687256,13.0
24,23,-6.422998428344727,24.816265106201172,23.0
24,24,-20.60916519165039,31.027097702026367,191.0
24,25,-3.900437593460083,1.9156805276870728,5.0
24,26,-6.76080322265625,2.328211545944214,6.0
24,27,-13.827047348022461,100.38531494140625,691.0
24,28,-13.707355499267578,15.509783744812012,1178.0
24,29,-28.068363189697266,107.5612564086914,2981.0
24,30,-15.745343208312988,190.27073669433594,741.0
24,31,-25.417530059814453,69.1484146118164,359.0
24,32,-15.342758178710938,3.2550647258758545,9.0
24,33,-10.372169494628906,5.633297443389893,24.0
24,34,-13.42916202545166,6.810405731201172,53.0
24,35,-2.3642756938934326,1.6045689582824707,2.0
24,36,-4.578157424926758,9.865843772888184,5.0
24,37,-13.609256744384766,6.987896919250488,16.0
24,38,-16.097999572753906,3.449770450592041,15.0
24,39,-11.769538879394531,5.372872829437256,15.0
24,40,-9.190004348754883,9.949288368225098,39.0
24,41,-6.237843036651611,7.998716831207275,4.0
24,42,-12.952413558959961,2.7083497047424316,19.0
24,43,-11.212394714355469,3.4757895469665527,67.0
24,44,-16.824583053588867,3.648071765899658,73.0
24,45,-13.697358131408691,4.581052303314209,91.0
24,46,-6.18211555480957,7.851504802703857,3.0
24,47,-3.6071369647979736,3.3280246257781982,7.0
24,48,-20.733699798583984,5.628304958343506,97.0
24,49,-10.271324157714844,13.037516593933105,168.0
24,50,-4.874504089355469,11.441556930541992,26.0
24,51,-2.1975653171539307,1.2765663862228394,3.0
24,52,-9.229822158813477,2.033963441848755,4.0
24,53,-14.660455703735352,132.53123474121094,199.0
24,54,-11.761876106262207,5.366994380950928,13.0
24,55,-5.190542697906494,2.375221014022827,20.0
24,56,-5.728904724121094,6.750624179840088,41.0
24,57,-13.348618507385254,14.435980796813965,230.0
24,58,-0.8156029582023621,1.2261765003204346,1.0
24,59,-5.292034149169922,2.8817763328552246,4.0
24,60,-10.30540657043457,31.035621643066406,563.0
24,61,-17.7506046295166,2.840991735458374,21.0
24,62,-6.379717826843262,2.895871877670288,5.0
24,63,-2.051342725753784,1.4076061248779297,1.0
24,64,-5.267746925354004,1.9318312406539917,10.0
24,65,-8.50423812866211,3.369927406311035,5.0
24,66,-11.048290252685547,6.305244445800781,20.0
24,67,-5.4963483810424805,2.192829132080078,2.0
24,68,-5.289754390716553,2.880462646484375,4.0
24,69,-11.83820915222168,3.2668325901031494,20.0
24,70,-3.760927677154541,2.1216318607330322,2.0
24,71,-15.488188743591309,22.14557456970215,45.0
24,72,-8.844404220581055,3.537733316421509,8.0
24,73,-8.717447280883789,2.97332501411438,10.0
24,74,-12.636943817138672,6.081660270690918,13.0
24,75,-0.5557254552841187,1.3203049898147583,1.0
24,76,-11.014427185058594,3.9622156620025635,7.0
24,77,-7.3023600578308105,6.206455707550049,19.0
24,78,-31.035755157470703,10.884783744812012,3351.0
24,79,-11.295514106750488,5.021079063415527,6.0
24,80,-4.292923927307129,1.5361701250076294,5.0
24,81,-5.102121829986572,5.47782039642334,18.0
24,82,-7.694079875946045,2.012669324874878,41.0
24,83,-12.101573944091797,2.7413880825042725,6.0
24,84,-23.410930633544922,13.480098724365234,126.0
24,85,-7.996657848358154,14.37589168548584,48.0
24,86,-24.76428985595703,3.0822181701660156,518.0
24,87,-7.233836650848389,2.23392391204834,4.0
24,88,-13.780439376831055,5.598814487457275,25.0
24,89,-25.56317901611328,70.84751892089844,3251.0
24,90,-6.3790812492370605,2.4875476360321045,11.0
24,91,-11.596776008605957,47.73151779174805,211.0
24,92,-12.24083137512207,7.69167423248291,54.0
24,93,-10.575788497924805,14.068624496459961,10.0
24,94,-16.621488571166992,63.775691986083984,1247.0
24,95,-2.7984280586242676,1.594252109527588,2.0
24,96,-3.529733657836914,2.416773557662964,1.0
24,97,-17.64685821533203,6791.513671875,12078.0
24,98,-27.6776065826416,12.38078784942627,52.0
24,99,-8.265312194824219,1.991276741027832,4.0
24,100,-24.989948272705078,2.5232648849487305,13.0
24,101,-8.500701904296875,5.4747161865234375,81.0
24,102,-4.9553375244140625,5.216252326965332,24.0
24,103,-6.669266223907471,9.235814094543457,8.0
24,104,-10.161687850952148,29.5838680267334,130.0
24,105,-15.223381996154785,5.427544593811035,31.0
24,106,-15.107255935668945,6.608832359313965,98.0
24,107,-0.7756688594818115,1.295059084892273,1.0
24,108,-3.214907646179199,1.5829219818115234,2.0
24,109,-8.663156509399414,5.655515670776367,169.0
24,110,-4.645837783813477,2.1690869331359863,4.0
24,111,-11.98549747467041,10.991250038146973,140.0
24,112,-7.815846920013428,3.05429744720459,5.0
24,113,-11.484575271606445,9.943459510803223,50.0
24,114,-1.5818136930465698,1.4850573539733887,1.0
24,115,-12.05259895324707,20.35140037536621,26.0
24,116,-9.36965274810791,2.8322527408599854,13.0
24,117,-8.247550964355469,3.248591899871826,6.0
24,118,-27.130321502685547,4.169981479644775,47.0
24,119,-7.401814937591553,11.790234565734863,11.0
24,120,-1.8763643503189087,1.4553884267807007,2.0
24,121,-23.19875144958496,8.2398099899292,25.0
24,122,-48.80389404296875,84.49712371826172,197.0
24,123,-28.870929718017578,4.972588062286377,253.0
24,124,-13.384462356567383,6.767055511474609,29.0
24,125,-17.490047454833984,3.4878628253936768,439.0
24,126,-19.661874771118164,4.537843704223633,41.0
24,127,-9.63929557800293,2.0990488529205322,16.0
24,128,-28.00486183166504,3.0654501914978027,11.0
24,129,-3.5473990440368652,2.4274706840515137,4.0
24,130,-6.714627265930176,9.3765230178833,26.0
24,131,-6.6860737800598145,9.287703514099121,60.0
24,132,-23.325828552246094,340.8550109863281,1920.0
24,133,-15.193221092224121,44.625492095947266,1917.0
24,134,-11.385403633117676,17.224811553955078,90.0
24,135,-20.05712127685547,22664.625,3399.0
24,136,-12.985013961791992,13.423444747924805,140.0
24,137,-18.76005744934082,14.585212707519531,215.0
24,138,-11.44421100616455,17.47991943359375,114.0
24,139,-4.00223445892334,1.948459506034851,2.0
24,140,-6.557773113250732,3.711940050125122,9.0
24,141,-4.446331024169922,9.236522674560547,3.0
24,142,-7.761200904846191,6.960840702056885,4.0
24,143,-5.259078025817871,3.7238924503326416,5.0
24,144,-36.442352294921875,20.839757919311523,37.0
24,145,-2.041203498840332,1.2906558513641357,2.0
24,146,-6.302469730377197,2.198573350906372,3.0
24,147,-2.1919748783111572,1.5502171516418457,2.0
24,148,-7.904231071472168,7.2142462730407715,11.0
26,0,-2.9926552772521973,1.5334532260894775,2.0
26,1,-6.369394302368164,2.8908939361572266,19.0
26,2,-2.886523723602295,2.057786703109741,1.0
26,3,-7.477659702301025,2.9102444648742676,14.0
26,4,-26.68133544921875,4.804198741912842,22.0
26,5,-9.85534381866455,2.9892966747283936,61.0
26,6,-16.043434143066406,2.9141037464141846,10.0
26,7,-38.15034484863281,6.151420593261719,58.0
26,8,-11.915708541870117,10.838902473449707,37.0
26,9,-1.7863545417785645,1.813849687576294,1.0
26,10,-2.1627607345581055,2.948746919631958,1.0
26,11,-16.36483383178711,3.521311044692993,101.0
26,12,-5.0503153800964355,2.0574629306793213,14.0
26,13,-1.1042698621749878,1.7369574308395386,1.0
26,14,-7.049341201782227,2.7375099658966064,18.0
26,15,-12.431982040405273,3.980196952819824,18.0
26,16,-21.967124938964844,80.91708374023438,2335.0
26,17,-13.31775951385498,4.391852378845215,5.0
26,18,-7.995629787445068,3.790905714035034,33.0
26,19,-12.913490295410156,25.238548278808594,77.0
26,20,-8.835761070251465,19.015483856201172,37.0
26,21,-5.666814804077148,2.246885299682617,5.0
26,22,-12.266419410705566,5.7681169509887695,13.0
26,23,-6.408062934875488,24.63163185119629,23.0
26,24,-20.56140899658203,30.7811222076416,195.0
26,25,-3.85133957862854,1.9000684022903442,5.0
26,26,-6.4001145362854,2.2255728244781494,5.0
26,27,-13.906557083129883,103.08140563964844,689.0
26,28,-13.698503494262695,15.482351303100586,1168.0
26,29,-28.191524505615234,109.7919692993164,3054.0
26,30,-15.840570449829102,196.40719604492188,727.0
26,31,-25.51839828491211,70.32072448730469,362.0
26,32,-15.097877502441406,3.1943230628967285,9.0
26,33,-10.37794017791748,5.6387176513671875,24.0
26,34,-13.521594047546387,6.900930404663086,53.0
26,35,-2.3074522018432617,1.5864367485046387,2.0
26,36,-4.594046592712402,9.944536209106445,5.0
26,37,-13.462657928466797,6.843072891235352,14.0
26,38,-15.917600631713867,3.402229070663452,15.0
26,39,-11.678171157836914,5.303198337554932,15.0
26,40,-9.078143119812012,9.674908638000488,37.0
26,41,-6.181175231933594,7.849042892456055,4.0
26,42,-12.552468299865723,2.626296043395996,15.0
26,43,-11.181371688842773,3.4638290405273438,63.0
26,44,-16.87891387939453,3.6633498668670654,72.0
26,45,-13.561006546020508,4.512171268463135,87.0
26,46,-6.100093841552734,7.639747619628906,3.0
26,47,-3.5808465480804443,3.29898738861084,7.0
26,48,-20.350271224975586,5.451310157775879,95.0
26,49,-10.233298301696777,12.914162635803223,164.0
26,50,-4.827218055725098,11.174217224121094,26.0
26,51,-2.1776247024536133,1.2737410068511963,3.0
26,52,-9.01487922668457,2.000610113143921,4.0
26,53,-14.62464714050293,130.958740234375,198.0
26,54,-11.648924827575684,5.281088352203369,12.0
26,55,-5.163465976715088,2.3645260334014893,20.0
26,56,-5.7289628982543945,6.7507548332214355,40.0
26,57,-13.174522399902344,13.94197940826416,208.0
26,58,-0.7735158801078796,1.213342547416687,1.0
26,59,-5.135794162750244,2.793118953704834,4.0
26,60,-10.269414901733398,30.665504455566406,564.0
26,61,-17.502172470092773,2.799776554107666,21.0
26,62,-6.257739067077637,2.8375940322875977,4.0
26,63,-2.0102150440216064,1.397990345954895,1.0
26,64,-5.195281028747559,1.9144113063812256,9.0
26,65,-8.449165344238281,3.3435182571411133,5.0
26,66,-10.761493682861328,6.010947227478027,15.0
26,67,-5.471656322479248,2.185107946395874,2.0
26,68,-5.213377952575684,2.836796998977661,4.0
26,69,-11.603021621704102,3.190897226333618,19.0
26,70,-3.6106228828430176,2.058802604675293,2.0
26,71,-15.487058639526367,22.140567779541016,46.0
26,72,-8.625297546386719,3.4287142753601074,8.0
26,73,-8.636425018310547,2.943364143371582,10.0
26,74,-12.392379760742188,5.872849941253662,11.0
26,75,-0.5452175140380859,1.31338632106781,1.0
26,76,-10.83230972290039,3.8730359077453613,7.0
26,77,-7.297778129577637,6.199350357055664,19.0
26,78,-30.855941772460938,10.73526382446289,3304.0
26,79,-11.221712112426758,4.968419075012207,6.0
26,80,-4.136503219604492,1.5123281478881836,5.0
26,81,-5.059779644012451,5.4010491371154785,17.0
26,82,-7.528903484344482,1.9826726913452148,38.0
26,83,-11.826027870178223,2.679157257080078,6.0
26,84,-23.373727798461914,13.424493789672852,116.0
26,85,-8.02562427520752,14.51537036895752,48.0
26,86,-24.429031372070312,3.035604476928711,508.0
26,87,-7.164826393127441,2.216860055923462,4.0
26,88,-13.630752563476562,5.495030403137207,25.0
26,89,-25.63239288330078,71.66952514648438,3192.0
26,90,-6.26670503616333,2.447932004928589,9.0
26,91,-11.695209503173828,49.32362365722656,218.0
26,92,-12.0862455368042,7.496035099029541,50.0
26,93,-10.625065803527832,14.243013381958008,10.0
26,94,-16.459331512451172,61.24197769165039,1149.0
26,95,-2.7735040187835693,1.5876432657241821,2.0
26,96,-3.5023159980773926,2.4002647399902344,1.0
26,97,-17.832616806030273,7452.52685546875,12585.0
26,98,-27.560436248779297,12.249610900878906,48.0
26,99,-8.148581504821777,1.9720003604888916,4.0
26,100,-24.395217895507812,2.468292474746704,13.0
26,101,-8.4503755569458,5.419888019561768,78.0
26,102,-4.9006667137146,5.122054100036621,21.0
26,103,-6.604962348937988,9.039955139160156,8.0
26,104,-10.101198196411133,28.99333953857422,128.0
26,105,-14.86032485961914,5.21295690536499,31.0
26,106,-15.003852844238281,6.523960113525391,96.0
26,107,-0.7600438594818115,1.2883315086364746,1.0
26,108,-3.151003122329712,1.5685368776321411,2.0
26,109,-8.669368743896484,5.662546634674072,174.0
26,110,-4.638806343078613,2.166546583175659,4.0
26,111,-11.979652404785156,10.978408813476562,141.0
26,112,-7.778951168060303,3.038241147994995,5.0
26,113,-11.463354110717773,9.901346206665039,48.0
26,114,-1.5659289360046387,1.479171633720398,1.0
26,115,-12.046932220458984,20.322589874267578,26.0
26,116,-9.393007278442383,2.8396120071411133,13.0
26,117,-8.124190330505371,3.1918435096740723,6.0
26,118,-26.20764923095703,3.972318410873413,39.0
26,119,-7.435215950012207,11.922236442565918,11.0
26,120,-1.820536732673645,1.4392287731170654,1.0
26,121,-22.75055694580078,7.910828590393066,24.0
26,122,-48.7684211730957,84.2250747680664,199.0
26,123,-28.81167984008789,4.956247806549072,254.0
26,124,-13.263838768005371,6.651445388793945,29.0
26,125,-17.295576095581055,3.4397482872009277,438.0
26,126,-19.333742141723633,4.424737453460693,41.0
26,127,-9.472437858581543,2.072279214859009,16.0
26,128,-27.67965316772461,3.025831699371338,11.0
26,129,-3.446641206741333,2.3670876026153564,4.0
26,130,-6.678744792938232,9.265040397644043,26.0
26,131,-6.6595869064331055,9.206062316894531,58.0
26,132,-22.86615562438965,303.8514404296875,1853.0
26,133,-15.144930839538574,44.089988708496094,1873.0
26,134,-11.433984756469727,17.435287475585938,93.0
26,135,-20.187938690185547,24196.646484375,3418.0
26,136,-12.975794792175293,13.39871883392334,143.0
26,137,-18.682823181152344,14.4251708984375,213.0
26,138,-11.38673210144043,17.230533599853516,114.0
26,139,-3.9063007831573486,1.9175535440444946,2.0
26,140,-6.5699310302734375,3.7209765911102295,9.0
26,141,-4.476940155029297,9.378971099853516,3.0
26,142,-7.672746658325195,6.808601379394531,4.0
26,143,-5.158871173858643,3.631761312484741,5.0
26,144,-35.87690353393555,19.880552291870117,34.0
26,145,-1.9956483840942383,1.2833271026611328,2.0
26,146,-6.139570713043213,2.1542580127716064,3.0
26,147,-2.1014835834503174,1.5224132537841797,2.0
26,148,-7.911446571350098,7.227272033691406,11.0
28,0,-3.0251657962799072,1.5405917167663574,2.0
28,1,-6.305814743041992,2.860421895980835,19.0
28,2,-2.859556198120117,2.043959856033325,1.0
28,3,-7.372973442077637,2.8670451641082764,13.0
28,4,-26.023767471313477,4.621918678283691,18.0
28,5,-9.697942733764648,2.937471628189087,56.0
28,6,-15.636746406555176,2.8361563682556152,10.0
28,7,-37.251102447509766,5.893570423126221,59.0
28,8,-11.785017013549805,10.5592622756958,38.0
28,9,-1.7749321460723877,1.8069566488265991,1.0
28,10,-2.1443965435028076,2.92179536819458,1.0
28,11,-16.295188903808594,3.5024967193603516,100.0
28,12,-4.981269359588623,2.0372684001922607,14.0
28,13,-1.1144447326660156,1.7458165884017944,1.0
28,14,-7.055862903594971,2.7400617599487305,19.0
28,15,-12.40032958984375,3.9662232398986816,20.0
28,16,-22.045101165771484,82.18891906738281,2394.0
28,17,-13.24104118347168,4.354574203491211,5.0
28,18,-7.941263675689697,3.75671124458313,33.0
28,19,-12.844037055969238,24.804107666015625,78.0
28,20,-8.783988952636719,18.69014549255371,36.0
28,21,-5.586000442504883,2.2210943698883057,5.0
28,22,-12.014928817749023,5.564562797546387,13.0
28,23,-6.434453964233398,24.958812713623047,23.0
28,24,-20.695377349853516,31.47612953186035,222.0
28,25,-3.9263601303100586,1.9239749908447266,5.0
28,26,-6.140988349914551,2.154639720916748,5.0
28,27,-13.823125839233398,100.25414276123047,686.0
28,28,-13.6803560256958,15.426258087158203,1152.0
28,29,-28.363651275634766,112.98729705810547,3095.0
28,30,-15.842354774475098,196.52410888671875,743.0
28,31,-25.394634246826172,68.88504028320312,348.0
28,32,-14.925945281982422,3.1523542404174805,9.0
28,33,-10.387592315673828,5.647796630859375,23.0
28,34,-13.538308143615723,6.917428016662598,53.0
28,35,-2.2995657920837402,1.5839364528656006,2.0
28,36,-4.579922676086426,9.874555587768555,5.0
28,37,-13.500154495239258,6.87982702255249,14.0
28,38,-15.927339553833008,3.404778480529785,14.0
28,39,-11.724714279174805,5.3385772705078125,14.0
28,40,-9.023042678833008,9.542549133300781,37.0
28,41,-6.0860490798950195,7.60406494140625,4.0
28,42,-12.214286804199219,2.558856725692749,12.0
28,43,-11.303535461425781,3.51116681098938,65.0
28,44,-16.95695686340332,3.685407876968384,72.0
28,45,-13.44326400756836,4.453525543212891,82.0
28,46,-6.028640270233154,7.459935665130615,3.0
28,47,-3.5096497535705566,3.221616268157959,7.0
28,48,-20.15848731994629,5.364879608154297,91.0
28,49,-10.19255542755127,12.78329086303711,161.0
28,50,-4.776822566986084,10.89616870880127,25.0
28,51,-2.1639909744262695,1.2718130350112915,3.0
28,52,-8.895795822143555,1.982367753982544,4.0
28,53,-14.562431335449219,128.2707977294922,195.0
28,54,-11.524646759033203,5.188155174255371,9.0
28,55,-5.213122367858887,2.38417649269104,21.0
28,56,-5.81252384185791,6.941431522369385,43.0
28,57,-13.071157455444336,13.656718254089355,202.0
28,58,-0.7575896382331848,1.2085211277008057,1.0
28,59,-5.064177513122559,2.753397226333618,4.0
28,60,-10.260537147521973,30.57489013671875,561.0
28,61,-17.488868713378906,2.79758620262146,21.0
28,62,-6.143586158752441,2.7841176986694336,4.0
28,63,-2.02698016166687,1.401902198791504,1.0
28,64,-5.2995405197143555,1.9395239353179932,9.0
28,65,-8.332832336425781,3.288411855697632,5.0
28,66,-10.581827163696289,5.833621025085449,14.0
28,67,-5.440517425537109,2.1754093170166016,2.0
28,68,-5.050049304962158,2.7456283569335938,4.0
28,69,-11.464542388916016,3.1470143795013428,14.0
28,70,-3.59462833404541,2.052227258682251,2.0
28,71,-15.498855590820312,22.192867279052734,44.0
28,72,-8.505210876464844,3.3703951835632324,8.0
28,73,-8.59797477722168,2.929251194000244,9.0
28,74,-12.08146858215332,5.617710113525391,6.0
28,75,-0.557336151599884,1.32136869430542,1.0
28,76,-10.799219131469727,3.8570492267608643,6.0
28,77,-7.252047538757324,6.128879070281982,16.0
28,78,-30.41461181640625,10.376935005187988,3299.0
28,79,-11.255990028381348,4.9928083419799805,6.0
28,80,-4.015234470367432,1.4940991401672363,5.0
28,81,-5.071821212768555,5.422771453857422,17.0
28,82,-7.429193496704102,1.9647818803787231,36.0
28,83,-11.776691436767578,2.6681649684906006,5.0
28,84,-23.335277557373047,13.367264747619629,112.0
28,85,-7.935690879821777,14.086688041687012,43.0
28,86,-24.108591079711914,2.9917099475860596,499.0
28,87,-6.9223408699035645,2.1579291820526123,4.0
28,88,-13.55166244506836,5.440972328186035,25.0
28,89,-25.524805068969727,70.39584350585938,3265.0
28,90,-6.225460052490234,2.4335508346557617,8.0
28,91,-11.643756866455078,48.48488998413086,215.0
28,92,-12.020852088928223,7.41478157043457,51.0
28,93,-10.679437637329102,14.437939643859863,10.0
28,94,-16.29104995727539,58.71895217895508,1086.0
28,95,-2.78126859664917,1.5896990299224854,1.0
28,96,-3.476606607437134,2.3848869800567627,1.0
28,97,-17.8452091217041,7499.59716796875,12616.0
28,98,-27.58642578125,12.278587341308594,49.0
28,99,-8.142553329467773,1.9710100889205933,4.0
28,100,-24.136337280273438,2.4447391033172607,13.0
28,101,-8.416034698486328,5.382790565490723,75.0
28,102,-4.865697860717773,5.06269645690918,20.0
28,103,-6.66865873336792,9.233943939208984,8.0
28,104,-10.004293441772461,28.0717716217041,128.0
28,105,-14.60859203338623,5.069169521331787,30.0
28,106,-15.042593002319336,6.555629730224609,100.0
28,107,-0.7678341269493103,1.2916812896728516,1.0
28,108,-3.1128158569335938,1.560003399848938,2.0
28,109,-8.642311096191406,5.631986618041992,171.0
28,110,-4.61364221572876,2.1574788093566895,4.0
28,111,-11.872379302978516,10.745380401611328,135.0
28,112,-7.768101692199707,3.0335354804992676,5.0
28,113,-11.521841049194336,10.017847061157227,47.0
28,114,-1.5944533348083496,1.4897574186325073,1.0
28,115,-11.990898132324219,20.039884567260742,24.0
28,116,-9.431318283081055,2.8517255783081055,14.0
28,117,-8.084217071533203,3.173668622970581,6.0
28,118,-25.711286544799805,3.8698880672454834,37.0
28,119,-7.452657699584961,11.991755485534668,11.0
28,120,-1.8181670904159546,1.4385467767715454,1.0
28,121,-22.457061767578125,7.702547550201416,23.0
28,122,-48.45005798339844,81.82235717773438,192.0
28,123,-28.839553833007812,4.96392822265625,255.0
28,124,-13.235600471496582,6.624667167663574,29.0
28,125,-17.20294952392578,3.417065143585205,424.0
28,126,-19.301963806152344,4.413934707641602,41.0
28,127,-9.487706184387207,2.074714422225952,17.0
28,128,-27.511045455932617,3.005493640899658,11.0
28,129,-3.3881895542144775,2.3327488899230957,4.0
28,130,-6.653040885925293,9.185997009277344,26.0
28,131,-6.686001777648926,9.287480354309082,60.0
28,132,-22.34491729736328,266.7279968261719,1816.0
28,133,-15.103769302368164,43.63861083984375,1883.0
28,134,-11.461349487304688,17.554975509643555,95.0
28,135,-20.089557647705078,23035.203125,3231.0
28,136,-12.913407325744629,13.232572555541992,141.0
28,137,-18.73179817199707,14.526453018188477,218.0
28,138,-11.379298210144043,17.19854164123535,114.0
28,139,-3.851691246032715,1.9001797437667847,2.0
28,140,-6.555120944976807,3.7099716663360596,6.0
28,141,-4.489285469055176,9.437043190002441,3.0
28,142,-7.604164123535156,6.692858695983887,4.0
28,143,-5.2511887550354,3.716555118560791,5.0
28,144,-35.264652252197266,18.891666412353516,32.0
28,145,-1.9798402786254883,1.2807937860488892,2.0
28,146,-6.174509525299072,2.163686990737915,3.0
28,147,-2.0553088188171387,1.5084185600280762,2.0
28,148,-7.940585613250732,7.280113220214844,11.0
30,0,-2.9905757904052734,1.532997727394104,2.0
30,1,-6.178746223449707,2.800480604171753,18.0
30,2,-2.8192672729492188,2.0234758853912354,1.0
30,3,-7.283573627471924,2.8306615352630615,13.0
30,4,-25.32241439819336,4.435115814208984,18.0
30,5,-9.64624309539795,2.9206459522247314,55.0
30,6,-15.458858489990234,2.802720546722412,10.0
30,7,-36.50856018066406,5.6888203620910645,56.0
30,8,-11.471025466918945,9.91655158996582,36.0
30,9,-1.7922368049621582,1.817409873008728,1.0
30,10,-2.1366238594055176,2.9104623794555664,1.0
30,11,-16.35112953186035,3.5176007747650146,104.0
30,12,-4.9480414390563965,2.027620792388916,13.0
30,13,-1.1233197450637817,1.753580927848816,1.0
30,14,-7.046358108520508,2.7363433837890625,19.0
30,15,-12.376840591430664,3.955885887145996,20.0
30,16,-21.93291664123535,80.36536407470703,2356.0
30,17,-13.100381851196289,4.287046432495117,4.0
30,18,-7.9502668380737305,3.762352705001831,34.0
30,19,-12.790606498718262,24.474985122680664,82.0
30,20,-8.848430633544922,19.095962524414062,36.0
30,21,-5.534621715545654,2.2048518657684326,5.0
30,22,-11.869842529296875,5.45041561126709,12.0
30,23,-6.438648700714111,25.011215209960938,23.0
30,24,-20.598007202148438,30.969451904296875,216.0
30,25,-3.9608912467956543,1.93507981300354,6.0
30,26,-5.949135780334473,2.1035828590393066,5.0
30,27,-13.991913795471191,106.05644989013672,727.0
30,28,-13.699295997619629,15.48480224609375,1139.0
30,29,-28.327438354492188,112.30738067626953,3035.0
30,30,-15.848870277404785,196.95132446289062,747.0
30,31,-25.38993263244629,68.83109283447266,348.0
30,32,-14.751180648803711,3.110259771347046,9.0
30,33,-10.390178680419922,5.65023136138916,22.0
30,34,-13.518857955932617,6.8982343673706055,52.0
30,35,-2.2992501258850098,1.5838364362716675,1.0
30,36,-4.584389686584473,9.896635055541992,5.0
30,37,-13.441954612731934,6.822863578796387,13.0
30,38,-15.893537521362305,3.395937442779541,14.0
30,39,-11.716405868530273,5.332244396209717,14.0
30,40,-8.963604927062988,9.401801109313965,35.0
30,41,-5.967373847961426,7.309133529663086,4.0
30,42,-11.958755493164062,2.509050130844116,11.0
30,43,-11.446353912353516,3.567328691482544,66.0
30,44,-17.196731567382812,3.7540135383605957,73.0
30,45,-13.391646385192871,4.428056240081787,81.0
30,46,-5.959812164306641,7.2907328605651855,3.0
30,47,-3.4475560188293457,3.15562105178833,6.0
30,48,-20.053672790527344,5.31822395324707,88.0
30,49,-10.15372371673584,12.659791946411133,161.0
30,50,-4.7196173667907715,10.5889253616333,21.0
30,51,-2.162226438522339,1.2715636491775513,3.0
30,52,-8.819315910339355,1.9707396030426025,4.0
30,53,-14.51065444946289,126.07601928710938,191.0
30,54,-11.456747055053711,5.138072967529297,10.0
30,55,-5.2171525955200195,2.3857784271240234,21.0
30,56,-5.750513076782227,6.799422740936279,42.0
30,57,-12.909968376159668,13.223474502563477,191.0
30,58,-0.7517619729042053,1.2067617177963257,1.0
30,59,-5.0350494384765625,2.737403631210327,4.0
30,60,-10.19666862487793,29.930843353271484,549.0
30,61,-17.31855583190918,2.7696990966796875,20.0
30,62,-6.068796157836914,2.749629020690918,4.0
30,63,-2.0543742179870605,1.4083174467086792,1.0
30,64,-5.292043685913086,1.9377073049545288,9.0
30,65,-8.354111671447754,3.2984230518341064,5.0
30,66,-10.568119049072266,5.820307731628418,14.0
30,67,-5.469491481781006,2.1844322681427,3.0
30,68,-4.962771415710449,2.698117733001709,4.0
30,69,-11.32281494140625,3.1027274131774902,14.0
30,70,-3.5855917930603027,2.0485217571258545,2.0
30,71,-15.495960235595703,22.18002700805664,43.0
30,72,-8.417394638061523,3.3283774852752686,8.0
30,73,-8.54301929473877,2.9091978073120117,9.0
30,74,-11.963088989257812,5.523505687713623,6.0
30,75,-0.5632297992706299,1.3252681493759155,1.0
30,76,-10.729772567749023,3.823711395263672,6.0
30,77,-7.170070171356201,6.004549980163574,16.0
30,78,-30.28622817993164,10.274959564208984,3359.0
30,79,-11.332306861877441,5.047540187835693,6.0
30,80,-4.011373043060303,1.4935222864151,5.0
30,81,-5.078220844268799,5.434351921081543,17.0
30,82,-7.37737512588501,1.9555480480194092,35.0
30,83,-11.634861946105957,2.636815309524536,5.0
30,84,-23.491464614868164,13.601264953613281,115.0
30,85,-7.929164886474609,14.056078910827637,42.0
30,86,-23.933998107910156,2.9680612087249756,487.0
30,87,-6.8152971267700195,2.132415294647217,4.0
30,88,-13.477493286132812,5.390761852264404,25.0
30,89,-25.451969146728516,69.54644775390625,3134.0
30,90,-6.241101264953613,2.4389946460723877,8.0
30,91,-11.571435928344727,47.330047607421875,211.0
30,92,-11.93756103515625,7.31256103515625,51.0
30,93,-10.678272247314453,14.433733940124512,10.0
30,94,-16.259662628173828,58.25999450683594,1053.0
30,95,-2.777769088745117,1.588772177696228,1.0
30,96,-3.4551618099212646,2.3721351623535156,1.0
30,97,-17.71455192565918,7025.31982421875,12168.0
30,98,-27.53571128845215,12.222108840942383,49.0
30,99,-8.028509140014648,1.952366828918457,4.0
30,100,-24.087875366210938,2.440355062484741,13.0
30,101,-8.395092010498047,5.360291481018066,75.0
30,102,-4.84650182723999,5.030405521392822,20.0
30,103,-6.707788944244385,9.355175018310547,8.0
30,104,-9.980544090270996,27.850418090820312,125.0
30,105,-14.425917625427246,4.967316627502441,30.0
30,106,-14.919989585876465,6.45592737197876,102.0
30,107,-0.7671811580657959,1.2914001941680908,1.0
30,108,-3.1003730297088623,1.5572329759597778,2.0
30,109,-8.68041706085205,5.675073146820068,174.0
30,110,-4.498197078704834,2.116364002227783,3.0
30,111,-11.846689224243164,10.69031047821045,136.0
30,112,-7.779589653015137,3.038518190383911,5.0
30,113,-11.544900894165039,10.064155578613281,47.0
30,114,-1.6202646493911743,1.4994016885757446,1.0
30,115,-11.962393760681152,19.897586822509766,25.0
30,116,-9.467191696166992,2.863114833831787,13.0
30,117,-8.081507682800293,3.17244029045105,6.0
30,118,-25.39061737060547,3.8051228523254395,34.0
30,119,-7.453113555908203,11.993576049804688,11.0
30,120,-1.840834617614746,1.4450832605361938,2.0
30,121,-22.350181579589844,7.628067970275879,22.0
30,122,-48.16351318359375,79.71847534179688,187.0
30,123,-28.66016387939453,4.914702892303467,255.0
30,124,-13.211091995239258,6.601512908935547,29.0
30,125,-17.077495574951172,3.3865816593170166,408.0
30,126,-19.215030670166016,4.38451623916626,40.0
30,127,-9.472169876098633,2.0722365379333496,17.0
30,128,-27.487417221069336,3.0026543140411377,11.0
30,129,-3.3264424800872803,2.297015428543091,4.0
30,130,-6.651153564453125,9.180220603942871,25.0
30,131,-6.588287353515625,8.989846229553223,56.0
30,132,-21.996246337890625,244.46241760253906,1780.0
30,133,-15.041210174560547,42.961421966552734,1846.0
30,134,-11.516828536987305,17.800153732299805,96.0
30,135,-19.97290802001953,21730.107421875,3034.0
30,136,-12.913827896118164,13.233687400817871,142.0
30,137,-18.80224609375,14.673383712768555,215.0
30,138,-11.373945236206055,17.175540924072266,114.0
30,139,-3.8543765544891357,1.9010305404663086,2.0
30,140,-6.54022741317749,3.698936939239502,6.0
30,141,-4.453227519989014,9.268427848815918,3.0
30,142,-7.547593116760254,6.5988688468933105,4.0
30,143,-5.245028972625732,3.710836172103882,5.0
30,144,-34.81391906738281,18.195240020751953,29.0
30,145,-1.9633944034576416,1.2781635522842407,2.0
30,146,-6.1695966720581055,2.1623587608337402,3.0
30,147,-2.0011677742004395,1.492173194885254,2.0
30,148,-7.957845687866211,7.3115949630737305,11.0
32,0,-3.0123703479766846,1.5377781391143799,2.0
32,1,-6.1493425369262695,2.786790132522583,17.0
32,2,-2.7829575538635254,2.0051910877227783,1.0
32,3,-7.236830234527588,2.8118228912353516,13.0
32,4,-24.712047576904297,4.278702735900879,15.0
32,5,-9.533628463745117,2.884328603744507,51.0
32,6,-15.11859130859375,2.7398579120635986,10.0
32,7,-36.212890625,5.609285831451416,55.0
32,8,-11.242066383361816,9.47269344329834,37.0
32,9,-1.7613821029663086,1.7988137006759644,1.0
32,10,-2.1355361938476562,2.9088799953460693,1.0
32,11,-16.21104621887207,3.4799001216888428,99.0
32,12,-4.948581695556641,2.0277771949768066,12.0
32,13,-1.1160051822662354,1.7471791505813599,1.0
32,14,-7.122557163238525,2.7662930488586426,19.0
32,15,-12.256898880004883,3.9035158157348633,20.0
32,16,-21.896743774414062,79.78605651855469,2368.0
32,17,-13.055458068847656,4.265700817108154,4.0
32,18,-7.93268346786499,3.7513427734375,34.0
32,19,-12.793676376342773,24.493776321411133,80.0
32,20,-8.78024673461914,18.666845321655273,36.0
32,21,-5.438481330871582,2.174776554107666,5.0
32,22,-11.869831085205078,5.450406074523926,12.0
32,23,-6.445525169372559,25.09735679626465,23.0
32,24,-20.52376365661621,30.588600158691406,216.0
32,25,-3.8857808113098145,1.9110065698623657,6.0
32,26,-5.785054683685303,2.060877561569214,5.0
32,27,-13.909284591674805,103.17517852783203,716.0
32,28,-13.73330307006836,15.590483665466309,1163.0
32,29,-28.395071029663086,113.58052062988281,3135.0
32,30,-15.890564918518066,199.70773315429688,747.0
32,31,-25.418785095214844,69.1628646850586,361.0
32,32,-14.61252498626709,3.0772624015808105,9.0
32,33,-10.353555679321289,5.615848064422607,21.0
32,34,-13.518355369567871,6.897738456726074,52.0
32,35,-2.2881247997283936,1.580316185951233,2.0
32,36,-4.608066082000732,10.01448917388916,5.0
32,37,-13.411624908447266,6.793365001678467,13.0
32,38,-15.871335983276367,3.3901426792144775,14.0
32,39,-11.69261360168457,5.314151287078857,14.0
32,40,-8.900153160095215,9.253837585449219,35.0
32,41,-5.961664199829102,7.2952351570129395,4.0
32,42,-11.774724960327148,2.4737818241119385,12.0
32,43,-11.532771110534668,3.6017470359802246,67.0
32,44,-17.15857696533203,3.743011474609375,71.0
32,45,-13.345495223999023,4.405407428741455,80.0
32,46,-5.927326202392578,7.212209701538086,3.0
32,47,-3.4183382987976074,3.1250369548797607,5.0
32,48,-19.75284767150879,5.186559677124023,80.0
32,49,-10.115641593933105,12.539834976196289,159.0
32,50,-4.681020259857178,10.386533737182617,21.0
32,51,-2.1853861808776855,1.274839997291565,3.0
32,52,-8.722737312316895,1.9561529159545898,4.0
32,53,-14.43614387512207,122.98323059082031,191.0
32,54,-11.407426834106445,5.101998329162598,9.0
32,55,-5.202898025512695,2.380117177963257,21.0
32,56,-5.762507438659668,6.826662540435791,42.0
32,57,-12.89138412475586,13.174417495727539,187.0
32,58,-0.7297799587249756,1.200148105621338,1.0
32,59,-5.018718242645264,2.7284772396087646,4.0
32,60,-10.180980682373047,29.774736404418945,549.0
32,61,-17.242334365844727,2.7573082447052,20.0
32,62,-6.0232038497924805,2.7288143634796143,4.0
32,63,-2.0682919025421143,1.4115879535675049,1.0
32,64,-5.410155296325684,1.9665275812149048,10.0
32,65,-8.286308288574219,3.2666282653808594,5.0
32,66,-10.30367660522461,5.5693559646606445,14.0
32,67,-5.410722732543945,2.1661694049835205,3.0
32,68,-4.970849990844727,2.7024803161621094,4.0
32,69,-11.2542085647583,3.0815134048461914,14.0
32,70,-3.5763816833496094,2.0447516441345215,2.0
32,71,-15.566386222839355,22.494644165039062,47.0
32,72,-8.323006629943848,3.283798933029175,8.0
32,73,-8.5430908203125,2.909223794937134,9.0
32,74,-11.81582260131836,5.408515453338623,6.0
32,75,-0.5610745549201965,1.3238409757614136,1.0
32,76,-10.648805618286133,3.785207509994507,6.0
32,77,-7.19715690612793,6.04534912109375,16.0
32,78,-29.82915687561035,9.919975280761719,3288.0
32,79,-11.407702445983887,5.102200031280518,6.0
32,80,-3.9619243144989014,1.4861552715301514,5.0
32,81,-5.065310955047607,5.411016464233398,17.0
32,82,-7.317461967468262,1.9449257850646973,35.0
32,83,-11.622353553771973,2.634068250656128,5.0
32,84,-23.54006576538086,13.674912452697754,115.0
32,85,-7.914149284362793,13.985902786254883,42.0
32,86,-23.748262405395508,2.9431090354919434,475.0
32,87,-6.732185363769531,2.112813711166382,4.0
32,88,-13.341581344604492,5.299951553344727,24.0
32,89,-25.545978546142578,70.64470672607422,3246.0
32,90,-6.236922264099121,2.4375388622283936,9.0
32,91,-11.59028434753418,47.62834930419922,213.0
32,92,-11.921438217163086,7.292937755584717,51.0
32,93,-10.701635360717773,14.518284797668457,10.0
32,94,-16.023601531982422,54.9212532043457,994.0
32,95,-2.7826709747314453,1.5900707244873047,2.0
32,96,-3.4345855712890625,2.35996413230896,1.0
32,97,-17.802417755126953,7340.84228515625,12537.0
32,98,-27.673206329345703,12.375839233398438,49.0
32,99,-8.012697219848633,1.9497960805892944,4.0
32,100,-23.83392333984375,2.4175095558166504,13.0
32,101,-8.362133026123047,5.325073719024658,70.0
32,102,-4.806882858276367,4.964409351348877,17.0
32,103,-6.681145191192627,9.272457122802734,8.0
32,104,-9.855338096618652,26.711992263793945,118.0
32,105,-14.330958366394043,4.915181636810303,30.0
32,106,-14.936689376831055,6.469418525695801,104.0
32,107,-0.7794530391693115,1.2966936826705933,1.0
32,108,-3.0781636238098145,1.552299976348877,2.0
32,109,-8.687756538391113,5.683409690856934,175.0
32,110,-4.461633682250977,2.103506326675415,3.0
32,111,-11.820932388305664,10.635383605957031,131.0
32,112,-7.74719762802124,3.0244898796081543,5.0
32,113,-11.546562194824219,10.067499160766602,46.0
32,114,-1.5933035612106323,1.4893293380737305,1.0
32,115,-11.929349899291992,19.733890533447266,25.0
32,116,-9.390098571777344,2.8386945724487305,12.0
32,117,-8.00363540649414,3.137343645095825,5.0
32,118,-24.994888305664062,3.7266898155212402,31.0
32,119,-7.476268291473389,12.086503982543945,11.0
32,120,-1.8350814580917358,1.4434213638305664,2.0
32,121,-22.16608428955078,7.501466751098633,22.0
32,122,-48.01878356933594,78.67646026611328,182.0
32,123,-28.727590560913086,4.93314790725708,252.0
32,124,-13.205328941345215,6.5960798263549805,29.0
32,125,-16.9364070892334,3.3526241779327393,409.0
32,126,-19.081485748291016,4.339705944061279,41.0
32,127,-9.339195251464844,2.051147937774658,16.0
32,128,-27.389202117919922,2.9908812046051025,11.0
32,129,-3.316829204559326,2.291501522064209,4.0
32,130,-6.648356914520264,9.171667098999023,26.0
32,131,-6.624081611633301,9.097749710083008,58.0
32,132,-21.801788330078125,232.8622589111328,1840.0
32,133,-15.0201416015625,42.73573303222656,1825.0
32,134,-11.496164321899414,17.70843505859375,94.0
32,135,-20.102540969848633,23185.224609375,3095.0
32,136,-12.87014102935791,13.118563652038574,141.0
32,137,-18.906341552734375,14.893218994140625,216.0
32,138,-11.390450477600098,17.246559143066406,115.0
32,139,-3.820274829864502,1.8902565240859985,2.0
32,140,-6.538331985473633,3.6975350379943848,6.0
32,141,-4.467683792114258,9.335663795471191,3.0
32,142,-7.53841495513916,6.583745002746582,4.0
32,143,-5.232943058013916,3.699640989303589,5.0
32,144,-34.618309020996094,17.901044845581055,26.0
32,145,-1.940801978111267,1.2745590209960938,2.0
32,146,-6.1485700607299805,2.1566827297210693,3.0
32,147,-2.02225923538208,1.4984807968139648,2.0
32,148,-8.007086753845215,7.402159214019775,11.0
34,0,-2.9742431640625,1.5294251441955566,2.0
34,1,-6.143157005310059,2.7839183807373047,18.0
34,2,-2.771480083465576,1.9994456768035889,1.0
34,3,-7.20845365524292,2.8004469871520996,12.0
34,4,-24.106338500976562,4.128936290740967,15.0
34,5,-9.501583099365234,2.8740766048431396,50.0
34,6,-14.912347793579102,2.702444076538086,10.0
34,7,-35.88787841796875,5.523139953613281,57.0
34,8,-11.060227394104004,9.134381294250488,35.0
34,9,-1.7839655876159668,1.8124059438705444,1.0
34,10,-2.1200919151306152,2.8865036964416504,1.0
34,11,-16.158649444580078,3.46590256690979,99.0
34,12,-4.9475812911987305,2.027487277984619,12.0
34,13,-1.1250418424606323,1.7550913095474243,1.0
34,14,-7.008783340454102,2.7216949462890625,18.0
34,15,-12.15064525604248,3.8577020168304443,19.0
34,16,-21.971899032592773,80.99436950683594,2362.0
34,17,-12.995018005371094,4.237150192260742,4.0
34,18,-7.960893630981445,3.7690224647521973,33.0
34,19,-12.796171188354492,24.50905990600586,81.0
34,20,-8.804291725158691,18.817060470581055,36.0
34,21,-5.465105056762695,2.1830637454986572,5.0
34,22,-11.836301803588867,5.424361228942871,11.0
34,23,-6.447869300842285,25.12679100036621,23.0
34,24,-20.617755889892578,31.071550369262695,212.0
34,25,-3.884197950363159,1.9105026721954346,6.0
34,26,-5.643980503082275,2.0248537063598633,5.0
34,27,-13.812566757202148,99.90191650390625,704.0
34,28,-13.663673400878906,15.37487506866455,1156.0
34,29,-28.3524169921875,112.77591705322266,3125.0
34,30,-15.945630073547363,203.40721130371094,747.0
34,31,-25.47492790222168,69.8130874633789,359.0
34,32,-14.582649230957031,3.0701985359191895,9.0
34,33,-10.399065017700195,5.658606052398682,22.0
34,34,-13.470809936523438,6.851046562194824,52.0
34,35,-2.264997959136963,1.5730235576629639,1.0
34,36,-4.607419013977051,10.011250495910645,5.0
34,37,-13.363731384277344,6.747044086456299,13.0
34,38,-15.865276336669922,3.3885626792907715,14.0
34,39,-11.682764053344727,5.3066792488098145,14.0
34,40,-8.913657188415527,9.285130500793457,34.0
34,41,-5.936806678771973,7.2350382804870605,4.0
34,42,-11.721258163452148,2.4636282920837402,12.0
34,43,-11.58188533782959,3.6214561462402344,68.0
34,44,-17.206680297851562,3.756887197494507,71.0
34,45,-13.273271560668945,4.370196342468262,72.0
34,46,-5.961817264556885,7.295607089996338,3.0
34,47,-3.3703503608703613,3.075446844100952,5.0
34,48,-19.773147583007812,5.195341110229492,79.0
34,49,-10.097806930541992,12.484048843383789,155.0
34,50,-4.659267425537109,10.274177551269531,20.0
34,51,-2.1517059803009033,1.270078182220459,3.0
34,52,-8.675661087036133,1.9490820169448853,4.0
34,53,-14.439352035522461,123.11483764648438,191.0
34,54,-11.32339859008789,5.0411200523376465,10.0
34,55,-5.24160623550415,2.395521640777588,21.0
34,56,-5.721490859985352,6.733962059020996,42.0
34,57,-12.857528686523438,13.0855131149292,186.0
34,58,-0.7387223243713379,1.2028342485427856,1.0
34,59,-5.006989479064941,2.7220842838287354,4.0
34,60,-10.174100875854492,29.706533432006836,553.0
34,61,-17.119409561157227,2.7374422550201416,19.0
34,62,-5.975393295288086,2.7071568965911865,4.0
34,63,-2.0348737239837646,1.403747797012329,1.0
34,64,-5.289554595947266,1.93710458278656,9.0
34,65,-8.250690460205078,3.250048875808716,5.0
34,66,-10.17375373840332,5.45005464553833,13.0
34,67,-5.44633150100708,2.1772167682647705,3.0
34,68,-4.9702887535095215,2.7021772861480713,4.0
34,69,-11.234516143798828,3.075451135635376,14.0
34,70,-3.5627529621124268,2.0391857624053955,2.0
34,71,-15.625732421875,22.763227462768555,47.0
34,72,-8.299543380737305,3.272810220718384,8.0
34,73,-8.52822208404541,2.9038219451904297,9.0
34,74,-11.7379150390625,5.348654270172119,5.0
34,75,-0.5705214738845825,1.3301087617874146,1.0
34,76,-10.679056167602539,3.7995476722717285,6.0
34,77,-7.165783405303955,5.998118877410889,16.0
34,78,-29.778522491455078,9.881413459777832,3267.0
34,79,-11.448346138000488,5.13191032409668,6.0
34,80,-3.9849936962127686,1.489587664604187,5.0
34,81,-5.059366226196289,5.400304794311523,18.0
34,82,-7.277683734893799,1.9379053115844727,34.0
34,83,-11.471759796142578,2.6012184619903564,5.0
34,84,-23.614654541015625,13.788716316223145,114.0
34,85,-7.8647332191467285,13.75741195678711,41.0
34,86,-23.70564079284668,2.9374125003814697,463.0
34,87,-6.722724914550781,2.1105942726135254,4.0
34,88,-13.30786418914795,5.277661323547363,24.0
34,89,-25.502193450927734,70.13105773925781,3149.0
34,90,-6.190564155578613,2.421449661254883,9.0
34,91,-11.661506652832031,48.77260971069336,216.0
34,92,-11.962608337402344,7.343151092529297,52.0
34,93,-10.728354454040527,14.615588188171387,11.0
34,94,-16.059398651123047,55.41496658325195,982.0
34,95,-2.7850677967071533,1.5907061100006104,1.0
34,96,-3.4292635917663574,2.3568263053894043,1.0
34,97,-17.705659866333008,6994.15380859375,12271.0
34,98,-27.697059631347656,12.402704238891602,50.0
34,99,-8.047245025634766,1.9554173946380615,4.0
34,100,-23.850704193115234,2.4190125465393066,13.0
34,101,-8.324457168579102,5.285099983215332,67.0
34,102,-4.776238918304443,4.913957595825195,17.0
34,103,-6.677954196929932,9.262600898742676,8.0
34,104,-9.91845417022705,27.27993392944336,122.0
34,105,-14.274250030517578,4.884308815002441,30.0
34,106,-14.935134887695312,6.468161582946777,104.0
34,107,-0.784500241279602,1.2988770008087158,1.0
34,108,-3.0930099487304688,1.5555957555770874,2.0
34,109,-8.579134941101074,5.561272144317627,163.0
34,110,-4.430140972137451,2.092494487762451,3.0
34,111,-11.82404613494873,10.642008781433105,133.0
34,112,-7.801520824432373,3.048053026199341,5.0
34,113,-11.533997535705566,10.042232513427734,46.0
34,114,-1.6228933334350586,1.50038743019104,1.0
34,115,-11.863363265991211,19.41101837158203,25.0
34,116,-9.301379203796387,2.810849189758301,12.0
34,117,-7.967665672302246,3.1212637424468994,6.0
34,118,-24.757402420043945,3.680398941040039,31.0
34,119,-7.496277809143066,12.167387962341309,11.0
34,120,-1.8428956270217896,1.4456790685653687,2.0
34,121,-22.169370651245117,7.503708362579346,22.0
34,122,-48.123077392578125,79.42594146728516,182.0
34,123,-28.669509887695312,4.917255401611328,252.0
34,124,-13.190871238708496,6.582470417022705,30.0
34,125,-16.976062774658203,3.3621339797973633,396.0
34,126,-19.029285430908203,4.322314739227295,41.0
34,127,-9.324064254760742,2.0487618446350098,16.0
34,128,-27.27371597290039,2.9770967960357666,11.0
34,129,-3.265204906463623,2.2621171474456787,4.0
34,130,-6.632147789001465,9.122245788574219,25.0
34,131,-6.64179801940918,9.151637077331543,60.0
34,132,-21.57524871826172,220.04063415527344,1794.0
34,133,-14.948516845703125,41.9773063659668,1780.0
34,134,-11.5487060546875,17.942577362060547,99.0
34,135,-20.096576690673828,23116.185546875,3019.0
34,136,-12.83862590789795,13.036136627197266,139.0
34,137,-18.905864715576172,14.892203330993652,218.0
34,138,-11.301971435546875,16.8692569732666,111.0
34,139,-3.780090093612671,1.8776386976242065,2.0
34,140,-6.539364814758301,3.698298931121826,6.0
34,141,-4.45424747467041,9.27315616607666,3.0
34,142,-7.557718753814697,6.615594863891602,4.0
34,143,-5.267759799957275,3.7319836616516113,5.0
34,144,-34.5140266418457,17.746156692504883,25.0
34,145,-1.9433335065841675,1.2749624252319336,2.0
34,146,-6.117774486541748,2.1483964920043945,3.0
34,147,-1.9808495044708252,1.4861217737197876,2.0
34,148,-8.018632888793945,7.423556327819824,11.0
36,0,-3.0005431175231934,1.5351821184158325,2.0
36,1,-6.0746941566467285,2.752333402633667,17.0
36,2,-2.733761787414551,1.9806804656982422,1.0
36,3,-7.166803359985352,2.7838339805603027,12.0
36,4,-23.61217498779297,4.0106425285339355,15.0
36,5,-9.391120910644531,2.839017152786255,50.0
36,6,-14.771732330322266,2.6772284507751465,10.0
36,7,-35.47761154174805,5.416284561157227,54.0
36,8,-11.121214866638184,9.246479988098145,35.0
36,9,-1.7557293176651,1.7954274415969849,1.0
36,10,-2.115356922149658,2.8796780109405518,1.0
36,11,-16.067039489746094,3.4415643215179443,96.0
36,12,-4.892491817474365,2.01159405708313,11.0
36,13,-1.1108496189117432,1.7426812648773193,1.0
36,14,-7.041816711425781,2.7345690727233887,18.0
36,15,-12.144134521484375,3.854912519454956,20.0
36,16,-22.023099899291992,81.82805633544922,2416.0
36,17,-12.893627166748047,4.18968391418457,4.0
36,18,-7.906431198120117,3.7349653244018555,33.0
36,19,-12.745147705078125,24.198408126831055,79.0
36,20,-8.863119125366211,19.18968963623047,36.0
36,21,-5.458288192749023,2.180938959121704,5.0
36,22,-11.781288146972656,5.381898403167725,11.0
36,23,-6.469353675842285,25.398162841796875,23.0
36,24,-20.481399536132812,30.373380661010742,205.0
36,25,-3.9405550956726074,1.9285322427749634,6.0
36,26,-5.440241813659668,1.9739373922348022,5.0
36,27,-13.864575386047363,101.64895629882812,697.0
36,28,-13.694365501403809,15.4695405960083,1136.0
36,29,-28.3125,112.02813720703125,2886.0
36,30,-15.985980033874512,206.1615447998047,742.0
36,31,-25.370269775390625,68.60588836669922,353.0
36,32,-14.527215957641602,3.0571348667144775,9.0
36,33,-10.411067008972168,5.669936180114746,22.0
36,34,-13.497566223144531,6.877283573150635,52.0
36,35,-2.273937463760376,1.5758384466171265,1.0
36,36,-4.616497039794922,10.056795120239258,5.0
36,37,-13.314072608947754,6.6993489265441895,13.0
36,38,-15.842308044433594,3.3825812339782715,14.0
36,39,-11.66771125793457,5.2952799797058105,14.0
36,40,-8.890165328979492,9.230759620666504,34.0
36,41,-5.929072856903076,7.216410160064697,4.0
36,42,-11.576579093933105,2.4363622665405273,12.0
36,43,-11.58655071258545,3.623333692550659,69.0
36,44,-17.228878021240234,3.763307809829712,72.0
36,45,-13.245563507080078,4.356762409210205,70.0
36,46,-5.968036651611328,7.310748100280762,3.0
36,47,-3.3668830394744873,3.0718939304351807,5.0
36,48,-19.599945068359375,5.1208930015563965,79.0
36,49,-10.139535903930664,12.614967346191406,160.0
36,50,-4.629580974578857,10.122801780700684,20.0
36,51,-2.1579391956329346,1.2709580659866333,3.0
36,52,-8.607995986938477,1.9389634132385254,4.0
36,53,-14.389589309692383,121.08948516845703,190.0
36,54,-11.287961959838867,5.015665054321289,8.0
36,55,-5.20062780380249,2.3792166709899902,21.0
36,56,-5.6622090339660645,6.602200984954834,40.0
36,57,-12.820323944091797,12.988505363464355,174.0
36,58,-0.728345513343811,1.1997177600860596,1.0
36,59,-4.993468761444092,2.714733600616455,4.0
36,60,-10.179035186767578,29.755435943603516,559.0
36,61,-17.031085968017578,2.723256826400757,19.0
36,62,-5.977121353149414,2.7079365253448486,4.0
36,63,-2.0502164363861084,1.4073418378829956,1.0
36,64,-5.298727512359619,1.9393267631530762,10.0
36,65,-8.220466613769531,3.236046552658081,5.0
36,66,-10.17835807800293,5.454238414764404,12.0
36,67,-5.427097320556641,2.1712427139282227,3.0
36,68,-4.960730075836182,2.6970162391662598,4.0
36,69,-11.142587661743164,3.0473086833953857,14.0
36,70,-3.547455310821533,2.03295636177063,2.0
36,71,-15.65953254699707,22.917631149291992,47.0
36,72,-8.304059982299805,3.2749226093292236,8.0
36,73,-8.548035621643066,2.911022663116455,9.0
36,74,-11.772012710571289,5.374771595001221,5.0
36,75,-0.570776641368866,1.3302785158157349,1.0
36,76,-10.654010772705078,3.7876710891723633,6.0
36,77,-7.14918327331543,5.973278045654297,16.0
36,78,-29.73037338256836,9.84488296508789,3239.0
36,79,-11.504255294799805,5.173063278198242,6.0
36,80,-3.972743511199951,1.4877641201019287,5.0
36,81,-5.069550514221191,5.418668746948242,17.0
36,82,-7.213628768920898,1.926653265953064,34.0
36,83,-11.407564163208008,2.5873403549194336,5.0
36,84,-23.47740936279297,13.580039978027344,112.0
36,85,-7.926982402801514,14.045858383178711,42.0
36,86,-23.552919387817383,2.9170920848846436,455.0
36,87,-6.623528957366943,2.0874593257904053,3.0
36,88,-13.287163734436035,5.264022350311279,22.0
36,89,-25.42478370666504,69.2320556640625,3121.0
36,90,-6.120409965515137,2.3973028659820557,9.0
36,91,-11.626815795898438,48.211875915527344,215.0
36,92,-11.964314460754395,7.345239639282227,52.0
36,93,-10.705240249633789,14.53137493133545,11.0
36,94,-16.048816680908203,55.268558502197266,975.0
36,95,-2.7679271697998047,1.5861682891845703,2.0
36,96,-3.4080593585968018,2.3443655967712402,1.0
36,97,-17.6920108795166,6946.58544921875,12168.0
36,98,-27.68674659729004,12.391082763671875,50.0
36,99,-8.037008285522461,1.9537502527236938,4.0
36,100,-23.7178897857666,2.4071426391601562,13.0
36,101,-8.365889549255371,5.329076290130615,71.0
36,102,-4.7723822593688965,4.907644748687744,17.0
36,103,-6.696746826171875,9.320805549621582,8.0
36,104,-9.890612602233887,27.027935028076172,122.0
36,105,-14.23791217803955,4.864627838134766,30.0
36,106,-14.795352935791016,6.35612678527832,100.0
36,107,-0.7775627374649048,1.2958768606185913,1.0
36,108,-3.064403772354126,1.5492515563964844,2.0
36,109,-8.590943336486816,5.5744218826293945,167.0
36,110,-4.360780239105225,2.068444013595581,3.0
36,111,-11.775873184204102,10.539969444274902,128.0
36,112,-7.822238922119141,3.0570878982543945,5.0
36,113,-11.577609062194824,10.130207061767578,48.0
36,114,-1.6400139331817627,1.5068230628967285,1.0
36,115,-11.910274505615234,19.64000701904297,25.0
36,116,-9.370306015014648,2.83245849609375,12.0
36,117,-7.865598678588867,3.076082944869995,5.0
36,118,-24.502485275268555,3.63135027885437,30.0
36,119,-7.490450382232666,12.143776893615723,11.0
36,120,-1.784124493598938,1.4287856817245483,1.0
36,121,-22.10373306274414,7.459065914154053,23.0
36,122,-47.96531677246094,78.29496002197266,172.0
36,123,-28.659168243408203,4.914431095123291,252.0
36,124,-13.170612335205078,6.563448429107666,29.0
36,125,-17.000282287597656,3.367955446243286,390.0
36,126,-18.936017990112305,4.291415691375732,40.0
36,127,-9.28972339630127,2.0433571338653564,16.0
36,128,-27.24173355102539,2.9732906818389893,11.0
36,129,-3.2537617683410645,2.25565505027771,4.0
36,130,-6.624334335327148,9.098518371582031,25.0
36,131,-6.661569595336914,9.212148666381836,63.0
36,132,-21.272502899169922,204.0011749267578,1753.0
36,133,-14.924659729003906,41.727691650390625,1777.0
36,134,-11.512776374816895,17.78213119506836,100.0
36,135,-20.117130279541016,23354.970703125,2977.0
36,136,-12.816076278686523,12.977477073669434,139.0
36,137,-18.884876251220703,14.84761905670166,219.0
36,138,-11.361760139465332,17.12329864501953,114.0
36,139,-3.7939279079437256,1.8819741010665894,2.0
36,140,-6.550703048706055,3.7066946029663086,7.0
36,141,-4.442979335784912,9.221056938171387,3.0
36,142,-7.522604942321777,6.557774066925049,4.0
36,143,-5.233990669250488,3.7006099224090576,5.0
36,144,-34.16156005859375,17.232492446899414,23.0
36,145,-1.9197845458984375,1.2712148427963257,2.0
36,146,-6.116310119628906,2.148003339767456,3.0
36,147,-1.9711217880249023,1.4832333326339722,2.0
36,148,-8.001733779907227,7.39225959777832,11.0
38,0,-3.0511953830718994,1.5463310480117798,2.0
38,1,-6.094196796417236,2.76129412651062,17.0
38,2,-2.720109224319458,1.9739315509796143,1.0
38,3,-7.146737575531006,2.775865077972412,12.0
38,4,-23.4520320892334,3.973038673400879,15.0
38,5,-9.392248153686523,2.8393726348876953,49.0
38,6,-15.00486946105957,2.7191643714904785,10.0
38,7,-35.404632568359375,5.397494792938232,57.0
38,8,-11.066446304321289,9.145750045776367,36.0
38,9,-1.7597864866256714,1.7978570461273193,1.0
38,10,-2.086129903793335,2.8379018306732178,1.0
38,11,-16.101932525634766,3.4508140087127686,96.0
38,12,-4.962320804595947,2.0317609310150146,13.0
38,13,-1.1233175992965698,1.753579020500183,1.0
38,14,-6.965432167053223,2.7048914432525635,17.0
38,15,-12.110913276672363,3.8407089710235596,20.0
38,16,-22.09128761291504,82.95162963867188,2516.0
38,17,-12.955915451049805,4.218780517578125,4.0
38,18,-7.915802955627441,3.7408039569854736,33.0
38,19,-12.738990783691406,24.161191940307617,78.0
38,20,-8.821178436279297,18.923276901245117,36.0
38,21,-5.456040382385254,2.1802384853363037,5.0
38,22,-11.798381805419922,5.39505672454834,11.0
38,23,-6.453405857086182,25.19644546508789,23.0
38,24,-20.405792236328125,29.993043899536133,198.0
38,25,-3.9849658012390137,1.9428597688674927,6.0
38,26,-5.566330909729004,2.005295515060425,5.0
38,27,-13.95225715637207,104.6637191772461,728.0
38,28,-13.645606994628906,15.319422721862793,1125.0
38,29,-28.405315399169922,113.77458190917969,3120.0
38,30,-15.931886672973633,202.4775390625,731.0
38,31,-25.330486297607422,68.15250396728516,348.0
38,32,-14.553520202636719,3.0633270740509033,9.0
38,33,-10.3655366897583,5.627073764801025,22.0
38,34,-13.515999794006348,6.895417213439941,52.0
38,35,-2.2567803859710693,1.570440411567688,1.0
38,36,-4.621619701385498,10.082587242126465,5.0
38,37,-13.307092666625977,6.6926727294921875,13.0
38,38,-15.792004585266113,3.3695175647735596,14.0
38,39,-11.613140106201172,5.254159450531006,14.0
38,40,-8.875205993652344,9.19630241394043,34.0
38,41,-5.86400842666626,7.06158447265625,4.0
38,42,-11.493478775024414,2.420837879180908,11.0
38,43,-11.596776962280273,3.627453088760376,68.0
38,44,-17.229066848754883,3.7633626461029053,71.0
38,45,-13.29049301147461,4.378566265106201,76.0
38,46,-5.939733028411865,7.242098331451416,3.0
38,47,-3.3456344604492188,3.05021333694458,5.0
38,48,-19.68243980407715,5.1562180519104,79.0
38,49,-10.085131645202637,12.444552421569824,161.0
38,50,-4.634645462036133,10.148468017578125,20.0
38,51,-2.147658109664917,1.2695070505142212,3.0
38,52,-8.474696159362793,1.9191832542419434,4.0
38,53,-14.397547721862793,121.41111755371094,193.0
38,54,-11.302926063537598,5.0263991355896,9.0
38,55,-5.256425857543945,2.4014458656311035,21.0
38,56,-5.6660261154174805,6.610606670379639,41.0
38,57,-12.789896965026855,12.90970516204834,183.0
38,58,-0.7450365424156189,1.2047343254089355,1.0
38,59,-4.947967529296875,2.690140724182129,4.0
38,60,-10.17179012298584,29.683656692504883,565.0
38,61,-17.042098999023438,2.7250218391418457,19.0
38,62,-5.9188947677612305,2.6817846298217773,4.0
38,63,-2.02510929107666,1.4014651775360107,1.0
38,64,-5.296377182006836,1.9387571811676025,10.0
38,65,-8.199850082397461,3.226529359817505,5.0
38,66,-10.121228218078613,5.402552127838135,12.0
38,67,-5.449331760406494,2.178150177001953,3.0
38,68,-4.976718902587891,2.7056546211242676,4.0
38,69,-11.084027290344238,3.029515504837036,13.0
38,70,-3.53426194190979,2.0275990962982178,2.0
38,71,-15.671090126037598,22.970664978027344,47.0
38,72,-8.247015953063965,3.2483437061309814,8.0
38,73,-8.566774368286133,2.91784930229187,9.0
38,74,-11.686882019042969,5.309802055358887,5.0
38,75,-0.5734516382217407,1.3320589065551758,1.0
38,76,-10.666171073913574,3.7934329509735107,6.0
38,77,-7.170926570892334,6.005836009979248,16.0
38,78,-29.642330169677734,9.778432846069336,3247.0
38,79,-11.492968559265137,5.164729118347168,6.0
38,80,-3.9547014236450195,1.4850822687149048,5.0
38,81,-5.080654621124268,5.438762187957764,17.0
38,82,-7.1914191246032715,1.922767162322998,34.0
38,83,-11.375306129455566,2.5803945064544678,5.0
38,84,-23.467670440673828,13.565352439880371,112.0
38,85,-7.844115257263184,13.663186073303223,40.0
38,86,-23.441986083984375,2.9024200439453125,465.0
38,87,-6.649340629577637,2.093454599380493,3.0
38,88,-13.269694328308105,5.252540111541748,22.0
38,89,-25.483089447021484,69.90809631347656,3148.0
38,90,-6.137659549713135,2.4032177925109863,8.0
38,91,-11.606033325195312,47.8790397644043,212.0
38,92,-11.917941093444824,7.288687705993652,52.0
38,93,-10.719572067260742,14.583534240722656,13.0
38,94,-15.947115898132324,53.88105773925781,944.0
38,95,-2.7892799377441406,1.5918232202529907,1.0
38,96,-3.400998830795288,2.340230941772461,1.0
38,97,-17.791179656982422,7299.70947265625,12623.0
38,98,-27.75838279724121,12.472038269042969,50.0
38,99,-8.008455276489258,1.9491068124771118,4.0
38,100,-23.68589210510254,2.4042913913726807,12.0
38,101,-8.29859447479248,5.2578325271606445,65.0
38,102,-4.763190269470215,4.892630100250244,15.0
38,103,-6.660607814788818,9.209197998046875,8.0
38,104,-9.906447410583496,27.17096710205078,123.0
38,105,-14.12000846862793,4.801314830780029,29.0
38,106,-14.76555061340332,6.332492351531982,100.0
38,107,-0.7798110246658325,1.2968484163284302,1.0
38,108,-3.0542819499969482,1.5470130443572998,2.0
38,109,-8.632048606872559,5.620438575744629,171.0
38,110,-4.379176616668701,2.074795722961426,3.0
38,111,-11.773665428161621,10.53531551361084,133.0
38,112,-7.759921550750732,3.0299925804138184,5.0
38,113,-11.564807891845703,10.104304313659668,48.0
38,114,-1.5939908027648926,1.489585280418396,1.0
38,115,-11.903559684753418,19.607065200805664,25.0
38,116,-9.323970794677734,2.817913770675659,13.0
38,117,-7.928673267364502,3.1039257049560547,5.0
38,118,-24.36627960205078,3.6054110527038574,30.0
38,119,-7.502940654754639,12.194440841674805,11.0
38,120,-1.8081426620483398,1.4356656074523926,2.0
38,121,-21.933292388916016,7.344382286071777,22.0
38,122,-48.07553482055664,79.0833969116211,176.0
38,123,-28.62875747680664,4.906135559082031,252.0
38,124,-13.141955375671387,6.536633014678955,28.0
38,125,-17.107973098754883,3.3939626216888428,407.0
38,126,-18.815216064453125,4.251722812652588,39.0
38,127,-9.364367485046387,2.0551235675811768,17.0
38,128,-27.169910430908203,2.9647607803344727,11.0
38,129,-3.259676218032837,2.258992910385132,4.0
38,130,-6.625509262084961,9.102080345153809,25.0
38,131,-6.6846022605896,9.283147811889648,65.0
38,132,-21.183313369750977,199.5028076171875,1803.0
38,133,-14.925396919250488,41.735382080078125,1791.0
38,134,-11.515960693359375,17.796293258666992,98.0
38,135,-20.255064010620117,25022.53125,3058.0
38,136,-12.819761276245117,12.987043380737305,141.0
38,137,-18.788970947265625,14.645583152770996,213.0
38,138,-11.365891456604004,17.140993118286133,114.0
38,139,-3.792539119720459,1.8815385103225708,2.0
38,140,-6.553764343261719,3.7089650630950928,7.0
38,141,-4.493597984313965,9.457413673400879,3.0
38,142,-7.501327991485596,6.522984504699707,4.0
38,143,-5.2432379722595215,3.709174871444702,5.0
38,144,-34.03363800048828,17.049768447875977,22.0
38,145,-1.925558090209961,1.2721326351165771,2.0
38,146,-6.082536220550537,2.1389541625976562,3.0
38,147,-1.9637441635131836,1.4810463190078735,2.0
38,148,-7.971122741699219,7.335904598236084,11.0
40,0,-3.057568073272705,1.5477395057678223,2.0
40,1,-6.100859642028809,2.764362096786499,17.0
40,2,-2.7195067405700684,1.9736342430114746,1.0
40,3,-7.124056816101074,2.766885757446289,12.0
40,4,-23.314651489257812,3.94106125831604,15.0
40,5,-9.416897773742676,2.8471601009368896,50.0
40,6,-14.946982383728027,2.708691120147705,10.0
40,7,-35.226444244384766,5.351889610290527,55.0
40,8,-11.012687683105469,9.047943115234375,34.0
40,9,-1.7385765314102173,1.7851911783218384,1.0
40,10,-2.1111347675323486,2.873605251312256,1.0
40,11,-16.04716682434082,3.436307191848755,95.0
40,12,-4.843567371368408,1.9975836277008057,11.0
40,13,-1.1247649192810059,1.7548483610153198,1.0
40,14,-7.010853290557861,2.7224996089935303,18.0
40,15,-12.097806930541992,3.8351199626922607,19.0
40,16,-22.05144691467285,82.29326629638672,2437.0
40,17,-12.883262634277344,4.184861660003662,4.0
40,18,-7.943218231201172,3.7579355239868164,33.0
40,19,-12.774869918823242,24.378889083862305,78.0
40,20,-8.814812660217285,18.88316535949707,36.0
40,21,-5.455488204956055,2.1800665855407715,5.0
40,22,-11.771127700805664,5.3740925788879395,11.0
40,23,-6.447626113891602,25.123735427856445,23.0
40,24,-20.53944206237793,30.66863441467285,214.0
40,25,-3.974656343460083,1.9395242929458618,6.0
40,26,-5.469104766845703,1.981071949005127,5.0
40,27,-13.814638137817383,99.97091674804688,682.0
40,28,-13.671279907226562,15.398283958435059,1114.0
40,29,-28.423398971557617,114.1180191040039,3058.0
40,30,-15.995721817016602,206.83209228515625,741.0
40,31,-25.364906311035156,68.5445785522461,354.0
40,32,-14.469371795654297,3.043562173843384,9.0
40,33,-10.338360786437988,5.601644039154053,21.0
40,34,-13.505607604980469,6.885189056396484,52.0
40,35,-2.2550814151763916,1.5699068307876587,1.0
40,36,-4.580965518951416,9.879705429077148,5.0
40,37,-13.280166625976562,6.666977882385254,12.0
40,38,-15.769163131713867,3.36360239982605,13.0
40,39,-11.591732025146484,5.238115310668945,13.0
40,40,-8.85519790649414,9.15041732788086,34.0
40,41,-5.925602912902832,7.20806884765625,4.0
40,42,-11.426122665405273,2.408327579498291,11.0
40,43,-11.629829406738281,3.6407992839813232,69.0
40,44,-17.170940399169922,3.746572732925415,68.0
40,45,-13.287546157836914,4.377133369445801,75.0
40,46,-5.931886672973633,7.22318172454834,3.0
40,47,-3.3587918281555176,3.0636203289031982,5.0
40,48,-19.680599212646484,5.155426979064941,78.0
40,49,-10.108503341674805,12.517477035522461,160.0
40,50,-4.617566108703613,10.062171936035156,20.0
40,51,-2.139397382736206,1.26834237575531,3.0
40,52,-8.498970031738281,1.9227701425552368,3.0
40,53,-14.331640243530273,118.77293395996094,189.0
40,54,-11.174860000610352,4.935276031494141,7.0
40,55,-5.287911415100098,2.4140806198120117,21.0
40,56,-5.60039758682251,6.467562675476074,39.0
40,57,-12.724082946777344,12.740889549255371,165.0
40,58,-0.7232803702354431,1.1981996297836304,1.0
40,59,-4.957559585571289,2.6953067779541016,4.0
40,60,-10.168455123901367,29.650680541992188,558.0
40,61,-17.071495056152344,2.7297379970550537,19.0
40,62,-5.9292755126953125,2.6864285469055176,4.0
40,63,-2.0677037239074707,1.411449670791626,1.0
40,64,-5.25010871887207,1.9275766611099243,10.0
40,65,-8.205109596252441,3.228954792022705,5.0
40,66,-10.06657600402832,5.353564739227295,12.0
40,67,-5.430090427398682,2.1721713542938232,3.0
40,68,-4.96720027923584,2.7005085945129395,4.0
40,69,-11.076025009155273,3.027092218399048,14.0
40,70,-3.5652215480804443,2.0401926040649414,2.0
40,71,-15.734216690063477,23.26251792907715,47.0
40,72,-8.249017715454102,3.249272584915161,8.0
40,73,-8.494851112365723,2.8917341232299805,9.0
40,74,-11.634988784790039,5.2705841064453125,5.0
40,75,-0.5667165517807007,1.3275806903839111,1.0
40,76,-10.66108226776123,3.791020393371582,6.0
40,77,-7.134342193603516,5.9511566162109375,16.0
40,78,-29.589862823486328,9.739047050476074,3227.0
40,79,-11.42922592163086,5.117912292480469,6.0
40,80,-3.984369993209839,1.489494800567627,5.0
40,81,-5.097628593444824,5.469622611999512,18.0
40,82,-7.171541213989258,1.9192956686019897,34.0
40,83,-11.309404373168945,2.5662620067596436,5.0
40,84,-23.495426177978516,13.60725212097168,111.0
40,85,-7.891664505004883,13.881471633911133,40.0
40,86,-23.448129653930664,2.9032304286956787,460.0
40,87,-6.635364532470703,2.0902063846588135,3.0
40,88,-13.252883911132812,5.241514205932617,21.0
40,89,-25.526432037353516,70.4149398803711,3138.0
40,90,-6.082190036773682,2.384249210357666,8.0
40,91,-11.612189292907715,47.97738265991211,214.0
40,92,-11.911153793334961,7.280447006225586,52.0
40,93,-10.756891250610352,14.720231056213379,14.0
40,94,-15.924917221069336,53.582862854003906,942.0
40,95,-2.754645824432373,1.5826611518859863,1.0
40,96,-3.4236013889312744,2.353492259979248,1.0
40,97,-17.785720825195312,7279.81298828125,12554.0
40,98,-27.88339614868164,12.614591598510742,50.0
40,99,-8.015008926391602,1.950171709060669,4.0
40,100,-23.631980895996094,2.399495840072632,12.0
40,101,-8.327201843261719,5.288001537322998,69.0
40,102,-4.756766319274902,4.882165431976318,15.0
40,103,-6.694742202758789,9.314579010009766,8.0
40,104,-9.928060531616211,27.367427825927734,124.0
40,105,-14.050287246704102,4.764264106750488,29.0
40,106,-14.841806411743164,6.393142223358154,102.0
40,107,-0.7805646657943726,1.2971742153167725,1.0
40,108,-3.059357166290283,1.5481350421905518,2.0
40,109,-8.597747802734375,5.582013130187988,167.0
40,110,-4.382059097290039,2.0757927894592285,3.0
40,111,-11.771537780761719,10.530835151672363,132.0
40,112,-7.7525458335876465,3.026801586151123,5.0
40,113,-11.572349548339844,10.119556427001953,47.0
40,114,-1.6362911462783813,1.5054214000701904,1.0
40,115,-11.880956649780273,19.49658203125,25.0
40,116,-9.404011726379395,2.8430862426757812,12.0
40,117,-7.920038223266602,3.1000990867614746,5.0
40,118,-24.350637435913086,3.6024441719055176,29.0
40,119,-7.483187675476074,12.11441421508789,11.0
40,120,-1.819421410560608,1.4389077425003052,2.0
40,121,-22.057132720947266,7.427534103393555,23.0
40,122,-48.099769592285156,79.25785064697266,172.0
40,123,-28.708576202392578,4.927938938140869,252.0
40,124,-13.113690376281738,6.5102925300598145,29.0
40,125,-16.913707733154297,3.3471927642822266,394.0
40,126,-18.853870391845703,4.264383792877197,42.0
40,127,-9.351009368896484,2.0530128479003906,17.0
40,128,-27.263595581054688,2.9758920669555664,11.0
40,129,-3.2504701614379883,2.2537996768951416,4.0
40,130,-6.662161350250244,9.213968276977539,26.0
40,131,-6.639227390289307,9.143797874450684,59.0
40,132,-21.100996017456055,195.4391326904297,1798.0
40,133,-14.877739906311035,41.241085052490234,1740.0
40,134,-11.503604888916016,17.741405487060547,96.0
40,135,-20.23525619506836,24775.93359375,3042.0
40,136,-12.796337127685547,12.926345825195312,139.0
40,137,-18.83612823486328,14.744579315185547,216.0
40,138,-11.27829647064209,16.76970672607422,111.0
40,139,-3.7837705612182617,1.8787908554077148,2.0
40,140,-6.556022644042969,3.7106404304504395,8.0
40,141,-4.499275207519531,9.484298706054688,3.0
40,142,-7.511786460876465,6.5400614738464355,4.0
40,143,-5.242417812347412,3.7084145545959473,5.0
40,144,-34.063968658447266,17.092914581298828,23.0
40,145,-1.9142879247665405,1.2703417539596558,2.0
40,146,-6.082311630249023,2.1388940811157227,3.0
40,147,-1.9761404991149902,1.4847227334976196,2.0
40,148,-7.960046768188477,7.315619468688965,11.0
42,0,-3.0764737129211426,1.5519253015518188,2.0
42,1,-5.997119903564453,2.71697735786438,17.0
42,2,-2.710519313812256,1.9692047834396362,1.0
42,3,-7.138992786407471,2.7727956771850586,12.0
42,4,-23.215435028076172,3.9181270599365234,15.0
42,5,-9.404803276062012,2.843336343765259,50.0
42,6,-14.682432174682617,2.6613376140594482,10.0
42,7,-35.120445251464844,5.324943542480469,56.0
42,8,-11.044610023498535,9.105894088745117,34.0
42,9,-1.7521015405654907,1.7932575941085815,1.0
42,10,-2.0933189392089844,2.848120927810669,1.0
42,11,-15.963445663452148,3.41424822807312,95.0
42,12,-4.842555999755859,1.9972950220108032,11.0
42,13,-1.1133595705032349,1.744869589805603,1.0
42,14,-7.020670413970947,2.726320743560791,18.0
42,15,-12.099695205688477,3.8359246253967285,19.0
42,16,-22.000255584716797,81.45503234863281,2422.0
42,17,-12.823022842407227,4.156944751739502,4.0
42,18,-7.887131690979004,3.722970724105835,33.0
42,19,-12.687150955200195,23.85008430480957,74.0
42,20,-8.774484634399414,18.631027221679688,36.0
42,21,-5.465866565704346,2.1833014488220215,5.0
42,22,-11.759479522705078,5.365157127380371,11.0
42,23,-6.457459449768066,25.24756622314453,23.0
42,24,-20.517555236816406,30.556962966918945,208.0
42,25,-3.9166855812072754,1.9208751916885376,6.0
42,26,-5.45398473739624,1.977331280708313,5.0
42,27,-13.889180183410645,102.48606872558594,694.0
42,28,-13.640798568725586,15.304695129394531,1117.0
42,29,-28.330581665039062,112.36624908447266,2979.0
42,30,-15.984807014465332,206.08094787597656,749.0
42,31,-25.473865509033203,69.80070495605469,353.0
42,32,-14.469079971313477,3.0434937477111816,9.0
42,33,-10.334123611450195,5.597689628601074,22.0
42,34,-13.43423843383789,6.815346717834473,51.0
42,35,-2.23191499710083,1.5626497268676758,1.0
42,36,-4.612194538116455,10.035183906555176,5.0
42,37,-13.300580978393555,6.6864495277404785,12.0
42,38,-15.762247085571289,3.3618133068084717,13.0
42,39,-11.57917594909668,5.2287278175354,13.0
42,40,-8.85335636138916,9.14620590209961,33.0
42,41,-5.900463104248047,7.147917747497559,4.0
42,42,-11.473990440368652,2.4172117710113525,11.0
42,43,-11.60608196258545,3.6312050819396973,69.0
42,44,-17.15083885192871,3.740784168243408,70.0
42,45,-13.242443084716797,4.355252742767334,71.0
42,46,-5.957639694213867,7.285455226898193,3.0
42,47,-3.3150224685668945,3.019247055053711,5.0
42,48,-19.517780303955078,5.085948944091797,78.0
42,49,-10.071796417236328,12.403132438659668,156.0
42,50,-4.618299961090088,10.065864562988281,20.0
42,51,-2.146883010864258,1.2693977355957031,3.0
42,52,-8.562507629394531,1.9321907758712769,3.0
42,53,-14.350449562072754,119.51991271972656,189.0
42,54,-11.17333984375,4.9342041015625,7.0
42,55,-5.245852947235107,2.3972179889678955,21.0
42,56,-5.607149600982666,6.48213529586792,39.0
42,57,-12.752494812011719,12.813495635986328,172.0
42,58,-0.7444037795066833,1.2045438289642334,1.0
42,59,-4.948075771331787,2.6901988983154297,4.0
42,60,-10.179945945739746,29.764467239379883,560.0
42,61,-16.871936798095703,2.6978816986083984,19.0
42,62,-5.923206806182861,2.6837127208709717,4.0
42,63,-2.024186372756958,1.4012495279312134,1.0
42,64,-5.271592140197754,1.9327600002288818,9.0
42,65,-8.205866813659668,3.229304313659668,5.0
42,66,-10.055049896240234,5.34329080581665,12.0
42,67,-5.418680191040039,2.168633222579956,3.0
42,68,-4.902808666229248,2.6659533977508545,4.0
42,69,-11.04838752746582,3.018737554550171,13.0
42,70,-3.5081136226654053,2.0170230865478516,2.0
42,71,-15.653255462646484,22.88887596130371,47.0
42,72,-8.254830360412598,3.251971483230591,8.0
42,73,-8.544729232788086,2.9098198413848877,9.0
42,74,-11.654890060424805,5.285590648651123,5.0
42,75,-0.5696641802787781,1.3295387029647827,1.0
42,76,-10.65972900390625,3.790379285812378,6.0
42,77,-7.129753589630127,5.944333553314209,16.0
42,78,-29.49064826965332,9.66500186920166,3272.0
42,79,-11.561763763427734,5.215738296508789,6.0
42,80,-3.982542037963867,1.489222526550293,5.0
42,81,-5.102149963378906,5.477871417999268,18.0
42,82,-7.150130271911621,1.9155634641647339,31.0
42,83,-11.315555572509766,2.567577838897705,5.0
42,84,-23.445072174072266,13.53133487701416,111.0
42,85,-7.903954982757568,13.938456535339355,40.0
42,86,-23.426273345947266,2.900347948074341,463.0
42,87,-6.592406272888184,2.0802531242370605,3.0
42,88,-13.22201919555664,5.2213311195373535,21.0
42,89,-25.539108276367188,70.5638427734375,3121.0
42,90,-6.139678001403809,2.4039106369018555,8.0
42,91,-11.682958602905273,49.122615814208984,218.0
42,92,-11.905470848083496,7.273555278778076,52.0
42,93,-10.676191329956055,14.426226615905762,12.0
42,94,-15.892468452453613,53.14994812011719,916.0
42,95,-2.776205539703369,1.5883581638336182,1.0
42,96,-3.4200642108917236,2.351412057876587,1.0
42,97,-17.78535270690918,7278.47314453125,12625.0
42,98,-27.72393798828125,12.433048248291016,50.0
42,99,-8.024179458618164,1.951662540435791,4.0
42,100,-23.642587661743164,2.4004385471343994,12.0
42,101,-8.280895233154297,5.239253520965576,65.0
42,102,-4.744478225708008,4.862208843231201,15.0
42,103,-6.703639984130859,9.342245101928711,8.0
42,104,-9.879045486450195,26.92392349243164,121.0
42,105,-14.104537963867188,4.793068885803223,29.0
42,106,-14.797704696655273,6.357995510101318,108.0
42,107,-0.7999472618103027,1.3055821657180786,1.0
42,108,-3.057037830352783,1.5476222038269043,2.0
42,109,-8.595390319824219,5.579382419586182,167.0
42,110,-4.344919681549072,2.062983751296997,3.0
42,111,-11.699150085449219,10.379470825195312,129.0
42,112,-7.748067378997803,3.0248656272888184,5.0
42,113,-11.638078689575195,10.25346565246582,49.0
42,114,-1.6363457441329956,1.5054419040679932,1.0
42,115,-11.886653900146484,19.524372100830078,25.0
42,116,-9.412217140197754,2.845679521560669,13.0
42,117,-7.885322093963623,3.0847623348236084,5.0
42,118,-24.23818016052246,3.5811846256256104,30.0
42,119,-7.474043369293213,12.077543258666992,11.0
42,120,-1.7960301637649536,1.4321918487548828,2.0
42,121,-22.1026611328125,7.458340167999268,22.0
42,122,-47.96125793457031,78.26610565185547,173.0
42,123,-28.670021057128906,4.917395114898682,254.0
42,124,-13.181879997253418,6.574020862579346,30.0
42,125,-16.961666107177734,3.3586785793304443,370.0
42,126,-18.924644470214844,4.287663459777832,41.0
42,127,-9.299933433532715,2.0449626445770264,17.0
42,128,-27.192785263061523,2.967475175857544,11.0
42,129,-3.2563366889953613,2.257107734680176,4.0
42,130,-6.640360355377197,9.147252082824707,26.0
42,131,-6.663280010223389,9.217403411865234,63.0
42,132,-21.05605697631836,193.25572204589844,1751.0
42,133,-14.947102546691895,41.962467193603516,1783.0
42,134,-11.490272521972656,17.682371139526367,98.0
42,135,-20.21634292602539,24542.7421875,3023.0
42,136,-12.808666229248047,12.958257675170898,139.0
42,137,-18.84077262878418,14.754365921020508,215.0
42,138,-11.371949195861816,17.16697120666504,114.0
42,139,-3.779230833053589,1.8773698806762695,2.0
42,140,-6.55177116394043,3.707486867904663,7.0
42,141,-4.476282596588135,9.375887870788574,3.0
42,142,-7.503458023071289,6.526458740234375,4.0
42,143,-5.286306858062744,3.749328136444092,5.0
42,144,-33.927818298339844,16.90007781982422,23.0
42,145,-1.8991124629974365,1.2679343223571777,2.0
42,146,-6.1208815574646,2.149231195449829,3.0
42,147,-1.9640613794326782,1.481140375137329,2.0
42,148,-7.958014488220215,7.311903476715088,11.0
44,0,-3.038388252258301,1.5435044765472412,2.0
44,1,-6.060654163360596,2.7459003925323486,17.0
44,2,-2.7177486419677734,1.9727669954299927,1.0
44,3,-7.09382438659668,2.7549617290496826,12.0
44,4,-23.113971710205078,3.8948116302490234,15.0
44,5,-9.361164093017578,2.829582929611206,50.0
44,6,-14.758472442626953,2.67486310005188,10.0
44,7,-35.28765106201172,5.367511749267578,55.0
44,8,-11.067031860351562,9.146821022033691,35.0
44,9,-1.7398314476013184,1.7859381437301636,1.0
44,10,-2.0879158973693848,2.840437173843384,1.0
44,11,-16.047893524169922,3.4364991188049316,95.0
44,12,-4.854660987854004,2.0007517337799072,11.0
44,13,-1.1273959875106812,1.7571583986282349,1.0
44,14,-7.036433219909668,2.732466697692871,18.0
44,15,-12.089284896850586,3.8314905166625977,20.0
44,16,-22.07247543334961,82.64009857177734,2439.0
44,17,-12.790884971618652,4.14212703704834,4.0
44,18,-7.929740905761719,3.7495036125183105,33.0
44,19,-12.691539764404297,23.876266479492188,76.0
44,20,-8.863999366760254,19.195316314697266,36.0
44,21,-5.43547248840332,2.173841953277588,5.0
44,22,-11.703393936157227,5.322341442108154,11.0
44,23,-6.421408653259277,24.796545028686523,23.0
44,24,-20.448984146118164,30.209728240966797,204.0
44,25,-3.981113910675049,1.941612720489502,6.0
44,26,-5.437803268432617,1.973335862159729,5.0
44,27,-13.876311302185059,102.0473861694336,713.0
44,28,-13.696218490600586,15.475276947021484,1154.0
44,29,-28.41265106201172,113.91376495361328,3002.0
44,30,-15.919621467590332,201.6514129638672,726.0
44,31,-25.429983139038086,69.29206848144531,348.0
44,32,-14.471961975097656,3.044168710708618,9.0
44,33,-10.337434768676758,5.600779056549072,22.0
44,34,-13.51259994506836,6.8920698165893555,52.0
44,35,-2.248760938644409,1.5679235458374023,1.0
44,36,-4.6092424392700195,10.020381927490234,5.0
44,37,-13.268268585205078,6.655655384063721,12.0
44,38,-15.795202255249023,3.3703463077545166,13.0
44,39,-11.619712829589844,5.259094715118408,13.0
44,40,-8.777600288391113,8.974615097045898,33.0
44,41,-5.879035949707031,7.0970458984375,4.0
44,42,-11.467151641845703,2.415940284729004,11.0
44,43,-11.601127624511719,3.6292073726654053,69.0
44,44,-17.27033233642578,3.775327682495117,73.0
44,45,-13.241189956665039,4.3546462059021,70.0
44,46,-5.950981140136719,7.2693023681640625,3.0
44,47,-3.332332134246826,3.0367181301116943,5.0
44,48,-19.654003143310547,5.144013404846191,79.0
44,49,-10.11674976348877,12.543309211730957,161.0
44,50,-4.577951908111572,9.86483097076416,19.0
44,51,-2.159287929534912,1.2711485624313354,3.0
44,52,-8.514960289001465,1.925136685371399,3.0
44,53,-14.325081825256348,118.5135498046875,192.0
44,54,-11.193726539611816,4.9485955238342285,7.0
44,55,-5.244236469268799,2.3965721130371094,22.0
44,56,-5.608132362365723,6.484258651733398,39.0
44,57,-12.71356201171875,12.714110374450684,174.0
44,58,-0.7271353602409363,1.1993550062179565,1.0
44,59,-4.964885234832764,2.699258327484131,4.0
44,60,-10.21634292602539,30.127782821655273,570.0
44,61,-16.912904739379883,2.7043910026550293,19.0
44,62,-5.900221824645996,2.6734514236450195,4.0
44,63,-2.0345511436462402,1.403672218322754,1.0
44,64,-5.229458808898926,1.9226075410842896,9.0
44,65,-8.168427467346191,3.212078332901001,5.0
44,66,-10.060701370239258,5.348325729370117,11.0
44,67,-5.415765762329102,2.1677305698394775,3.0
44,68,-4.939565658569336,2.685624122619629,4.0
44,69,-11.053016662597656,3.0201351642608643,13.0
44,70,-3.5436272621154785,2.031400442123413,2.0
44,71,-15.663036346435547,22.933696746826172,47.0
44,72,-8.283379554748535,3.265261650085449,8.0
44,73,-8.538599967956543,2.9075913429260254,9.0
44,74,-11.666597366333008,5.294437408447266,5.0
44,75,-0.5752302408218384,1.3332440853118896,1.0
44,76,-10.628412246704102,3.7755706310272217,6.0
44,77,-7.125269889831543,5.937674045562744,16.0
44,78,-29.47553253173828,9.653772354125977,3153.0
44,79,-11.607551574707031,5.249965667724609,6.0
44,80,-3.9910054206848145,1.4904835224151611,5.0
44,81,-5.122786998748779,5.515684127807617,19.0
44,82,-7.1910319328308105,1.9226994514465332,34.0
44,83,-11.278882026672363,2.5597429275512695,5.0
44,84,-23.45893669128418,13.55219554901123,111.0
44,85,-7.908447742462158,13.959345817565918,40.0
44,86,-23.404014587402344,2.897414445877075,442.0
44,87,-6.576091766357422,2.0764856338500977,3.0
44,88,-13.19626235961914,5.204547882080078,22.0
44,89,-25.54524040222168,70.63601684570312,3175.0
44,90,-6.121232032775879,2.3975844383239746,8.0
44,91,-11.601740837097168,47.810577392578125,215.0
44,92,-11.945902824401855,7.322734832763672,52.0
44,93,-10.727657318115234,14.613040924072266,14.0
44,94,-15.882535934448242,53.01813507080078,915.0
44,95,-2.761920928955078,1.5845812559127808,1.0
44,96,-3.4270143508911133,2.355501413345337,1.0
44,97,-17.78240203857422,7267.74267578125,12695.0
44,98,-27.799896240234375,12.51919937133789,50.0
44,99,-7.958133697509766,1.9409503936767578,4.0
44,100,-23.73381233215332,2.408562660217285,12.0
44,101,-8.263952255249023,5.221529960632324,65.0
44,102,-4.748953342437744,4.869466781616211,15.0
44,103,-6.679490089416504,9.267343521118164,8.0
44,104,-9.887275695800781,26.997882843017578,122.0
44,105,-14.029756546020508,4.753407955169678,29.0
44,106,-14.766402244567871,6.333166122436523,106.0
44,107,-0.7804551124572754,1.2971267700195312,1.0
44,108,-3.058763027191162,1.5480036735534668,2.0
44,109,-8.593058586120605,5.576780796051025,166.0
44,110,-4.3712968826293945,2.072072744369507,3.0
44,111,-11.726524353027344,10.436454772949219,130.0
44,112,-7.726778984069824,3.0156807899475098,5.0
44,113,-11.562505722045898,10.099654197692871,47.0
44,114,-1.6481610536575317,1.5098953247070312,1.0
44,115,-11.90534782409668,19.61583137512207,25.0
44,116,-9.28091812133789,2.8044660091400146,12.0
44,117,-7.873661041259766,3.079627752304077,5.0
44,118,-24.21489715576172,3.576799154281616,30.0
44,119,-7.50369930267334,12.197525978088379,11.0
44,120,-1.8088585138320923,1.4358711242675781,2.0
44,121,-21.836009979248047,7.279715538024902,22.0
44,122,-47.99168014526367,78.48286437988281,181.0
44,123,-28.645212173461914,4.9106221199035645,252.0
44,124,-13.170255661010742,6.563113689422607,29.0
44,125,-17.00863265991211,3.369964838027954,372.0
44,126,-18.87069320678711,4.2699055671691895,41.0
44,127,-9.37594985961914,2.056955337524414,18.0
44,128,-27.20905113220215,2.9694066047668457,11.0
44,129,-3.226457118988037,2.240309953689575,4.0
44,130,-6.629611968994141,9.11453628540039,25.0
44,131,-6.667470932006836,9.2302885055542,61.0
44,132,-21.190717697143555,199.87245178222656,1869.0
44,133,-14.86673355102539,41.12776184082031,1732.0
44,134,-11.48811149597168,17.672819137573242,99.0
44,135,-20.168874740600586,23967.099609375,3040.0
44,136,-12.76545524597168,12.846752166748047,138.0
44,137,-18.81031608581543,14.6903076171875,215.0
44,138,-11.27590560913086,16.759687423706055,109.0
44,139,-3.765015125274658,1.872926950454712,2.0
44,140,-6.543401718139648,3.7012858390808105,7.0
44,141,-4.4585371017456055,9.293066024780273,3.0
44,142,-7.503195762634277,6.526031017303467,4.0
44,143,-5.286495685577393,3.7495052814483643,5.0
44,144,-33.95348358154297,16.936264038085938,23.0
44,145,-1.9107335805892944,1.2697774171829224,2.0
44,146,-6.143974781036377,2.1554441452026367,3.0
44,147,-1.9484739303588867,1.4765300750732422,2.0
44,148,-7.977065086364746,7.346810817718506,11.0
46,0,-3.0539398193359375,1.5469374656677246,2.0
46,1,-6.006706237792969,2.7213218212127686,17.0
46,2,-2.7205119132995605,1.974130392074585,1.0
46,3,-7.081552505493164,2.750135898590088,12.0
46,4,-22.978958129882812,3.864001989364624,15.0
46,5,-9.388236999511719,2.8381075859069824,49.0
46,6,-14.930116653442383,2.7056472301483154,10.0
46,7,-35.05484390258789,5.308334827423096,57.0
46,8,-11.063861846923828,9.141023635864258,35.0
46,9,-1.7405658960342407,1.7863754034042358,1.0
46,10,-2.0916757583618164,2.8457820415496826,1.0
46,11,-15.966714859008789,3.415106773376465,93.0
46,12,-4.915727615356445,2.018282413482666,12.0
46,13,-1.1261926889419556,1.7561016082763672,1.0
46,14,-7.031282901763916,2.730457067489624,18.0
46,15,-12.007743835449219,3.796933174133301,19.0
46,16,-21.98970603942871,81.2833480834961,2370.0
46,17,-12.925138473510742,4.204378604888916,4.0
46,18,-7.895543098449707,3.728193521499634,32.0
46,19,-12.658748626708984,23.68133544921875,68.0
46,20,-8.849323272705078,19.101646423339844,36.0
46,21,-5.411427021026611,2.1663875579833984,5.0
46,22,-11.742565155029297,5.352208614349365,11.0
46,23,-6.418859481811523,24.76495933532715,23.0
46,24,-20.485557556152344,30.394439697265625,188.0
46,25,-3.970270872116089,1.9381071329116821,6.0
46,26,-5.479492664337158,1.9836459159851074,5.0
46,27,-13.887622833251953,102.432861328125,705.0
46,28,-13.654467582702637,15.34659481048584,1116.0
46,29,-28.273189544677734,111.29655456542969,2911.0
46,30,-16.031742095947266,209.33042907714844,754.0
46,31,-25.348642349243164,68.35903930664062,355.0
46,32,-14.453213691711426,3.039781332015991,9.0
46,33,-10.388711929321289,5.648849964141846,22.0
46,34,-13.500311851501465,6.879981517791748,52.0
46,35,-2.2530250549316406,1.5692613124847412,1.0
46,36,-4.615134239196777,10.049944877624512,5.0
46,37,-13.191353797912598,6.582925319671631,12.0
46,38,-15.748451232910156,3.358247756958008,13.0
46,39,-11.574323654174805,5.225104808807373,13.0
46,40,-8.778520584106445,8.976679801940918,33.0
46,41,-5.879879474639893,7.099041938781738,4.0
46,42,-11.441261291503906,2.4111337661743164,11.0
46,43,-11.640298843383789,3.6450369358062744,70.0
46,44,-17.219776153564453,3.760673999786377,68.0
46,45,-13.264735221862793,4.366053104400635,72.0
46,46,-5.93735408782959,7.236357688903809,3.0
46,47,-3.309532880783081,3.0137274265289307,5.0
46,48,-19.572269439697266,5.109096050262451,76.0
46,49,-10.093143463134766,12.469502449035645,161.0
46,50,-4.602379322052002,9.986055374145508,20.0
46,51,-2.148106575012207,1.269570231437683,3.0
46,52,-8.543380737304688,1.9293498992919922,4.0
46,53,-14.363203048706055,120.02914428710938,187.0
46,54,-11.179251670837402,4.938373565673828,7.0
46,55,-5.255626201629639,2.401125907897949,22.0
46,56,-5.614424228668213,6.4978718757629395,38.0
46,57,-12.749563217163086,12.805985450744629,172.0
46,58,-0.7406522631645203,1.2034146785736084,1.0
46,59,-4.967708110809326,2.7007827758789062,4.0
46,60,-10.123516082763672,29.209829330444336,547.0
46,61,-16.931324005126953,2.707322835922241,19.0
46,62,-5.895990371704102,2.6715667247772217,4.0
46,63,-1.9934192895889282,1.3940825462341309,1.0
46,64,-5.27568244934082,1.9337483644485474,9.0
46,65,-8.172541618347168,3.2139668464660645,5.0
46,66,-10.100179672241211,5.383632183074951,12.0
46,67,-5.404074668884277,2.1641132831573486,3.0
46,68,-4.944528579711914,2.688291311264038,4.0
46,69,-11.0050630569458,3.0056872367858887,13.0
46,70,-3.574220657348633,2.043868064880371,2.0
46,71,-15.646295547485352,22.857038497924805,47.0
46,72,-8.2556734085083,3.252363681793213,8.0
46,73,-8.557086944580078,2.914318084716797,9.0
46,74,-11.660734176635742,5.290005207061768,5.0
46,75,-0.5744714736938477,1.3327383995056152,1.0
46,76,-10.618264198303223,3.7707841396331787,6.0
46,77,-7.139147758483887,5.958310604095459,16.0
46,78,-29.599702835083008,9.746421813964844,3239.0
46,79,-11.530167579650879,5.192248344421387,6.0
46,80,-3.952070951461792,1.4846916198730469,5.0
46,81,-5.126895904541016,5.5232439041137695,19.0
46,82,-7.130178451538086,1.9120922088623047,33.0
46,83,-11.243430137634277,2.552191972732544,5.0
46,84,-23.546443939208984,13.684605598449707,110.0
46,85,-7.863223075866699,13.750489234924316,39.0
46,86,-23.348844528198242,2.890157699584961,443.0
46,87,-6.595125198364258,2.0808815956115723,3.0
46,88,-13.231254577636719,5.227362155914307,22.0
46,89,-25.59455680847168,71.21898651123047,3191.0
46,90,-6.084393501281738,2.384999990463257,8.0
46,91,-11.613537788391113,47.998958587646484,214.0
46,92,-11.876364707946777,7.23835563659668,51.0
46,93,-10.668749809265137,14.399413108825684,13.0
46,94,-15.866056442260742,52.80015182495117,920.0
46,95,-2.7710025310516357,1.5869814157485962,1.0
46,96,-3.4019219875335693,2.340771198272705,1.0
46,97,-17.806978225708008,7357.6005859375,12761.0
46,98,-27.77292251586914,12.488534927368164,50.0
46,99,-7.954514026641846,1.940365195274353,4.0
46,100,-23.578983306884766,2.3947901725769043,12.0
46,101,-8.305251121520996,5.264837265014648,67.0
46,102,-4.747308731079102,4.866797924041748,15.0
46,103,-6.688030242919922,9.293761253356934,8.0
46,104,-9.899771690368652,27.11057472229004,123.0
46,105,-14.017450332641602,4.746913433074951,29.0
46,106,-14.842388153076172,6.393607139587402,108.0
46,107,-0.7878791689872742,1.3003407716751099,1.0
46,108,-3.0645008087158203,1.549273133277893,2.0
46,109,-8.58639144897461,5.56934928894043,168.0
46,110,-4.35461950302124,2.06632137298584,3.0
46,111,-11.774003028869629,10.536028861999512,133.0
46,112,-7.714591979980469,3.010434627532959,5.0
46,113,-11.638931274414062,10.255213737487793,49.0
46,114,-1.610294222831726,1.4956690073013306,1.0
46,115,-11.88642692565918,19.523263931274414,25.0
46,116,-9.246867179870605,2.7938754558563232,12.0
46,117,-7.886562824249268,3.0853092670440674,5.0
46,118,-24.199296951293945,3.5738635063171387,29.0
46,119,-7.457365989685059,12.010587692260742,11.0
46,120,-1.805282711982727,1.4348446130752563,2.0
46,121,-22.050430297851562,7.423009395599365,22.0
46,122,-48.050296783447266,78.90218353271484,171.0
46,123,-28.618324279785156,4.903292655944824,253.0
46,124,-13.168279647827148,6.56126070022583,29.0
46,125,-16.99651527404785,3.3670494556427,378.0
46,126,-18.855083465576172,4.264781951904297,42.0
46,127,-9.361305236816406,2.0546395778656006,17.0
46,128,-27.203598022460938,2.9687588214874268,11.0
46,129,-3.266956329345703,2.263108015060425,4.0
46,130,-6.641141891479492,9.14963436126709,24.0
46,131,-6.664723873138428,9.221839904785156,64.0
46,132,-20.968870162963867,189.08895874023438,1762.0
46,133,-14.931724548339844,41.801456451416016,1783.0
46,134,-11.481646537780762,17.64427947998047,98.0
46,135,-20.22926902770996,24701.876953125,3023.0
46,136,-12.794285774230957,12.921043395996094,139.0
46,137,-18.84793472290039,14.769468307495117,214.0
46,138,-11.294363975524902,16.837203979492188,112.0
46,139,-3.7686805725097656,1.8740715980529785,2.0
46,140,-6.536521911621094,3.6961967945098877,7.0
46,141,-4.452969074249268,9.267230987548828,3.0
46,142,-7.487177848815918,6.499950408935547,4.0
46,143,-5.242219924926758,3.708230972290039,5.0
46,144,-33.91279983520508,16.87894058227539,22.0
46,145,-1.929697036743164,1.2727910280227661,2.0
46,146,-6.200633525848389,2.1707639694213867,3.0
46,147,-1.9674293994903564,1.4821383953094482,2.0
46,148,-7.905920028686523,7.217293739318848,11.0
48,0,-3.0572288036346436,1.5476644039154053,2.0
48,1,-6.034611701965332,2.7340080738067627,17.0
48,2,-2.725489616394043,1.9765886068344116,1.0
48,3,-7.0846357345581055,2.751347541809082,12.0
48,4,-23.020450592041016,3.873444080352783,15.0
48,5,-9.360852241516113,2.8294849395751953,49.0
48,6,-14.838094711303711,2.6890993118286133,10.0
48,7,-35.05827331542969,5.309202194213867,60.0
48,8,-10.980291366577148,8.989509582519531,32.0
48,9,-1.7685742378234863,1.8031312227249146,1.0
48,10,-2.1055593490600586,2.865605592727661,1.0
48,11,-15.98904800415039,3.4209792613983154,94.0
48,12,-4.891866207122803,2.0114142894744873,11.0
48,13,-1.1214666366577148,1.751956820487976,1.0
48,14,-6.953468322753906,2.70027232170105,17.0
48,15,-12.071032524108887,3.82372784614563,19.0
48,16,-21.980772018432617,81.13824462890625,2382.0
48,17,-12.809883117675781,4.150879859924316,4.0
48,18,-7.875471115112305,3.715742588043213,33.0
48,19,-12.617076873779297,23.43590545654297,72.0
48,20,-8.83535099029541,19.012887954711914,36.0
48,21,-5.384989261627197,2.1582207679748535,5.0
48,22,-11.683732986450195,5.3074140548706055,11.0
48,23,-6.431053161621094,24.916410446166992,23.0
48,24,-20.480010986328125,30.366348266601562,200.0
48,25,-3.991475820541382,1.9449687004089355,6.0
48,26,-5.473341464996338,1.9821213483810425,5.0
48,27,-13.873974800109863,101.96790313720703,703.0
48,28,-13.697999954223633,15.480791091918945,1153.0
48,29,-28.502275466918945,115.62811279296875,3187.0
48,30,-16.007158279418945,207.62210083007812,759.0
48,31,-25.355510711669922,68.43731689453125,347.0
48,32,-14.42843246459961,3.033992290496826,9.0
48,33,-10.368480682373047,5.62983512878418,22.0
48,34,-13.52275276184082,6.902073383331299,52.0
48,35,-2.248108148574829,1.5677188634872437,1.0
48,36,-4.594403266906738,9.946309089660645,5.0
48,37,-13.2409086227417,6.629692554473877,12.0
48,38,-15.752099990844727,3.3591902256011963,13.0
48,39,-11.572964668273926,5.224090099334717,13.0
48,40,-8.879537582397461,9.206267356872559,32.0
48,41,-5.88525390625,7.111771583557129,4.0
48,42,-11.42320442199707,2.4077868461608887,11.0
48,43,-11.684765815734863,3.663090705871582,69.0
48,44,-17.14922523498535,3.7403199672698975,67.0
48,45,-13.233266830444336,4.350814342498779,70.0
48,46,-5.9815802574157715,7.343827247619629,3.0
48,47,-3.3090975284576416,3.0132899284362793,5.0
48,48,-19.535446166992188,5.093441963195801,78.0
48,49,-10.104049682617188,12.503546714782715,159.0
48,50,-4.586983680725098,9.909480094909668,19.0
48,51,-2.163517713546753,1.2717461585998535,3.0
48,52,-8.521799087524414,1.926149606704712,3.0
48,53,-14.328590393066406,118.65225219726562,189.0
48,54,-11.183452606201172,4.941337585449219,7.0
48,55,-5.25789737701416,2.4020349979400635,21.0
48,56,-5.652514457702637,6.580900192260742,40.0
48,57,-12.783149719238281,12.892295837402344,173.0
48,58,-0.7365092039108276,1.2021689414978027,1.0
48,59,-4.947146415710449,2.689699172973633,4.0
48,60,-10.149728775024414,29.466169357299805,556.0
48,61,-16.944969177246094,2.70949649810791,19.0
48,62,-5.906554222106934,2.676274538040161,4.0
48,63,-2.093803644180298,1.4176028966903687,1.0
48,64,-5.244861602783203,1.926312804222107,9.0
48,65,-8.203436851501465,3.2281832695007324,5.0
48,66,-10.068434715270996,5.355223178863525,12.0
48,67,-5.411275863647461,2.1663405895233154,3.0
48,68,-4.953210830688477,2.6929633617401123,4.0
48,69,-11.035453796386719,3.014836072921753,14.0
48,70,-3.4927594661712646,2.010838747024536,2.0
48,71,-15.700819969177246,23.10765266418457,47.0
48,72,-8.291329383850098,3.268972396850586,8.0
48,73,-8.526872634887695,2.903332233428955,9.0
48,74,-11.61505126953125,5.255593776702881,5.0
48,75,-0.5762166976928711,1.3339017629623413,1.0
48,76,-10.656957626342773,3.7890665531158447,6.0
48,77,-7.133885383605957,5.950477123260498,16.0
48,78,-29.56378173828125,9.719528198242188,3263.0
48,79,-11.57037353515625,5.222156524658203,6.0
48,80,-3.945256233215332,1.483680248260498,5.0
48,81,-5.106709003448486,5.486202239990234,18.0
48,82,-7.141693115234375,1.9140949249267578,32.0
48,83,-11.285978317260742,2.5612571239471436,5.0
48,84,-23.513168334960938,13.634103775024414,110.0
48,85,-7.875033378601074,13.804729461669922,40.0
48,86,-23.33898162841797,2.888862133026123,436.0
48,87,-6.572504997253418,2.075658082962036,3.0
48,88,-13.203356742858887,5.209165096282959,22.0
48,89,-25.473573684692383,69.79730987548828,3125.0
48,90,-6.086359024047852,2.385669469833374,8.0
48,91,-11.575319290161133,47.39134979248047,213.0
48,92,-11.943594932556152,7.319918155670166,52.0
48,93,-10.737141609191895,14.647730827331543,14.0
48,94,-15.845104217529297,52.52430725097656,910.0
48,95,-2.764411449432373,1.585239052772522,1.0
48,96,-3.3778815269470215,2.3267452716827393,1.0
48,97,-17.804410934448242,7348.16162109375,12757.0
48,98,-27.789447784423828,12.50731372833252,50.0
48,99,-8.004744529724121,1.9485042095184326,4.0
48,100,-23.646453857421875,2.400782346725464,12.0
48,101,-8.294775009155273,5.253817558288574,67.0
48,102,-4.750467777252197,4.8719258308410645,15.0
48,103,-6.661067008972168,9.210607528686523,8.0
48,104,-9.893579483032227,27.054676055908203,118.0
48,105,-14.078195571899414,4.779059886932373,29.0
48,106,-14.835023880004883,6.387723922729492,106.0
48,107,-0.7848869562149048,1.2990444898605347,1.0
48,108,-3.069458246231079,1.5503705739974976,2.0
48,109,-8.55859661102295,5.538475513458252,163.0
48,110,-4.354920387268066,2.06642484664917,3.0
48,111,-11.715758323669434,10.414005279541016,129.0
48,112,-7.758007049560547,3.0291640758514404,5.0
48,113,-11.621726036071777,10.219985961914062,48.0
48,114,-1.6137489080429077,1.496961236000061,1.0
48,115,-11.868504524230957,19.435983657836914,25.0
48,116,-9.333385467529297,2.8208630084991455,12.0
48,117,-7.893505096435547,3.0883703231811523,5.0
48,118,-24.19057846069336,3.5722241401672363,29.0
48,119,-7.489562034606934,12.140181541442871,11.0
48,120,-1.8228579759597778,1.439897060394287,2.0
48,121,-21.99534797668457,7.385931968688965,22.0
48,122,-48.19766616821289,79.96636199951172,177.0
48,123,-28.632349014282227,4.907114505767822,252.0
48,124,-13.153410911560059,6.547338962554932,29.0
48,125,-16.967529296875,3.3600852489471436,375.0
48,126,-18.826766967773438,4.255502700805664,42.0
48,127,-9.353106498718262,2.0533440113067627,17.0
48,128,-27.23190689086914,2.9721224308013916,11.0
48,129,-3.262479782104492,2.2605767250061035,4.0
48,130,-6.63318395614624,9.125395774841309,25.0
48,131,-6.672883033752441,9.246956825256348,64.0
48,132,-21.14008331298828,197.35830688476562,1794.0
48,133,-14.92782974243164,41.760772705078125,1793.0
48,134,-11.533803939819336,17.875856399536133,101.0
48,135,-20.151731491088867,23762.541015625,2941.0
48,136,-12.775046348571777,12.871419906616211,139.0
48,137,-18.868247985839844,14.81238842010498,218.0
48,138,-11.340888977050781,17.0341854095459,113.0
48,139,-3.7641091346740723,1.872644305229187,2.0
48,140,-6.527597904205322,3.689605712890625,6.0
48,141,-4.453658103942871,9.270423889160156,3.0
48,142,-7.489572525024414,6.503842830657959,4.0
48,143,-5.346283435821533,3.8059699535369873,5.0
48,144,-33.934844970703125,16.909975051879883,22.0
48,145,-1.9094992876052856,1.2695815563201904,2.0
48,146,-6.098928451538086,2.143341302871704,3.0
48,147,-1.9654110670089722,1.4815400838851929,2.0
48,148,-7.943084716796875,7.284663200378418,11.0
50,0,-3.04145884513855,1.5441817045211792,2.0
50,1,-6.074220657348633,2.7521159648895264,17.0
50,2,-2.7087433338165283,1.9683306217193604,1.0
50,3,-7.10176944732666,2.7580902576446533,12.0
50,4,-22.938732147216797,3.854869842529297,15.0
50,5,-9.419544219970703,2.8479974269866943,50.0
50,6,-14.835539817810059,2.688641309738159,10.0
50,7,-35.07042694091797,5.3122758865356445,57.0
50,8,-11.012996673583984,9.048502922058105,33.0
50,9,-1.7456369400024414,1.7893974781036377,1.0
50,10,-2.0918924808502197,2.846090316772461,1.0
50,11,-16.073612213134766,3.4433047771453857,94.0
50,12,-4.85274076461792,2.0002031326293945,11.0
50,13,-1.115156888961792,1.7464382648468018,1.0
50,14,-6.932109832763672,2.6920459270477295,17.0
50,15,-12.082555770874023,3.8286266326904297,19.0
50,16,-22.05155372619629,82.29502868652344,2410.0
50,17,-12.835508346557617,4.162715435028076,4.0
50,18,-7.8709821701049805,3.712963819503784,33.0
50,19,-12.6893949508667,23.863468170166016,74.0
50,20,-8.843521118164062,19.064739227294922,36.0
50,21,-5.481992721557617,2.1883368492126465,5.0
50,22,-11.740922927856445,5.350953102111816,11.0
50,23,-6.472890377044678,25.443115234375,23.0
50,24,-20.392000198364258,29.92417335510254,181.0
50,25,-3.9117865562438965,1.9193075895309448,6.0
50,26,-5.425604343414307,1.9703289270401,5.0
50,27,-13.879106521606445,102.14250946044922,706.0
50,28,-13.626815795898438,15.261957168579102,1131.0
50,29,-28.441545486450195,114.46370697021484,3116.0
50,30,-16.004711151123047,207.45278930664062,781.0
50,31,-25.335485458374023,68.20930480957031,335.0
50,32,-14.43271255493164,3.034991502761841,9.0
50,33,-10.375778198242188,5.636686325073242,21.0
50,34,-13.463655471801758,6.844047546386719,51.0
50,35,-2.243696928024292,1.5663363933563232,1.0
50,36,-4.590408802032471,9.926465034484863,5.0
50,37,-13.241453170776367,6.6302080154418945,12.0
50,38,-15.728832244873047,3.3531832695007324,13.0
50,39,-11.552013397216797,5.208477973937988,13.0
50,40,-8.927793502807617,9.31800365447998,34.0
50,41,-5.88804817199707,7.118398666381836,4.0
50,42,-11.459901809692383,2.414593458175659,11.0
50,43,-11.654023170471191,3.650599718093872,69.0
50,44,-17.273542404174805,3.7762598991394043,70.0
50,45,-13.257205963134766,4.362402439117432,71.0
50,46,-5.95074462890625,7.268730163574219,3.0
50,47,-3.273130178451538,2.9773788452148438,5.0
50,48,-19.58485984802246,5.114459037780762,77.0
50,49,-10.069106101989746,12.394794464111328,155.0
50,50,-4.5981903076171875,9.965161323547363,19.0
50,51,-2.1419670581817627,1.2687046527862549,3.0
50,52,-8.424668312072754,1.9118118286132812,3.0
50,53,-14.3294677734375,118.68693542480469,188.0
50,54,-11.197734832763672,4.951429843902588,7.0
50,55,-5.2524027824401855,2.3998360633850098,21.0
50,56,-5.61246919631958,6.49363899230957,39.0
50,57,-12.72064208984375,12.732126235961914,168.0
50,58,-0.713606595993042,1.195305347442627,1.0
50,59,-4.922222137451172,2.6763246059417725,4.0
50,60,-10.156575202941895,29.533493041992188,559.0
50,61,-16.829456329345703,2.691148519515991,19.0
50,62,-5.857542991638184,2.6545021533966064,4.0
50,63,-2.0403010845184326,1.4050180912017822,1.0
50,64,-5.230162143707275,1.9227765798568726,9.0
50,65,-8.164945602416992,3.2104811668395996,5.0
50,66,-10.112459182739258,5.394661903381348,11.0
50,67,-5.412511348724365,2.1667230129241943,3.0
50,68,-4.9363603591918945,2.6839029788970947,4.0
50,69,-11.006457328796387,3.0061066150665283,13.0
50,70,-3.5268795490264893,2.0246074199676514,2.0
50,71,-15.68542766571045,23.03662872314453,47.0
50,72,-8.269672393798828,3.2588741779327393,8.0
50,73,-8.540854454040527,2.9084107875823975,9.0
50,74,-11.642101287841797,5.275942802429199,5.0
50,75,-0.5747948884963989,1.332953929901123,1.0
50,76,-10.73188591003418,3.824721574783325,6.0
50,77,-7.084062099456787,5.876818656921387,16.0
50,78,-29.50924301147461,9.678836822509766,3250.0
50,79,-11.605061531066895,5.248098850250244,6.0
50,80,-3.973184108734131,1.487829566001892,5.0
50,81,-5.136398792266846,5.540766716003418,19.0
50,82,-7.101565837860107,1.9071251153945923,31.0
50,83,-11.283966064453125,2.5608277320861816,5.0
50,84,-23.5361328125,13.668937683105469,111.0
50,85,-7.9164533615112305,13.996647834777832,40.0
50,86,-23.334304809570312,2.8882484436035156,448.0
50,87,-6.599462032318115,2.0818846225738525,3.0
50,88,-13.219497680664062,5.2196855545043945,22.0
50,89,-25.493785858154297,70.03284454345703,3149.0
50,90,-6.061345100402832,2.377159833908081,8.0
50,91,-11.565813064575195,47.241424560546875,210.0
50,92,-11.906379699707031,7.274656295776367,52.0
50,93,-10.739790916442871,14.657435417175293,14.0
50,94,-15.882988929748535,53.02413558959961,913.0
50,95,-2.7802486419677734,1.5894289016723633,1.0
50,96,-3.39707088470459,2.3379342555999756,1.0
50,97,-17.809707641601562,7367.6484375,12717.0
50,98,-27.700931549072266,12.40707015991211,49.0
50,99,-8.055577278137207,1.9567756652832031,4.0
50,100,-23.664596557617188,2.4023959636688232,12.0
50,101,-8.269503593444824,5.227330207824707,65.0
50,102,-4.721627235412598,4.825313568115234,15.0
50,103,-6.674568176269531,9.252152442932129,8.0
50,104,-9.889571189880371,27.0185546875,117.0
50,105,-14.076607704162598,4.77821683883667,30.0
50,106,-14.815710067749023,6.372321128845215,108.0
50,107,-0.793624997138977,1.3028336763381958,1.0
50,108,-3.0741240978240967,1.551404356956482,2.0
50,109,-8.614374160766602,5.6006059646606445,170.0
50,110,-4.329923629760742,2.0578339099884033,3.0
50,111,-11.721105575561523,10.425149917602539,131.0
50,112,-7.760854721069336,3.0303964614868164,5.0
50,113,-11.661664009094238,10.301946640014648,48.0
50,114,-1.6490206718444824,1.510219693183899,1.0
50,115,-11.857794761657715,19.384014129638672,25.0
50,116,-9.290679931640625,2.807509422302246,12.0
50,117,-7.863570690155029,3.0751917362213135,5.0
50,118,-24.193557739257812,3.572784185409546,29.0
50,119,-7.47377872467041,12.076478004455566,11.0
50,120,-1.8174396753311157,1.4383374452590942,2.0
50,121,-21.844797134399414,7.285533428192139,22.0
50,122,-47.911869049072266,77.91548156738281,171.0
50,123,-28.587623596191406,4.894936561584473,253.0
50,124,-13.15090560913086,6.54499626159668,29.0
50,125,-16.890636444091797,3.3416812419891357,377.0
50,126,-18.843198776245117,4.260885238647461,41.0
50,127,-9.351140975952148,2.0530335903167725,17.0
50,128,-27.109569549560547,2.957613706588745,11.0
50,129,-3.2686405181884766,2.2640609741210938,4.0
50,130,-6.626754283905029,9.105859756469727,26.0
50,131,-6.692612171173096,9.307966232299805,65.0
50,132,-21.000293731689453,190.58026123046875,1808.0
50,133,-14.922914505004883,41.70948791503906,1783.0
50,134,-11.501888275146484,17.733793258666992,98.0
50,135,-20.157794952392578,23834.693359375,2943.0
50,136,-12.7503023147583,12.807878494262695,139.0
50,137,-18.782487869262695,14.632023811340332,215.0
50,138,-11.283576965332031,16.791860580444336,111.0
50,139,-3.7400388717651367,1.8651468753814697,2.0
50,140,-6.545912742614746,3.7031450271606445,6.0
50,141,-4.439195156097412,9.20362663269043,3.0
50,142,-7.52194881439209,6.556698799133301,4.0
50,143,-5.342019081115723,3.8019144535064697,5.0
50,144,-33.854103088378906,16.796581268310547,22.0
50,145,-1.9061071872711182,1.2690434455871582,2.0
50,146,-6.1481218338012695,2.156561851501465,3.0
50,147,-1.9803853034973145,1.4859838485717773,2.0
50,148,-7.970216751098633,7.334243297576904,11.0
