step,probe_index,mcqa_accuracy,predicted_idx,predicted_label,correct_idx
0,0,0.0,2,C,0
0,1,1.0,3,D,3
0,2,1.0,3,D,3
0,3,1.0,2,C,2
0,4,1.0,3,D,3
0,5,0.0,0,A,2
0,6,0.0,1,B,3
0,7,1.0,3,D,3
0,8,0.0,0,A,4
0,9,0.0,2,C,0
0,10,0.0,3,D,4
0,11,0.0,1,B,4
0,12,0.0,3,D,1
0,13,0.0,4,E,0
0,14,1.0,2,C,2
0,15,0.0,4,E,0
0,16,1.0,2,C,2
0,17,0.0,3,D,0
0,18,1.0,4,E,4
0,19,0.0,2,C,4
0,20,1.0,1,B,1
0,21,0.0,0,A,1
0,22,0.0,1,B,0
0,23,0.0,3,D,4
0,24,0.0,1,B,4
0,25,0.0,0,A,3
0,26,0.0,4,E,3
0,27,1.0,4,E,4
0,28,1.0,0,A,0
0,29,1.0,1,B,1
0,30,0.0,4,E,0
0,31,1.0,0,A,0
0,32,0.0,0,A,2
0,33,0.0,1,B,0
0,34,1.0,1,B,1
0,35,0.0,1,B,3
0,36,0.0,1,B,2
0,37,0.0,1,B,2
0,38,0.0,0,A,2
0,39,0.0,4,E,1
0,40,0.0,1,B,0
0,41,1.0,0,A,0
0,42,0.0,4,E,1
0,43,0.0,1,B,2
0,44,1.0,1,B,1
0,45,0.0,1,B,2
0,46,0.0,2,C,1
0,47,0.0,4,E,2
0,48,1.0,2,C,2
0,49,1.0,2,C,2
0,50,0.0,0,A,2
0,51,0.0,1,B,0
0,52,0.0,0,A,4
0,53,1.0,0,A,0
0,54,0.0,0,A,3
0,55,0.0,1,B,3
0,56,0.0,0,A,3
0,57,1.0,1,B,1
0,58,0.0,1,B,2
0,59,1.0,3,D,3
0,60,0.0,1,B,3
0,61,0.0,0,A,1
0,62,0.0,2,C,1
0,63,0.0,3,D,0
0,64,1.0,0,A,0
0,65,1.0,1,B,1
0,66,0.0,3,D,2
0,67,0.0,1,B,0
0,68,0.0,3,D,0
0,69,0.0,0,A,1
0,70,0.0,3,D,2
0,71,0.0,1,B,4
0,72,0.0,1,B,2
0,73,1.0,3,D,3
0,74,0.0,4,E,3
0,75,0.0,1,B,4
0,76,0.0,2,C,0
0,77,0.0,3,D,4
0,78,1.0,0,A,0
0,79,1.0,0,A,0
0,80,1.0,1,B,1
0,81,1.0,0,A,0
0,82,1.0,4,E,4
0,83,1.0,4,E,4
0,84,1.0,0,A,0
0,85,0.0,0,A,1
0,86,0.0,3,D,1
0,87,1.0,2,C,2
0,88,1.0,4,E,4
0,89,1.0,1,B,1
0,90,1.0,0,A,0
0,91,1.0,4,E,4
4,0,0.0,2,C,0
4,1,1.0,3,D,3
4,2,1.0,3,D,3
4,3,1.0,2,C,2
4,4,1.0,3,D,3
4,5,0.0,0,A,2
4,6,0.0,1,B,3
4,7,1.0,3,D,3
4,8,0.0,0,A,4
4,9,0.0,2,C,0
4,10,0.0,3,D,4
4,11,0.0,1,B,4
4,12,0.0,3,D,1
4,13,0.0,4,E,0
4,14,1.0,2,C,2
4,15,0.0,4,E,0
4,16,1.0,2,C,2
4,17,0.0,3,D,0
4,18,1.0,4,E,4
4,19,0.0,2,C,4
4,20,1.0,1,B,1
4,21,0.0,0,A,1
4,22,0.0,1,B,0
4,23,0.0,3,D,4
4,24,0.0,1,B,4
4,25,0.0,0,A,3
4,26,0.0,4,E,3
4,27,1.0,4,E,4
4,28,1.0,0,A,0
4,29,1.0,1,B,1
4,30,0.0,4,E,0
4,31,1.0,0,A,0
4,32,0.0,0,A,2
4,33,0.0,1,B,0
4,34,1.0,1,B,1
4,35,0.0,1,B,3
4,36,0.0,1,B,2
4,37,0.0,1,B,2
4,38,0.0,0,A,2
4,39,0.0,4,E,1
4,40,0.0,1,B,0
4,41,1.0,0,A,0
4,42,0.0,4,E,1
4,43,0.0,1,B,2
4,44,1.0,1,B,1
4,45,0.0,1,B,2
4,46,0.0,2,C,1
4,47,0.0,4,E,2
4,48,1.0,2,C,2
4,49,1.0,2,C,2
4,50,0.0,0,A,2
4,51,0.0,1,B,0
4,52,0.0,0,A,4
4,53,1.0,0,A,0
4,54,0.0,0,A,3
4,55,0.0,1,B,3
4,56,0.0,0,A,3
4,57,1.0,1,B,1
4,58,0.0,1,B,2
4,59,1.0,3,D,3
4,60,0.0,1,B,3
4,61,0.0,0,A,1
4,62,0.0,2,C,1
4,63,0.0,3,D,0
4,64,1.0,0,A,0
4,65,1.0,1,B,1
4,66,0.0,3,D,2
4,67,0.0,1,B,0
4,68,0.0,3,D,0
4,69,0.0,0,A,1
4,70,0.0,3,D,2
4,71,0.0,1,B,4
4,72,0.0,1,B,2
4,73,1.0,3,D,3
4,74,0.0,4,E,3
4,75,0.0,1,B,4
4,76,0.0,2,C,0
4,77,0.0,3,D,4
4,78,1.0,0,A,0
4,79,1.0,0,A,0
4,80,1.0,1,B,1
4,81,1.0,0,A,0
4,82,1.0,4,E,4
4,83,1.0,4,E,4
4,84,1.0,0,A,0
4,85,0.0,0,A,1
4,86,0.0,3,D,1
4,87,1.0,2,C,2
4,88,1.0,4,E,4
4,89,1.0,1,B,1
4,90,1.0,0,A,0
4,91,1.0,4,E,4
8,0,0.0,2,C,0
8,1,1.0,3,D,3
8,2,0.0,4,E,3
8,3,1.0,2,C,2
8,4,1.0,3,D,3
8,5,0.0,0,A,2
8,6,0.0,1,B,3
8,7,1.0,3,D,3
8,8,0.0,3,D,4
8,9,1.0,0,A,0
8,10,0.0,3,D,4
8,11,0.0,1,B,4
8,12,0.0,3,D,1
8,13,0.0,4,E,0
8,14,1.0,2,C,2
8,15,0.0,4,E,0
8,16,1.0,2,C,2
8,17,0.0,3,D,0
8,18,1.0,4,E,4
8,19,0.0,2,C,4
8,20,1.0,1,B,1
8,21,0.0,0,A,1
8,22,0.0,1,B,0
8,23,0.0,3,D,4
8,24,0.0,1,B,4
8,25,0.0,0,A,3
8,26,0.0,4,E,3
8,27,1.0,4,E,4
8,28,1.0,0,A,0
8,29,1.0,1,B,1
8,30,0.0,4,E,0
8,31,1.0,0,A,0
8,32,0.0,0,A,2
8,33,0.0,1,B,0
8,34,1.0,1,B,1
8,35,0.0,1,B,3
8,36,0.0,1,B,2
8,37,0.0,1,B,2
8,38,0.0,0,A,2
8,39,0.0,4,E,1
8,40,0.0,1,B,0
8,41,1.0,0,A,0
8,42,0.0,4,E,1
8,43,0.0,1,B,2
8,44,1.0,1,B,1
8,45,0.0,1,B,2
8,46,0.0,2,C,1
8,47,0.0,4,E,2
8,48,1.0,2,C,2
8,49,1.0,2,C,2
8,50,0.0,0,A,2
8,51,0.0,1,B,0
8,52,0.0,0,A,4
8,53,1.0,0,A,0
8,54,0.0,0,A,3
8,55,0.0,1,B,3
8,56,0.0,2,C,3
8,57,1.0,1,B,1
8,58,0.0,1,B,2
8,59,1.0,3,D,3
8,60,0.0,1,B,3
8,61,0.0,0,A,1
8,62,0.0,2,C,1
8,63,0.0,3,D,0
8,64,1.0,0,A,0
8,65,1.0,1,B,1
8,66,0.0,3,D,2
8,67,0.0,1,B,0
8,68,0.0,3,D,0
8,69,0.0,0,A,1
8,70,0.0,3,D,2
8,71,0.0,1,B,4
8,72,0.0,1,B,2
8,73,1.0,3,D,3
8,74,0.0,4,E,3
8,75,0.0,1,B,4
8,76,0.0,2,C,0
8,77,0.0,3,D,4
8,78,1.0,0,A,0
8,79,1.0,0,A,0
8,80,1.0,1,B,1
8,81,1.0,0,A,0
8,82,1.0,4,E,4
8,83,1.0,4,E,4
8,84,1.0,0,A,0
8,85,0.0,0,A,1
8,86,0.0,3,D,1
8,87,1.0,2,C,2
8,88,1.0,4,E,4
8,89,1.0,1,B,1
8,90,1.0,0,A,0
8,91,1.0,4,E,4
12,0,0.0,2,C,0
12,1,1.0,3,D,3
12,2,1.0,3,D,3
12,3,1.0,2,C,2
12,4,1.0,3,D,3
12,5,0.0,0,A,2
12,6,0.0,1,B,3
12,7,1.0,3,D,3
12,8,0.0,3,D,4
12,9,0.0,1,B,0
12,10,0.0,3,D,4
12,11,1.0,4,E,4
12,12,0.0,3,D,1
12,13,0.0,4,E,0
12,14,1.0,2,C,2
12,15,0.0,4,E,0
12,16,1.0,2,C,2
12,17,0.0,3,D,0
12,18,1.0,4,E,4
12,19,0.0,2,C,4
12,20,1.0,1,B,1
12,21,0.0,0,A,1
12,22,0.0,1,B,0
12,23,0.0,3,D,4
12,24,0.0,1,B,4
12,25,0.0,0,A,3
12,26,0.0,4,E,3
12,27,1.0,4,E,4
12,28,1.0,0,A,0
12,29,1.0,1,B,1
12,30,0.0,4,E,0
12,31,1.0,0,A,0
12,32,0.0,0,A,2
12,33,0.0,1,B,0
12,34,1.0,1,B,1
12,35,0.0,1,B,3
12,36,0.0,1,B,2
12,37,0.0,1,B,2
12,38,0.0,0,A,2
12,39,0.0,4,E,1
12,40,0.0,1,B,0
12,41,1.0,0,A,0
12,42,0.0,4,E,1
12,43,0.0,1,B,2
12,44,1.0,1,B,1
12,45,0.0,1,B,2
12,46,0.0,2,C,1
12,47,0.0,4,E,2
12,48,1.0,2,C,2
12,49,1.0,2,C,2
12,50,0.0,0,A,2
12,51,0.0,1,B,0
12,52,0.0,0,A,4
12,53,1.0,0,A,0
12,54,0.0,0,A,3
12,55,0.0,1,B,3
12,56,0.0,2,C,3
12,57,1.0,1,B,1
12,58,0.0,1,B,2
12,59,1.0,3,D,3
12,60,1.0,3,D,3
12,61,0.0,0,A,1
12,62,0.0,2,C,1
12,63,0.0,3,D,0
12,64,1.0,0,A,0
12,65,1.0,1,B,1
12,66,0.0,3,D,2
12,67,0.0,1,B,0
12,68,0.0,3,D,0
12,69,0.0,0,A,1
12,70,0.0,3,D,2
12,71,0.0,1,B,4
12,72,0.0,1,B,2
12,73,1.0,3,D,3
12,74,0.0,4,E,3
12,75,0.0,1,B,4
12,76,0.0,2,C,0
12,77,0.0,0,A,4
12,78,1.0,0,A,0
12,79,1.0,0,A,0
12,80,1.0,1,B,1
12,81,1.0,0,A,0
12,82,1.0,4,E,4
12,83,1.0,4,E,4
12,84,1.0,0,A,0
12,85,0.0,0,A,1
12,86,0.0,3,D,1
12,87,1.0,2,C,2
12,88,1.0,4,E,4
12,89,1.0,1,B,1
12,90,1.0,0,A,0
12,91,1.0,4,E,4
16,0,0.0,2,C,0
16,1,1.0,3,D,3
16,2,1.0,3,D,3
16,3,1.0,2,C,2
16,4,1.0,3,D,3
16,5,0.0,0,A,2
16,6,0.0,1,B,3
16,7,1.0,3,D,3
16,8,0.0,3,D,4
16,9,0.0,1,B,0
16,10,0.0,3,D,4
16,11,1.0,4,E,4
16,12,0.0,3,D,1
16,13,0.0,4,E,0
16,14,1.0,2,C,2
16,15,0.0,4,E,0
16,16,1.0,2,C,2
16,17,0.0,3,D,0
16,18,1.0,4,E,4
16,19,0.0,2,C,4
16,20,1.0,1,B,1
16,21,1.0,1,B,1
16,22,0.0,1,B,0
16,23,0.0,3,D,4
16,24,0.0,1,B,4
16,25,0.0,0,A,3
16,26,0.0,4,E,3
16,27,1.0,4,E,4
16,28,1.0,0,A,0
16,29,1.0,1,B,1
16,30,0.0,4,E,0
16,31,1.0,0,A,0
16,32,0.0,0,A,2
16,33,0.0,3,D,0
16,34,1.0,1,B,1
16,35,0.0,1,B,3
16,36,0.0,1,B,2
16,37,0.0,1,B,2
16,38,0.0,0,A,2
16,39,0.0,4,E,1
16,40,0.0,1,B,0
16,41,1.0,0,A,0
16,42,0.0,4,E,1
16,43,0.0,1,B,2
16,44,1.0,1,B,1
16,45,0.0,1,B,2
16,46,0.0,2,C,1
16,47,0.0,4,E,2
16,48,1.0,2,C,2
16,49,1.0,2,C,2
16,50,0.0,0,A,2
16,51,0.0,4,E,0
16,52,0.0,0,A,4
16,53,1.0,0,A,0
16,54,0.0,0,A,3
16,55,0.0,1,B,3
16,56,0.0,2,C,3
16,57,1.0,1,B,1
16,58,0.0,1,B,2
16,59,1.0,3,D,3
16,60,1.0,3,D,3
16,61,0.0,0,A,1
16,62,0.0,2,C,1
16,63,0.0,3,D,0
16,64,0.0,2,C,0
16,65,1.0,1,B,1
16,66,0.0,3,D,2
16,67,0.0,1,B,0
16,68,1.0,0,A,0
16,69,1.0,1,B,1
16,70,0.0,3,D,2
16,71,1.0,4,E,4
16,72,0.0,1,B,2
16,73,1.0,3,D,3
16,74,0.0,4,E,3
16,75,0.0,1,B,4
16,76,0.0,2,C,0
16,77,0.0,0,A,4
16,78,1.0,0,A,0
16,79,1.0,0,A,0
16,80,1.0,1,B,1
16,81,1.0,0,A,0
16,82,0.0,3,D,4
16,83,1.0,4,E,4
16,84,0.0,1,B,0
16,85,0.0,0,A,1
16,86,0.0,3,D,1
16,87,1.0,2,C,2
16,88,1.0,4,E,4
16,89,1.0,1,B,1
16,90,1.0,0,A,0
16,91,1.0,4,E,4
20,0,0.0,2,C,0
20,1,1.0,3,D,3
20,2,1.0,3,D,3
20,3,1.0,2,C,2
20,4,1.0,3,D,3
20,5,0.0,0,A,2
20,6,0.0,1,B,3
20,7,1.0,3,D,3
20,8,0.0,3,D,4
20,9,0.0,1,B,0
20,10,0.0,3,D,4
20,11,1.0,4,E,4
20,12,0.0,3,D,1
20,13,0.0,4,E,0
20,14,1.0,2,C,2
20,15,0.0,4,E,0
20,16,1.0,2,C,2
20,17,0.0,3,D,0
20,18,1.0,4,E,4
20,19,0.0,2,C,4
20,20,1.0,1,B,1
20,21,1.0,1,B,1
20,22,0.0,1,B,0
20,23,0.0,3,D,4
20,24,0.0,1,B,4
20,25,1.0,3,D,3
20,26,0.0,4,E,3
20,27,1.0,4,E,4
20,28,1.0,0,A,0
20,29,1.0,1,B,1
20,30,0.0,4,E,0
20,31,1.0,0,A,0
20,32,0.0,3,D,2
20,33,0.0,3,D,0
20,34,1.0,1,B,1
20,35,0.0,1,B,3
20,36,0.0,1,B,2
20,37,0.0,1,B,2
20,38,0.0,0,A,2
20,39,0.0,4,E,1
20,40,0.0,1,B,0
20,41,1.0,0,A,0
20,42,0.0,4,E,1
20,43,0.0,1,B,2
20,44,1.0,1,B,1
20,45,0.0,1,B,2
20,46,0.0,2,C,1
20,47,0.0,4,E,2
20,48,1.0,2,C,2
20,49,1.0,2,C,2
20,50,0.0,0,A,2
20,51,0.0,4,E,0
20,52,0.0,0,A,4
20,53,1.0,0,A,0
20,54,0.0,0,A,3
20,55,0.0,1,B,3
20,56,0.0,2,C,3
20,57,1.0,1,B,1
20,58,0.0,1,B,2
20,59,1.0,3,D,3
20,60,1.0,3,D,3
20,61,0.0,0,A,1
20,62,0.0,2,C,1
20,63,0.0,3,D,0
20,64,0.0,2,C,0
20,65,1.0,1,B,1
20,66,0.0,3,D,2
20,67,0.0,1,B,0
20,68,1.0,0,A,0
20,69,1.0,1,B,1
20,70,0.0,3,D,2
20,71,1.0,4,E,4
20,72,0.0,1,B,2
20,73,1.0,3,D,3
20,74,0.0,4,E,3
20,75,0.0,1,B,4
20,76,0.0,2,C,0
20,77,0.0,3,D,4
20,78,1.0,0,A,0
20,79,1.0,0,A,0
20,80,1.0,1,B,1
20,81,1.0,0,A,0
20,82,1.0,4,E,4
20,83,1.0,4,E,4
20,84,0.0,1,B,0
20,85,0.0,0,A,1
20,86,0.0,3,D,1
20,87,1.0,2,C,2
20,88,1.0,4,E,4
20,89,1.0,1,B,1
20,90,1.0,0,A,0
20,91,1.0,4,E,4
24,0,0.0,2,C,0
24,1,1.0,3,D,3
24,2,1.0,3,D,3
24,3,1.0,2,C,2
24,4,1.0,3,D,3
24,5,0.0,0,A,2
24,6,0.0,1,B,3
24,7,1.0,3,D,3
24,8,0.0,3,D,4
24,9,0.0,1,B,0
24,10,0.0,3,D,4
24,11,1.0,4,E,4
24,12,0.0,3,D,1
24,13,0.0,4,E,0
24,14,1.0,2,C,2
24,15,1.0,0,A,0
24,16,1.0,2,C,2
24,17,0.0,3,D,0
24,18,1.0,4,E,4
24,19,0.0,2,C,4
24,20,1.0,1,B,1
24,21,1.0,1,B,1
24,22,0.0,1,B,0
24,23,0.0,3,D,4
24,24,0.0,1,B,4
24,25,1.0,3,D,3
24,26,0.0,0,A,3
24,27,1.0,4,E,4
24,28,1.0,0,A,0
24,29,1.0,1,B,1
24,30,0.0,4,E,0
24,31,1.0,0,A,0
24,32,0.0,3,D,2
24,33,0.0,3,D,0
24,34,1.0,1,B,1
24,35,0.0,1,B,3
24,36,0.0,1,B,2
24,37,0.0,1,B,2
24,38,0.0,0,A,2
24,39,0.0,4,E,1
24,40,0.0,1,B,0
24,41,1.0,0,A,0
24,42,0.0,4,E,1
24,43,0.0,1,B,2
24,44,1.0,1,B,1
24,45,0.0,1,B,2
24,46,0.0,2,C,1
24,47,0.0,4,E,2
24,48,1.0,2,C,2
24,49,1.0,2,C,2
24,50,0.0,0,A,2
24,51,0.0,4,E,0
24,52,0.0,0,A,4
24,53,1.0,0,A,0
24,54,0.0,0,A,3
24,55,0.0,1,B,3
24,56,0.0,2,C,3
24,57,1.0,1,B,1
24,58,0.0,1,B,2
24,59,1.0,3,D,3
24,60,1.0,3,D,3
24,61,0.0,0,A,1
24,62,0.0,2,C,1
24,63,0.0,3,D,0
24,64,0.0,2,C,0
24,65,1.0,1,B,1
24,66,0.0,3,D,2
24,67,0.0,1,B,0
24,68,1.0,0,A,0
24,69,1.0,1,B,1
24,70,0.0,3,D,2
24,71,0.0,1,B,4
24,72,0.0,1,B,2
24,73,1.0,3,D,3
24,74,0.0,4,E,3
24,75,0.0,1,B,4
24,76,0.0,2,C,0
24,77,0.0,3,D,4
24,78,1.0,0,A,0
24,79,1.0,0,A,0
24,80,1.0,1,B,1
24,81,1.0,0,A,0
24,82,1.0,4,E,4
24,83,1.0,4,E,4
24,84,0.0,1,B,0
24,85,0.0,0,A,1
24,86,0.0,3,D,1
24,87,1.0,2,C,2
24,88,1.0,4,E,4
24,89,1.0,1,B,1
24,90,1.0,0,A,0
24,91,1.0,4,E,4
28,0,0.0,2,C,0
28,1,1.0,3,D,3
28,2,1.0,3,D,3
28,3,1.0,2,C,2
28,4,1.0,3,D,3
28,5,0.0,0,A,2
28,6,0.0,1,B,3
28,7,1.0,3,D,3
28,8,0.0,3,D,4
28,9,0.0,1,B,0
28,10,0.0,3,D,4
28,11,1.0,4,E,4
28,12,0.0,3,D,1
28,13,0.0,4,E,0
28,14,1.0,2,C,2
28,15,1.0,0,A,0
28,16,1.0,2,C,2
28,17,0.0,1,B,0
28,18,1.0,4,E,4
28,19,0.0,2,C,4
28,20,1.0,1,B,1
28,21,1.0,1,B,1
28,22,0.0,1,B,0
28,23,0.0,3,D,4
28,24,0.0,1,B,4
28,25,1.0,3,D,3
28,26,0.0,0,A,3
28,27,1.0,4,E,4
28,28,1.0,0,A,0
28,29,1.0,1,B,1
28,30,0.0,4,E,0
28,31,1.0,0,A,0
28,32,0.0,3,D,2
28,33,0.0,3,D,0
28,34,1.0,1,B,1
28,35,0.0,1,B,3
28,36,0.0,1,B,2
28,37,0.0,1,B,2
28,38,0.0,0,A,2
28,39,0.0,4,E,1
28,40,0.0,1,B,0
28,41,1.0,0,A,0
28,42,0.0,4,E,1
28,43,0.0,1,B,2
28,44,1.0,1,B,1
28,45,0.0,1,B,2
28,46,0.0,2,C,1
28,47,0.0,4,E,2
28,48,1.0,2,C,2
28,49,1.0,2,C,2
28,50,0.0,0,A,2
28,51,0.0,4,E,0
28,52,0.0,0,A,4
28,53,1.0,0,A,0
28,54,0.0,0,A,3
28,55,0.0,1,B,3
28,56,0.0,2,C,3
28,57,1.0,1,B,1
28,58,0.0,1,B,2
28,59,1.0,3,D,3
28,60,1.0,3,D,3
28,61,0.0,0,A,1
28,62,0.0,2,C,1
28,63,0.0,3,D,0
28,64,0.0,2,C,0
28,65,1.0,1,B,1
28,66,0.0,3,D,2
28,67,0.0,1,B,0
28,68,1.0,0,A,0
28,69,1.0,1,B,1
28,70,0.0,3,D,2
28,71,0.0,1,B,4
28,72,0.0,1,B,2
28,73,1.0,3,D,3
28,74,0.0,4,E,3
28,75,0.0,1,B,4
28,76,0.0,2,C,0
28,77,0.0,3,D,4
28,78,1.0,0,A,0
28,79,1.0,0,A,0
28,80,1.0,1,B,1
28,81,1.0,0,A,0
28,82,1.0,4,E,4
28,83,1.0,4,E,4
28,84,0.0,1,B,0
28,85,0.0,0,A,1
28,86,0.0,3,D,1
28,87,1.0,2,C,2
28,88,1.0,4,E,4
28,89,1.0,1,B,1
28,90,1.0,0,A,0
28,91,1.0,4,E,4
32,0,0.0,2,C,0
32,1,1.0,3,D,3
32,2,1.0,3,D,3
32,3,1.0,2,C,2
32,4,1.0,3,D,3
32,5,0.0,0,A,2
32,6,0.0,1,B,3
32,7,1.0,3,D,3
32,8,0.0,3,D,4
32,9,0.0,1,B,0
32,10,0.0,3,D,4
32,11,1.0,4,E,4
32,12,0.0,3,D,1
32,13,0.0,4,E,0
32,14,1.0,2,C,2
32,15,1.0,0,A,0
32,16,1.0,2,C,2
32,17,0.0,1,B,0
32,18,1.0,4,E,4
32,19,0.0,2,C,4
32,20,1.0,1,B,1
32,21,1.0,1,B,1
32,22,1.0,0,A,0
32,23,0.0,3,D,4
32,24,0.0,1,B,4
32,25,1.0,3,D,3
32,26,0.0,0,A,3
32,27,1.0,4,E,4
32,28,1.0,0,A,0
32,29,1.0,1,B,1
32,30,0.0,4,E,0
32,31,1.0,0,A,0
32,32,0.0,3,D,2
32,33,0.0,3,D,0
32,34,1.0,1,B,1
32,35,0.0,1,B,3
32,36,0.0,1,B,2
32,37,0.0,1,B,2
32,38,1.0,2,C,2
32,39,0.0,4,E,1
32,40,0.0,1,B,0
32,41,1.0,0,A,0
32,42,0.0,4,E,1
32,43,0.0,1,B,2
32,44,1.0,1,B,1
32,45,0.0,1,B,2
32,46,0.0,2,C,1
32,47,0.0,4,E,2
32,48,1.0,2,C,2
32,49,1.0,2,C,2
32,50,0.0,0,A,2
32,51,0.0,4,E,0
32,52,0.0,0,A,4
32,53,1.0,0,A,0
32,54,0.0,0,A,3
32,55,0.0,1,B,3
32,56,0.0,2,C,3
32,57,1.0,1,B,1
32,58,0.0,1,B,2
32,59,1.0,3,D,3
32,60,1.0,3,D,3
32,61,0.0,0,A,1
32,62,0.0,2,C,1
32,63,0.0,3,D,0
32,64,0.0,2,C,0
32,65,1.0,1,B,1
32,66,0.0,3,D,2
32,67,0.0,1,B,0
32,68,1.0,0,A,0
32,69,1.0,1,B,1
32,70,0.0,3,D,2
32,71,0.0,1,B,4
32,72,0.0,1,B,2
32,73,1.0,3,D,3
32,74,0.0,4,E,3
32,75,0.0,1,B,4
32,76,0.0,2,C,0
32,77,0.0,3,D,4
32,78,1.0,0,A,0
32,79,1.0,0,A,0
32,80,1.0,1,B,1
32,81,1.0,0,A,0
32,82,1.0,4,E,4
32,83,1.0,4,E,4
32,84,1.0,0,A,0
32,85,0.0,0,A,1
32,86,0.0,3,D,1
32,87,1.0,2,C,2
32,88,1.0,4,E,4
32,89,1.0,1,B,1
32,90,1.0,0,A,0
32,91,1.0,4,E,4
36,0,0.0,4,E,0
36,1,1.0,3,D,3
36,2,1.0,3,D,3
36,3,1.0,2,C,2
36,4,1.0,3,D,3
36,5,0.0,0,A,2
36,6,0.0,1,B,3
36,7,1.0,3,D,3
36,8,0.0,3,D,4
36,9,0.0,1,B,0
36,10,0.0,3,D,4
36,11,1.0,4,E,4
36,12,0.0,3,D,1
36,13,0.0,4,E,0
36,14,1.0,2,C,2
36,15,1.0,0,A,0
36,16,1.0,2,C,2
36,17,0.0,1,B,0
36,18,1.0,4,E,4
36,19,0.0,2,C,4
36,20,1.0,1,B,1
36,21,1.0,1,B,1
36,22,1.0,0,A,0
36,23,0.0,3,D,4
36,24,0.0,1,B,4
36,25,1.0,3,D,3
36,26,0.0,0,A,3
36,27,1.0,4,E,4
36,28,1.0,0,A,0
36,29,1.0,1,B,1
36,30,0.0,4,E,0
36,31,1.0,0,A,0
36,32,0.0,3,D,2
36,33,0.0,3,D,0
36,34,1.0,1,B,1
36,35,0.0,1,B,3
36,36,0.0,1,B,2
36,37,0.0,1,B,2
36,38,1.0,2,C,2
36,39,0.0,4,E,1
36,40,0.0,1,B,0
36,41,1.0,0,A,0
36,42,0.0,4,E,1
36,43,0.0,1,B,2
36,44,1.0,1,B,1
36,45,0.0,1,B,2
36,46,0.0,2,C,1
36,47,0.0,4,E,2
36,48,1.0,2,C,2
36,49,1.0,2,C,2
36,50,0.0,0,A,2
36,51,0.0,4,E,0
36,52,0.0,0,A,4
36,53,1.0,0,A,0
36,54,0.0,0,A,3
36,55,0.0,1,B,3
36,56,0.0,2,C,3
36,57,1.0,1,B,1
36,58,0.0,1,B,2
36,59,1.0,3,D,3
36,60,1.0,3,D,3
36,61,0.0,0,A,1
36,62,0.0,2,C,1
36,63,0.0,3,D,0
36,64,0.0,2,C,0
36,65,1.0,1,B,1
36,66,0.0,3,D,2
36,67,0.0,1,B,0
36,68,1.0,0,A,0
36,69,1.0,1,B,1
36,70,0.0,3,D,2
36,71,0.0,1,B,4
36,72,0.0,1,B,2
36,73,1.0,3,D,3
36,74,0.0,4,E,3
36,75,0.0,1,B,4
36,76,0.0,2,C,0
36,77,0.0,3,D,4
36,78,1.0,0,A,0
36,79,1.0,0,A,0
36,80,1.0,1,B,1
36,81,1.0,0,A,0
36,82,1.0,4,E,4
36,83,1.0,4,E,4
36,84,0.0,1,B,0
36,85,0.0,0,A,1
36,86,0.0,3,D,1
36,87,1.0,2,C,2
36,88,1.0,4,E,4
36,89,1.0,1,B,1
36,90,1.0,0,A,0
36,91,1.0,4,E,4
40,0,1.0,0,A,0
40,1,1.0,3,D,3
40,2,1.0,3,D,3
40,3,1.0,2,C,2
40,4,1.0,3,D,3
40,5,0.0,0,A,2
40,6,0.0,1,B,3
40,7,1.0,3,D,3
40,8,0.0,3,D,4
40,9,0.0,1,B,0
40,10,0.0,3,D,4
40,11,1.0,4,E,4
40,12,0.0,3,D,1
40,13,0.0,4,E,0
40,14,1.0,2,C,2
40,15,1.0,0,A,0
40,16,1.0,2,C,2
40,17,0.0,1,B,0
40,18,1.0,4,E,4
40,19,0.0,2,C,4
40,20,1.0,1,B,1
40,21,1.0,1,B,1
40,22,1.0,0,A,0
40,23,0.0,3,D,4
40,24,0.0,1,B,4
40,25,1.0,3,D,3
40,26,0.0,0,A,3
40,27,1.0,4,E,4
40,28,1.0,0,A,0
40,29,1.0,1,B,1
40,30,0.0,4,E,0
40,31,1.0,0,A,0
40,32,0.0,3,D,2
40,33,0.0,3,D,0
40,34,1.0,1,B,1
40,35,0.0,1,B,3
40,36,0.0,1,B,2
40,37,0.0,1,B,2
40,38,1.0,2,C,2
40,39,0.0,4,E,1
40,40,0.0,1,B,0
40,41,1.0,0,A,0
40,42,0.0,4,E,1
40,43,0.0,1,B,2
40,44,1.0,1,B,1
40,45,0.0,1,B,2
40,46,0.0,2,C,1
40,47,0.0,4,E,2
40,48,1.0,2,C,2
40,49,1.0,2,C,2
40,50,0.0,0,A,2
40,51,0.0,4,E,0
40,52,0.0,0,A,4
40,53,1.0,0,A,0
40,54,0.0,0,A,3
40,55,0.0,1,B,3
40,56,0.0,2,C,3
40,57,1.0,1,B,1
40,58,0.0,1,B,2
40,59,1.0,3,D,3
40,60,1.0,3,D,3
40,61,0.0,0,A,1
40,62,0.0,2,C,1
40,63,0.0,3,D,0
40,64,0.0,2,C,0
40,65,1.0,1,B,1
40,66,0.0,3,D,2
40,67,0.0,1,B,0
40,68,1.0,0,A,0
40,69,1.0,1,B,1
40,70,0.0,3,D,2
40,71,0.0,1,B,4
40,72,0.0,1,B,2
40,73,1.0,3,D,3
40,74,0.0,4,E,3
40,75,0.0,1,B,4
40,76,0.0,2,C,0
40,77,0.0,3,D,4
40,78,1.0,0,A,0
40,79,1.0,0,A,0
40,80,1.0,1,B,1
40,81,1.0,0,A,0
40,82,1.0,4,E,4
40,83,1.0,4,E,4
40,84,0.0,1,B,0
40,85,0.0,0,A,1
40,86,0.0,3,D,1
40,87,1.0,2,C,2
40,88,1.0,4,E,4
40,89,1.0,1,B,1
40,90,1.0,0,A,0
40,91,1.0,4,E,4
44,0,1.0,0,A,0
44,1,1.0,3,D,3
44,2,1.0,3,D,3
44,3,1.0,2,C,2
44,4,1.0,3,D,3
44,5,0.0,0,A,2
44,6,0.0,1,B,3
44,7,1.0,3,D,3
44,8,0.0,3,D,4
44,9,0.0,1,B,0
44,10,0.0,3,D,4
44,11,1.0,4,E,4
44,12,0.0,3,D,1
44,13,0.0,4,E,0
44,14,1.0,2,C,2
44,15,1.0,0,A,0
44,16,1.0,2,C,2
44,17,0.0,1,B,0
44,18,1.0,4,E,4
44,19,0.0,2,C,4
44,20,1.0,1,B,1
44,21,1.0,1,B,1
44,22,1.0,0,A,0
44,23,0.0,3,D,4
44,24,0.0,1,B,4
44,25,1.0,3,D,3
44,26,0.0,4,E,3
44,27,1.0,4,E,4
44,28,1.0,0,A,0
44,29,1.0,1,B,1
44,30,0.0,4,E,0
44,31,1.0,0,A,0
44,32,0.0,3,D,2
44,33,0.0,3,D,0
44,34,1.0,1,B,1
44,35,0.0,1,B,3
44,36,0.0,1,B,2
44,37,0.0,1,B,2
44,38,1.0,2,C,2
44,39,0.0,4,E,1
44,40,0.0,1,B,0
44,41,1.0,0,A,0
44,42,0.0,4,E,1
44,43,0.0,1,B,2
44,44,1.0,1,B,1
44,45,0.0,1,B,2
44,46,0.0,2,C,1
44,47,0.0,4,E,2
44,48,1.0,2,C,2
44,49,1.0,2,C,2
44,50,0.0,0,A,2
44,51,0.0,4,E,0
44,52,0.0,0,A,4
44,53,1.0,0,A,0
44,54,0.0,2,C,3
44,55,0.0,1,B,3
44,56,0.0,2,C,3
44,57,1.0,1,B,1
44,58,0.0,1,B,2
44,59,1.0,3,D,3
44,60,1.0,3,D,3
44,61,0.0,0,A,1
44,62,0.0,2,C,1
44,63,0.0,3,D,0
44,64,0.0,2,C,0
44,65,1.0,1,B,1
44,66,0.0,3,D,2
44,67,0.0,1,B,0
44,68,1.0,0,A,0
44,69,1.0,1,B,1
44,70,0.0,3,D,2
44,71,0.0,1,B,4
44,72,0.0,1,B,2
44,73,1.0,3,D,3
44,74,0.0,4,E,3
44,75,0.0,1,B,4
44,76,0.0,2,C,0
44,77,0.0,3,D,4
44,78,1.0,0,A,0
44,79,1.0,0,A,0
44,80,1.0,1,B,1
44,81,1.0,0,A,0
44,82,1.0,4,E,4
44,83,1.0,4,E,4
44,84,0.0,1,B,0
44,85,0.0,0,A,1
44,86,0.0,3,D,1
44,87,1.0,2,C,2
44,88,1.0,4,E,4
44,89,1.0,1,B,1
44,90,1.0,0,A,0
44,91,1.0,4,E,4
48,0,1.0,0,A,0
48,1,1.0,3,D,3
48,2,1.0,3,D,3
48,3,1.0,2,C,2
48,4,1.0,3,D,3
48,5,0.0,0,A,2
48,6,0.0,1,B,3
48,7,1.0,3,D,3
48,8,0.0,3,D,4
48,9,0.0,1,B,0
48,10,0.0,3,D,4
48,11,1.0,4,E,4
48,12,0.0,3,D,1
48,13,0.0,4,E,0
48,14,1.0,2,C,2
48,15,1.0,0,A,0
48,16,1.0,2,C,2
48,17,0.0,1,B,0
48,18,1.0,4,E,4
48,19,0.0,2,C,4
48,20,1.0,1,B,1
48,21,1.0,1,B,1
48,22,1.0,0,A,0
48,23,0.0,3,D,4
48,24,0.0,1,B,4
48,25,1.0,3,D,3
48,26,0.0,4,E,3
48,27,1.0,4,E,4
48,28,1.0,0,A,0
48,29,1.0,1,B,1
48,30,0.0,4,E,0
48,31,1.0,0,A,0
48,32,0.0,3,D,2
48,33,0.0,3,D,0
48,34,1.0,1,B,1
48,35,0.0,1,B,3
48,36,0.0,1,B,2
48,37,0.0,1,B,2
48,38,1.0,2,C,2
48,39,0.0,4,E,1
48,40,0.0,1,B,0
48,41,1.0,0,A,0
48,42,0.0,4,E,1
48,43,0.0,1,B,2
48,44,1.0,1,B,1
48,45,0.0,1,B,2
48,46,0.0,2,C,1
48,47,0.0,4,E,2
48,48,1.0,2,C,2
48,49,1.0,2,C,2
48,50,0.0,0,A,2
48,51,0.0,4,E,0
48,52,0.0,0,A,4
48,53,1.0,0,A,0
48,54,0.0,2,C,3
48,55,0.0,1,B,3
48,56,0.0,2,C,3
48,57,1.0,1,B,1
48,58,0.0,1,B,2
48,59,1.0,3,D,3
48,60,1.0,3,D,3
48,61,0.0,0,A,1
48,62,0.0,2,C,1
48,63,0.0,3,D,0
48,64,0.0,2,C,0
48,65,1.0,1,B,1
48,66,0.0,3,D,2
48,67,0.0,1,B,0
48,68,1.0,0,A,0
48,69,1.0,1,B,1
48,70,0.0,3,D,2
48,71,0.0,1,B,4
48,72,0.0,1,B,2
48,73,1.0,3,D,3
48,74,0.0,4,E,3
48,75,0.0,1,B,4
48,76,0.0,2,C,0
48,77,0.0,3,D,4
48,78,1.0,0,A,0
48,79,1.0,0,A,0
48,80,1.0,1,B,1
48,81,1.0,0,A,0
48,82,1.0,4,E,4
48,83,1.0,4,E,4
48,84,0.0,1,B,0
48,85,1.0,1,B,1
48,86,0.0,3,D,1
48,87,1.0,2,C,2
48,88,1.0,4,E,4
48,89,1.0,1,B,1
48,90,1.0,0,A,0
48,91,1.0,4,E,4
52,0,1.0,0,A,0
52,1,1.0,3,D,3
52,2,1.0,3,D,3
52,3,1.0,2,C,2
52,4,1.0,3,D,3
52,5,0.0,0,A,2
52,6,0.0,1,B,3
52,7,1.0,3,D,3
52,8,0.0,3,D,4
52,9,0.0,1,B,0
52,10,0.0,3,D,4
52,11,1.0,4,E,4
52,12,0.0,3,D,1
52,13,0.0,4,E,0
52,14,1.0,2,C,2
52,15,1.0,0,A,0
52,16,1.0,2,C,2
52,17,0.0,1,B,0
52,18,1.0,4,E,4
52,19,0.0,2,C,4
52,20,1.0,1,B,1
52,21,1.0,1,B,1
52,22,1.0,0,A,0
52,23,0.0,3,D,4
52,24,0.0,1,B,4
52,25,1.0,3,D,3
52,26,0.0,4,E,3
52,27,1.0,4,E,4
52,28,1.0,0,A,0
52,29,1.0,1,B,1
52,30,0.0,4,E,0
52,31,1.0,0,A,0
52,32,0.0,3,D,2
52,33,0.0,3,D,0
52,34,1.0,1,B,1
52,35,0.0,1,B,3
52,36,0.0,1,B,2
52,37,0.0,1,B,2
52,38,1.0,2,C,2
52,39,0.0,4,E,1
52,40,0.0,1,B,0
52,41,1.0,0,A,0
52,42,0.0,4,E,1
52,43,0.0,1,B,2
52,44,1.0,1,B,1
52,45,0.0,1,B,2
52,46,0.0,2,C,1
52,47,0.0,4,E,2
52,48,1.0,2,C,2
52,49,1.0,2,C,2
52,50,0.0,0,A,2
52,51,0.0,4,E,0
52,52,0.0,0,A,4
52,53,1.0,0,A,0
52,54,0.0,2,C,3
52,55,0.0,1,B,3
52,56,0.0,2,C,3
52,57,1.0,1,B,1
52,58,0.0,1,B,2
52,59,1.0,3,D,3
52,60,0.0,1,B,3
52,61,0.0,0,A,1
52,62,0.0,2,C,1
52,63,0.0,3,D,0
52,64,0.0,2,C,0
52,65,1.0,1,B,1
52,66,0.0,3,D,2
52,67,0.0,1,B,0
52,68,1.0,0,A,0
52,69,1.0,1,B,1
52,70,0.0,3,D,2
52,71,0.0,1,B,4
52,72,0.0,1,B,2
52,73,1.0,3,D,3
52,74,0.0,4,E,3
52,75,0.0,1,B,4
52,76,0.0,2,C,0
52,77,0.0,3,D,4
52,78,1.0,0,A,0
52,79,1.0,0,A,0
52,80,1.0,1,B,1
52,81,1.0,0,A,0
52,82,1.0,4,E,4
52,83,1.0,4,E,4
52,84,0.0,1,B,0
52,85,0.0,0,A,1
52,86,0.0,3,D,1
52,87,1.0,2,C,2
52,88,1.0,4,E,4
52,89,1.0,1,B,1
52,90,1.0,0,A,0
52,91,1.0,4,E,4
56,0,1.0,0,A,0
56,1,1.0,3,D,3
56,2,1.0,3,D,3
56,3,1.0,2,C,2
56,4,1.0,3,D,3
56,5,0.0,0,A,2
56,6,0.0,1,B,3
56,7,1.0,3,D,3
56,8,0.0,3,D,4
56,9,0.0,1,B,0
56,10,0.0,3,D,4
56,11,1.0,4,E,4
56,12,0.0,3,D,1
56,13,0.0,4,E,0
56,14,1.0,2,C,2
56,15,1.0,0,A,0
56,16,1.0,2,C,2
56,17,0.0,1,B,0
56,18,1.0,4,E,4
56,19,0.0,2,C,4
56,20,1.0,1,B,1
56,21,1.0,1,B,1
56,22,1.0,0,A,0
56,23,0.0,3,D,4
56,24,0.0,1,B,4
56,25,1.0,3,D,3
56,26,0.0,4,E,3
56,27,1.0,4,E,4
56,28,1.0,0,A,0
56,29,1.0,1,B,1
56,30,0.0,4,E,0
56,31,1.0,0,A,0
56,32,0.0,3,D,2
56,33,0.0,3,D,0
56,34,1.0,1,B,1
56,35,0.0,1,B,3
56,36,0.0,1,B,2
56,37,0.0,1,B,2
56,38,1.0,2,C,2
56,39,0.0,4,E,1
56,40,0.0,1,B,0
56,41,1.0,0,A,0
56,42,0.0,4,E,1
56,43,0.0,1,B,2
56,44,1.0,1,B,1
56,45,0.0,1,B,2
56,46,0.0,2,C,1
56,47,0.0,4,E,2
56,48,1.0,2,C,2
56,49,1.0,2,C,2
56,50,0.0,0,A,2
56,51,0.0,4,E,0
56,52,0.0,0,A,4
56,53,1.0,0,A,0
56,54,0.0,2,C,3
56,55,0.0,1,B,3
56,56,0.0,2,C,3
56,57,1.0,1,B,1
56,58,0.0,1,B,2
56,59,1.0,3,D,3
56,60,0.0,1,B,3
56,61,0.0,0,A,1
56,62,0.0,2,C,1
56,63,0.0,3,D,0
56,64,0.0,2,C,0
56,65,1.0,1,B,1
56,66,0.0,3,D,2
56,67,0.0,1,B,0
56,68,1.0,0,A,0
56,69,1.0,1,B,1
56,70,0.0,3,D,2
56,71,0.0,1,B,4
56,72,0.0,1,B,2
56,73,1.0,3,D,3
56,74,0.0,4,E,3
56,75,0.0,1,B,4
56,76,0.0,2,C,0
56,77,0.0,3,D,4
56,78,1.0,0,A,0
56,79,1.0,0,A,0
56,80,1.0,1,B,1
56,81,1.0,0,A,0
56,82,1.0,4,E,4
56,83,1.0,4,E,4
56,84,0.0,1,B,0
56,85,0.0,0,A,1
56,86,0.0,3,D,1
56,87,1.0,2,C,2
56,88,1.0,4,E,4
56,89,1.0,1,B,1
56,90,1.0,0,A,0
56,91,1.0,4,E,4
60,0,1.0,0,A,0
60,1,1.0,3,D,3
60,2,1.0,3,D,3
60,3,1.0,2,C,2
60,4,1.0,3,D,3
60,5,0.0,0,A,2
60,6,0.0,1,B,3
60,7,1.0,3,D,3
60,8,0.0,3,D,4
60,9,0.0,1,B,0
60,10,0.0,3,D,4
60,11,1.0,4,E,4
60,12,0.0,3,D,1
60,13,0.0,4,E,0
60,14,1.0,2,C,2
60,15,1.0,0,A,0
60,16,1.0,2,C,2
60,17,0.0,1,B,0
60,18,1.0,4,E,4
60,19,0.0,2,C,4
60,20,1.0,1,B,1
60,21,1.0,1,B,1
60,22,1.0,0,A,0
60,23,0.0,3,D,4
60,24,0.0,1,B,4
60,25,1.0,3,D,3
60,26,0.0,4,E,3
60,27,1.0,4,E,4
60,28,1.0,0,A,0
60,29,1.0,1,B,1
60,30,0.0,4,E,0
60,31,1.0,0,A,0
60,32,0.0,3,D,2
60,33,0.0,3,D,0
60,34,1.0,1,B,1
60,35,0.0,1,B,3
60,36,0.0,1,B,2
60,37,0.0,1,B,2
60,38,1.0,2,C,2
60,39,0.0,4,E,1
60,40,0.0,1,B,0
60,41,1.0,0,A,0
60,42,0.0,4,E,1
60,43,0.0,1,B,2
60,44,1.0,1,B,1
60,45,0.0,1,B,2
60,46,0.0,2,C,1
60,47,0.0,4,E,2
60,48,1.0,2,C,2
60,49,1.0,2,C,2
60,50,0.0,0,A,2
60,51,0.0,4,E,0
60,52,0.0,0,A,4
60,53,1.0,0,A,0
60,54,0.0,2,C,3
60,55,0.0,1,B,3
60,56,0.0,2,C,3
60,57,1.0,1,B,1
60,58,0.0,1,B,2
60,59,1.0,3,D,3
60,60,0.0,1,B,3
60,61,0.0,0,A,1
60,62,0.0,2,C,1
60,63,0.0,3,D,0
60,64,0.0,2,C,0
60,65,1.0,1,B,1
60,66,0.0,3,D,2
60,67,0.0,1,B,0
60,68,1.0,0,A,0
60,69,1.0,1,B,1
60,70,0.0,3,D,2
60,71,0.0,1,B,4
60,72,0.0,1,B,2
60,73,1.0,3,D,3
60,74,0.0,4,E,3
60,75,0.0,1,B,4
60,76,0.0,2,C,0
60,77,0.0,3,D,4
60,78,1.0,0,A,0
60,79,1.0,0,A,0
60,80,1.0,1,B,1
60,81,1.0,0,A,0
60,82,1.0,4,E,4
60,83,1.0,4,E,4
60,84,0.0,1,B,0
60,85,1.0,1,B,1
60,86,0.0,3,D,1
60,87,1.0,2,C,2
60,88,1.0,4,E,4
60,89,1.0,1,B,1
60,90,1.0,0,A,0
60,91,1.0,4,E,4
64,0,1.0,0,A,0
64,1,1.0,3,D,3
64,2,1.0,3,D,3
64,3,1.0,2,C,2
64,4,1.0,3,D,3
64,5,0.0,0,A,2
64,6,0.0,1,B,3
64,7,1.0,3,D,3
64,8,0.0,3,D,4
64,9,0.0,1,B,0
64,10,0.0,3,D,4
64,11,1.0,4,E,4
64,12,0.0,3,D,1
64,13,0.0,4,E,0
64,14,1.0,2,C,2
64,15,1.0,0,A,0
64,16,1.0,2,C,2
64,17,0.0,1,B,0
64,18,1.0,4,E,4
64,19,0.0,2,C,4
64,20,1.0,1,B,1
64,21,1.0,1,B,1
64,22,1.0,0,A,0
64,23,0.0,3,D,4
64,24,0.0,1,B,4
64,25,1.0,3,D,3
64,26,0.0,4,E,3
64,27,1.0,4,E,4
64,28,1.0,0,A,0
64,29,1.0,1,B,1
64,30,0.0,4,E,0
64,31,1.0,0,A,0
64,32,0.0,3,D,2
64,33,0.0,3,D,0
64,34,1.0,1,B,1
64,35,0.0,1,B,3
64,36,0.0,1,B,2
64,37,0.0,1,B,2
64,38,1.0,2,C,2
64,39,0.0,4,E,1
64,40,0.0,1,B,0
64,41,1.0,0,A,0
64,42,0.0,4,E,1
64,43,0.0,1,B,2
64,44,1.0,1,B,1
64,45,0.0,1,B,2
64,46,0.0,2,C,1
64,47,0.0,4,E,2
64,48,1.0,2,C,2
64,49,1.0,2,C,2
64,50,0.0,0,A,2
64,51,0.0,4,E,0
64,52,0.0,0,A,4
64,53,1.0,0,A,0
64,54,0.0,2,C,3
64,55,0.0,1,B,3
64,56,0.0,2,C,3
64,57,1.0,1,B,1
64,58,0.0,1,B,2
64,59,1.0,3,D,3
64,60,0.0,1,B,3
64,61,0.0,0,A,1
64,62,0.0,2,C,1
64,63,0.0,3,D,0
64,64,0.0,2,C,0
64,65,1.0,1,B,1
64,66,0.0,3,D,2
64,67,0.0,1,B,0
64,68,1.0,0,A,0
64,69,1.0,1,B,1
64,70,0.0,3,D,2
64,71,0.0,1,B,4
64,72,0.0,1,B,2
64,73,1.0,3,D,3
64,74,0.0,4,E,3
64,75,0.0,1,B,4
64,76,0.0,2,C,0
64,77,0.0,3,D,4
64,78,1.0,0,A,0
64,79,1.0,0,A,0
64,80,1.0,1,B,1
64,81,1.0,0,A,0
64,82,1.0,4,E,4
64,83,1.0,4,E,4
64,84,0.0,1,B,0
64,85,1.0,1,B,1
64,86,0.0,3,D,1
64,87,1.0,2,C,2
64,88,1.0,4,E,4
64,89,1.0,1,B,1
64,90,1.0,0,A,0
64,91,1.0,4,E,4
68,0,1.0,0,A,0
68,1,1.0,3,D,3
68,2,1.0,3,D,3
68,3,1.0,2,C,2
68,4,1.0,3,D,3
68,5,0.0,0,A,2
68,6,0.0,1,B,3
68,7,1.0,3,D,3
68,8,0.0,3,D,4
68,9,0.0,1,B,0
68,10,0.0,3,D,4
68,11,1.0,4,E,4
68,12,0.0,3,D,1
68,13,0.0,4,E,0
68,14,1.0,2,C,2
68,15,1.0,0,A,0
68,16,1.0,2,C,2
68,17,0.0,1,B,0
68,18,1.0,4,E,4
68,19,0.0,2,C,4
68,20,1.0,1,B,1
68,21,1.0,1,B,1
68,22,1.0,0,A,0
68,23,0.0,3,D,4
68,24,0.0,1,B,4
68,25,1.0,3,D,3
68,26,0.0,4,E,3
68,27,1.0,4,E,4
68,28,1.0,0,A,0
68,29,1.0,1,B,1
68,30,0.0,4,E,0
68,31,1.0,0,A,0
68,32,0.0,3,D,2
68,33,0.0,3,D,0
68,34,1.0,1,B,1
68,35,0.0,1,B,3
68,36,0.0,1,B,2
68,37,0.0,1,B,2
68,38,1.0,2,C,2
68,39,0.0,4,E,1
68,40,0.0,1,B,0
68,41,1.0,0,A,0
68,42,0.0,4,E,1
68,43,0.0,1,B,2
68,44,1.0,1,B,1
68,45,0.0,1,B,2
68,46,0.0,2,C,1
68,47,0.0,4,E,2
68,48,1.0,2,C,2
68,49,1.0,2,C,2
68,50,0.0,0,A,2
68,51,0.0,4,E,0
68,52,0.0,0,A,4
68,53,1.0,0,A,0
68,54,0.0,2,C,3
68,55,0.0,1,B,3
68,56,0.0,2,C,3
68,57,1.0,1,B,1
68,58,0.0,1,B,2
68,59,1.0,3,D,3
68,60,0.0,1,B,3
68,61,0.0,0,A,1
68,62,0.0,2,C,1
68,63,0.0,3,D,0
68,64,0.0,2,C,0
68,65,1.0,1,B,1
68,66,0.0,3,D,2
68,67,0.0,1,B,0
68,68,1.0,0,A,0
68,69,1.0,1,B,1
68,70,0.0,3,D,2
68,71,0.0,1,B,4
68,72,0.0,1,B,2
68,73,1.0,3,D,3
68,74,0.0,4,E,3
68,75,0.0,1,B,4
68,76,0.0,2,C,0
68,77,0.0,3,D,4
68,78,1.0,0,A,0
68,79,1.0,0,A,0
68,80,1.0,1,B,1
68,81,1.0,0,A,0
68,82,1.0,4,E,4
68,83,1.0,4,E,4
68,84,0.0,1,B,0
68,85,1.0,1,B,1
68,86,0.0,3,D,1
68,87,1.0,2,C,2
68,88,1.0,4,E,4
68,89,1.0,1,B,1
68,90,1.0,0,A,0
68,91,1.0,4,E,4
72,0,1.0,0,A,0
72,1,1.0,3,D,3
72,2,1.0,3,D,3
72,3,1.0,2,C,2
72,4,1.0,3,D,3
72,5,0.0,0,A,2
72,6,0.0,1,B,3
72,7,1.0,3,D,3
72,8,0.0,3,D,4
72,9,0.0,1,B,0
72,10,0.0,3,D,4
72,11,1.0,4,E,4
72,12,0.0,3,D,1
72,13,0.0,4,E,0
72,14,1.0,2,C,2
72,15,1.0,0,A,0
72,16,1.0,2,C,2
72,17,0.0,1,B,0
72,18,1.0,4,E,4
72,19,0.0,2,C,4
72,20,1.0,1,B,1
72,21,1.0,1,B,1
72,22,1.0,0,A,0
72,23,0.0,3,D,4
72,24,0.0,1,B,4
72,25,1.0,3,D,3
72,26,0.0,4,E,3
72,27,1.0,4,E,4
72,28,1.0,0,A,0
72,29,1.0,1,B,1
72,30,0.0,4,E,0
72,31,1.0,0,A,0
72,32,0.0,3,D,2
72,33,0.0,3,D,0
72,34,1.0,1,B,1
72,35,0.0,1,B,3
72,36,0.0,1,B,2
72,37,0.0,1,B,2
72,38,1.0,2,C,2
72,39,0.0,4,E,1
72,40,0.0,1,B,0
72,41,1.0,0,A,0
72,42,0.0,4,E,1
72,43,0.0,1,B,2
72,44,1.0,1,B,1
72,45,0.0,1,B,2
72,46,0.0,2,C,1
72,47,0.0,4,E,2
72,48,1.0,2,C,2
72,49,1.0,2,C,2
72,50,0.0,0,A,2
72,51,0.0,4,E,0
72,52,0.0,0,A,4
72,53,1.0,0,A,0
72,54,0.0,2,C,3
72,55,0.0,1,B,3
72,56,0.0,2,C,3
72,57,1.0,1,B,1
72,58,0.0,1,B,2
72,59,1.0,3,D,3
72,60,0.0,1,B,3
72,61,0.0,0,A,1
72,62,0.0,2,C,1
72,63,0.0,3,D,0
72,64,0.0,2,C,0
72,65,1.0,1,B,1
72,66,0.0,3,D,2
72,67,0.0,1,B,0
72,68,1.0,0,A,0
72,69,1.0,1,B,1
72,70,0.0,3,D,2
72,71,0.0,1,B,4
72,72,0.0,1,B,2
72,73,1.0,3,D,3
72,74,0.0,4,E,3
72,75,0.0,1,B,4
72,76,0.0,2,C,0
72,77,0.0,3,D,4
72,78,1.0,0,A,0
72,79,1.0,0,A,0
72,80,1.0,1,B,1
72,81,1.0,0,A,0
72,82,1.0,4,E,4
72,83,1.0,4,E,4
72,84,0.0,1,B,0
72,85,1.0,1,B,1
72,86,0.0,3,D,1
72,87,1.0,2,C,2
72,88,1.0,4,E,4
72,89,1.0,1,B,1
72,90,1.0,0,A,0
72,91,1.0,4,E,4
76,0,1.0,0,A,0
76,1,1.0,3,D,3
76,2,1.0,3,D,3
76,3,1.0,2,C,2
76,4,1.0,3,D,3
76,5,0.0,0,A,2
76,6,0.0,1,B,3
76,7,1.0,3,D,3
76,8,0.0,3,D,4
76,9,0.0,1,B,0
76,10,0.0,3,D,4
76,11,1.0,4,E,4
76,12,0.0,3,D,1
76,13,0.0,4,E,0
76,14,1.0,2,C,2
76,15,1.0,0,A,0
76,16,1.0,2,C,2
76,17,0.0,1,B,0
76,18,1.0,4,E,4
76,19,0.0,2,C,4
76,20,1.0,1,B,1
76,21,1.0,1,B,1
76,22,1.0,0,A,0
76,23,0.0,3,D,4
76,24,0.0,1,B,4
76,25,1.0,3,D,3
76,26,0.0,4,E,3
76,27,1.0,4,E,4
76,28,1.0,0,A,0
76,29,1.0,1,B,1
76,30,0.0,4,E,0
76,31,1.0,0,A,0
76,32,0.0,3,D,2
76,33,0.0,3,D,0
76,34,1.0,1,B,1
76,35,0.0,1,B,3
76,36,0.0,1,B,2
76,37,0.0,1,B,2
76,38,1.0,2,C,2
76,39,0.0,4,E,1
76,40,0.0,1,B,0
76,41,1.0,0,A,0
76,42,0.0,4,E,1
76,43,0.0,1,B,2
76,44,1.0,1,B,1
76,45,0.0,1,B,2
76,46,0.0,2,C,1
76,47,0.0,4,E,2
76,48,1.0,2,C,2
76,49,1.0,2,C,2
76,50,0.0,0,A,2
76,51,0.0,4,E,0
76,52,0.0,0,A,4
76,53,1.0,0,A,0
76,54,0.0,2,C,3
76,55,0.0,1,B,3
76,56,0.0,2,C,3
76,57,1.0,1,B,1
76,58,0.0,1,B,2
76,59,1.0,3,D,3
76,60,0.0,1,B,3
76,61,0.0,0,A,1
76,62,0.0,2,C,1
76,63,0.0,3,D,0
76,64,0.0,2,C,0
76,65,1.0,1,B,1
76,66,0.0,3,D,2
76,67,0.0,1,B,0
76,68,1.0,0,A,0
76,69,1.0,1,B,1
76,70,0.0,3,D,2
76,71,0.0,1,B,4
76,72,0.0,1,B,2
76,73,1.0,3,D,3
76,74,0.0,4,E,3
76,75,0.0,1,B,4
76,76,0.0,2,C,0
76,77,0.0,3,D,4
76,78,1.0,0,A,0
76,79,1.0,0,A,0
76,80,1.0,1,B,1
76,81,1.0,0,A,0
76,82,1.0,4,E,4
76,83,1.0,4,E,4
76,84,0.0,1,B,0
76,85,1.0,1,B,1
76,86,0.0,3,D,1
76,87,1.0,2,C,2
76,88,1.0,4,E,4
76,89,1.0,1,B,1
76,90,1.0,0,A,0
76,91,1.0,4,E,4
80,0,1.0,0,A,0
80,1,1.0,3,D,3
80,2,1.0,3,D,3
80,3,1.0,2,C,2
80,4,1.0,3,D,3
80,5,0.0,0,A,2
80,6,0.0,1,B,3
80,7,1.0,3,D,3
80,8,0.0,3,D,4
80,9,0.0,1,B,0
80,10,0.0,3,D,4
80,11,1.0,4,E,4
80,12,0.0,3,D,1
80,13,0.0,4,E,0
80,14,1.0,2,C,2
80,15,1.0,0,A,0
80,16,1.0,2,C,2
80,17,0.0,1,B,0
80,18,1.0,4,E,4
80,19,0.0,2,C,4
80,20,1.0,1,B,1
80,21,1.0,1,B,1
80,22,1.0,0,A,0
80,23,0.0,3,D,4
80,24,0.0,1,B,4
80,25,1.0,3,D,3
80,26,0.0,4,E,3
80,27,1.0,4,E,4
80,28,1.0,0,A,0
80,29,1.0,1,B,1
80,30,0.0,4,E,0
80,31,1.0,0,A,0
80,32,0.0,3,D,2
80,33,0.0,3,D,0
80,34,1.0,1,B,1
80,35,0.0,1,B,3
80,36,0.0,1,B,2
80,37,0.0,1,B,2
80,38,1.0,2,C,2
80,39,0.0,4,E,1
80,40,0.0,1,B,0
80,41,1.0,0,A,0
80,42,0.0,4,E,1
80,43,0.0,1,B,2
80,44,1.0,1,B,1
80,45,0.0,1,B,2
80,46,0.0,2,C,1
80,47,0.0,4,E,2
80,48,1.0,2,C,2
80,49,1.0,2,C,2
80,50,0.0,0,A,2
80,51,0.0,4,E,0
80,52,0.0,0,A,4
80,53,1.0,0,A,0
80,54,0.0,2,C,3
80,55,0.0,1,B,3
80,56,0.0,2,C,3
80,57,1.0,1,B,1
80,58,0.0,1,B,2
80,59,1.0,3,D,3
80,60,0.0,1,B,3
80,61,0.0,0,A,1
80,62,0.0,2,C,1
80,63,0.0,3,D,0
80,64,0.0,2,C,0
80,65,1.0,1,B,1
80,66,0.0,3,D,2
80,67,0.0,1,B,0
80,68,1.0,0,A,0
80,69,1.0,1,B,1
80,70,0.0,3,D,2
80,71,0.0,1,B,4
80,72,0.0,1,B,2
80,73,1.0,3,D,3
80,74,0.0,4,E,3
80,75,0.0,1,B,4
80,76,0.0,2,C,0
80,77,0.0,3,D,4
80,78,1.0,0,A,0
80,79,1.0,0,A,0
80,80,1.0,1,B,1
80,81,1.0,0,A,0
80,82,1.0,4,E,4
80,83,1.0,4,E,4
80,84,0.0,1,B,0
80,85,1.0,1,B,1
80,86,0.0,3,D,1
80,87,1.0,2,C,2
80,88,1.0,4,E,4
80,89,1.0,1,B,1
80,90,1.0,0,A,0
80,91,1.0,4,E,4
84,0,1.0,0,A,0
84,1,1.0,3,D,3
84,2,1.0,3,D,3
84,3,1.0,2,C,2
84,4,1.0,3,D,3
84,5,0.0,0,A,2
84,6,0.0,1,B,3
84,7,1.0,3,D,3
84,8,0.0,3,D,4
84,9,0.0,1,B,0
84,10,0.0,3,D,4
84,11,1.0,4,E,4
84,12,0.0,3,D,1
84,13,0.0,4,E,0
84,14,1.0,2,C,2
84,15,1.0,0,A,0
84,16,1.0,2,C,2
84,17,0.0,1,B,0
84,18,1.0,4,E,4
84,19,0.0,2,C,4
84,20,1.0,1,B,1
84,21,1.0,1,B,1
84,22,1.0,0,A,0
84,23,0.0,3,D,4
84,24,0.0,1,B,4
84,25,1.0,3,D,3
84,26,0.0,4,E,3
84,27,1.0,4,E,4
84,28,1.0,0,A,0
84,29,1.0,1,B,1
84,30,0.0,4,E,0
84,31,1.0,0,A,0
84,32,0.0,3,D,2
84,33,0.0,3,D,0
84,34,1.0,1,B,1
84,35,0.0,1,B,3
84,36,0.0,1,B,2
84,37,0.0,1,B,2
84,38,1.0,2,C,2
84,39,0.0,4,E,1
84,40,0.0,1,B,0
84,41,1.0,0,A,0
84,42,0.0,4,E,1
84,43,0.0,1,B,2
84,44,1.0,1,B,1
84,45,0.0,1,B,2
84,46,0.0,2,C,1
84,47,0.0,4,E,2
84,48,1.0,2,C,2
84,49,1.0,2,C,2
84,50,0.0,0,A,2
84,51,0.0,4,E,0
84,52,0.0,0,A,4
84,53,1.0,0,A,0
84,54,0.0,2,C,3
84,55,0.0,1,B,3
84,56,0.0,2,C,3
84,57,1.0,1,B,1
84,58,0.0,1,B,2
84,59,1.0,3,D,3
84,60,0.0,1,B,3
84,61,0.0,0,A,1
84,62,0.0,2,C,1
84,63,0.0,3,D,0
84,64,0.0,2,C,0
84,65,1.0,1,B,1
84,66,0.0,3,D,2
84,67,0.0,1,B,0
84,68,1.0,0,A,0
84,69,1.0,1,B,1
84,70,0.0,3,D,2
84,71,0.0,1,B,4
84,72,0.0,1,B,2
84,73,1.0,3,D,3
84,74,0.0,4,E,3
84,75,0.0,1,B,4
84,76,0.0,2,C,0
84,77,0.0,3,D,4
84,78,1.0,0,A,0
84,79,1.0,0,A,0
84,80,1.0,1,B,1
84,81,1.0,0,A,0
84,82,1.0,4,E,4
84,83,1.0,4,E,4
84,84,0.0,1,B,0
84,85,1.0,1,B,1
84,86,0.0,3,D,1
84,87,1.0,2,C,2
84,88,1.0,4,E,4
84,89,1.0,1,B,1
84,90,1.0,0,A,0
84,91,1.0,4,E,4
88,0,1.0,0,A,0
88,1,1.0,3,D,3
88,2,1.0,3,D,3
88,3,1.0,2,C,2
88,4,1.0,3,D,3
88,5,0.0,0,A,2
88,6,0.0,1,B,3
88,7,1.0,3,D,3
88,8,0.0,3,D,4
88,9,0.0,1,B,0
88,10,0.0,3,D,4
88,11,1.0,4,E,4
88,12,0.0,3,D,1
88,13,0.0,4,E,0
88,14,1.0,2,C,2
88,15,1.0,0,A,0
88,16,1.0,2,C,2
88,17,0.0,1,B,0
88,18,1.0,4,E,4
88,19,0.0,2,C,4
88,20,1.0,1,B,1
88,21,1.0,1,B,1
88,22,1.0,0,A,0
88,23,0.0,3,D,4
88,24,0.0,1,B,4
88,25,1.0,3,D,3
88,26,0.0,4,E,3
88,27,1.0,4,E,4
88,28,1.0,0,A,0
88,29,1.0,1,B,1
88,30,0.0,4,E,0
88,31,1.0,0,A,0
88,32,0.0,3,D,2
88,33,0.0,3,D,0
88,34,1.0,1,B,1
88,35,0.0,1,B,3
88,36,0.0,1,B,2
88,37,0.0,1,B,2
88,38,1.0,2,C,2
88,39,0.0,4,E,1
88,40,0.0,1,B,0
88,41,1.0,0,A,0
88,42,0.0,4,E,1
88,43,0.0,1,B,2
88,44,1.0,1,B,1
88,45,0.0,1,B,2
88,46,0.0,2,C,1
88,47,0.0,4,E,2
88,48,1.0,2,C,2
88,49,1.0,2,C,2
88,50,0.0,0,A,2
88,51,0.0,4,E,0
88,52,0.0,0,A,4
88,53,1.0,0,A,0
88,54,0.0,2,C,3
88,55,0.0,1,B,3
88,56,0.0,2,C,3
88,57,1.0,1,B,1
88,58,0.0,1,B,2
88,59,1.0,3,D,3
88,60,0.0,1,B,3
88,61,0.0,0,A,1
88,62,0.0,2,C,1
88,63,0.0,3,D,0
88,64,0.0,2,C,0
88,65,1.0,1,B,1
88,66,0.0,3,D,2
88,67,0.0,1,B,0
88,68,1.0,0,A,0
88,69,1.0,1,B,1
88,70,0.0,3,D,2
88,71,0.0,1,B,4
88,72,0.0,1,B,2
88,73,1.0,3,D,3
88,74,0.0,4,E,3
88,75,0.0,1,B,4
88,76,0.0,2,C,0
88,77,0.0,3,D,4
88,78,1.0,0,A,0
88,79,1.0,0,A,0
88,80,1.0,1,B,1
88,81,1.0,0,A,0
88,82,1.0,4,E,4
88,83,1.0,4,E,4
88,84,0.0,1,B,0
88,85,1.0,1,B,1
88,86,0.0,3,D,1
88,87,1.0,2,C,2
88,88,1.0,4,E,4
88,89,1.0,1,B,1
88,90,1.0,0,A,0
88,91,1.0,4,E,4
92,0,1.0,0,A,0
92,1,1.0,3,D,3
92,2,1.0,3,D,3
92,3,1.0,2,C,2
92,4,1.0,3,D,3
92,5,0.0,0,A,2
92,6,0.0,1,B,3
92,7,1.0,3,D,3
92,8,0.0,3,D,4
92,9,0.0,1,B,0
92,10,0.0,3,D,4
92,11,1.0,4,E,4
92,12,0.0,3,D,1
92,13,0.0,4,E,0
92,14,1.0,2,C,2
92,15,1.0,0,A,0
92,16,1.0,2,C,2
92,17,0.0,1,B,0
92,18,1.0,4,E,4
92,19,0.0,2,C,4
92,20,1.0,1,B,1
92,21,1.0,1,B,1
92,22,1.0,0,A,0
92,23,0.0,3,D,4
92,24,0.0,1,B,4
92,25,1.0,3,D,3
92,26,0.0,4,E,3
92,27,1.0,4,E,4
92,28,1.0,0,A,0
92,29,1.0,1,B,1
92,30,0.0,4,E,0
92,31,1.0,0,A,0
92,32,0.0,3,D,2
92,33,0.0,3,D,0
92,34,1.0,1,B,1
92,35,0.0,1,B,3
92,36,0.0,1,B,2
92,37,0.0,1,B,2
92,38,1.0,2,C,2
92,39,0.0,4,E,1
92,40,0.0,1,B,0
92,41,1.0,0,A,0
92,42,0.0,4,E,1
92,43,0.0,1,B,2
92,44,1.0,1,B,1
92,45,0.0,1,B,2
92,46,0.0,2,C,1
92,47,0.0,4,E,2
92,48,1.0,2,C,2
92,49,1.0,2,C,2
92,50,0.0,0,A,2
92,51,0.0,4,E,0
92,52,0.0,0,A,4
92,53,1.0,0,A,0
92,54,0.0,2,C,3
92,55,0.0,1,B,3
92,56,0.0,2,C,3
92,57,1.0,1,B,1
92,58,0.0,1,B,2
92,59,1.0,3,D,3
92,60,0.0,1,B,3
92,61,0.0,0,A,1
92,62,0.0,2,C,1
92,63,0.0,3,D,0
92,64,0.0,2,C,0
92,65,1.0,1,B,1
92,66,0.0,3,D,2
92,67,0.0,1,B,0
92,68,1.0,0,A,0
92,69,1.0,1,B,1
92,70,0.0,3,D,2
92,71,0.0,1,B,4
92,72,0.0,1,B,2
92,73,1.0,3,D,3
92,74,0.0,4,E,3
92,75,0.0,1,B,4
92,76,0.0,2,C,0
92,77,0.0,3,D,4
92,78,1.0,0,A,0
92,79,1.0,0,A,0
92,80,1.0,1,B,1
92,81,1.0,0,A,0
92,82,1.0,4,E,4
92,83,1.0,4,E,4
92,84,0.0,1,B,0
92,85,1.0,1,B,1
92,86,0.0,3,D,1
92,87,1.0,2,C,2
92,88,1.0,4,E,4
92,89,1.0,1,B,1
92,90,1.0,0,A,0
92,91,1.0,4,E,4
96,0,1.0,0,A,0
96,1,1.0,3,D,3
96,2,1.0,3,D,3
96,3,1.0,2,C,2
96,4,1.0,3,D,3
96,5,0.0,0,A,2
96,6,0.0,1,B,3
96,7,1.0,3,D,3
96,8,0.0,3,D,4
96,9,0.0,1,B,0
96,10,0.0,3,D,4
96,11,1.0,4,E,4
96,12,0.0,3,D,1
96,13,0.0,4,E,0
96,14,1.0,2,C,2
96,15,1.0,0,A,0
96,16,1.0,2,C,2
96,17,0.0,1,B,0
96,18,1.0,4,E,4
96,19,0.0,2,C,4
96,20,1.0,1,B,1
96,21,1.0,1,B,1
96,22,1.0,0,A,0
96,23,0.0,3,D,4
96,24,0.0,1,B,4
96,25,1.0,3,D,3
96,26,0.0,4,E,3
96,27,1.0,4,E,4
96,28,1.0,0,A,0
96,29,1.0,1,B,1
96,30,0.0,4,E,0
96,31,1.0,0,A,0
96,32,0.0,3,D,2
96,33,0.0,3,D,0
96,34,1.0,1,B,1
96,35,0.0,1,B,3
96,36,0.0,1,B,2
96,37,0.0,1,B,2
96,38,1.0,2,C,2
96,39,0.0,4,E,1
96,40,0.0,1,B,0
96,41,1.0,0,A,0
96,42,0.0,4,E,1
96,43,0.0,1,B,2
96,44,1.0,1,B,1
96,45,0.0,1,B,2
96,46,0.0,2,C,1
96,47,0.0,4,E,2
96,48,1.0,2,C,2
96,49,1.0,2,C,2
96,50,0.0,0,A,2
96,51,0.0,4,E,0
96,52,0.0,0,A,4
96,53,1.0,0,A,0
96,54,0.0,2,C,3
96,55,0.0,1,B,3
96,56,0.0,2,C,3
96,57,1.0,1,B,1
96,58,0.0,1,B,2
96,59,1.0,3,D,3
96,60,0.0,1,B,3
96,61,0.0,0,A,1
96,62,0.0,2,C,1
96,63,0.0,3,D,0
96,64,0.0,2,C,0
96,65,1.0,1,B,1
96,66,0.0,3,D,2
96,67,0.0,1,B,0
96,68,1.0,0,A,0
96,69,1.0,1,B,1
96,70,0.0,3,D,2
96,71,0.0,1,B,4
96,72,0.0,1,B,2
96,73,1.0,3,D,3
96,74,0.0,4,E,3
96,75,0.0,1,B,4
96,76,0.0,2,C,0
96,77,0.0,3,D,4
96,78,1.0,0,A,0
96,79,1.0,0,A,0
96,80,1.0,1,B,1
96,81,1.0,0,A,0
96,82,1.0,4,E,4
96,83,1.0,4,E,4
96,84,0.0,1,B,0
96,85,1.0,1,B,1
96,86,0.0,3,D,1
96,87,1.0,2,C,2
96,88,1.0,4,E,4
96,89,1.0,1,B,1
96,90,1.0,0,A,0
96,91,1.0,4,E,4
100,0,1.0,0,A,0
100,1,1.0,3,D,3
100,2,1.0,3,D,3
100,3,1.0,2,C,2
100,4,1.0,3,D,3
100,5,0.0,0,A,2
100,6,0.0,1,B,3
100,7,1.0,3,D,3
100,8,0.0,3,D,4
100,9,0.0,1,B,0
100,10,0.0,3,D,4
100,11,1.0,4,E,4
100,12,0.0,3,D,1
100,13,0.0,4,E,0
100,14,1.0,2,C,2
100,15,1.0,0,A,0
100,16,1.0,2,C,2
100,17,0.0,1,B,0
100,18,1.0,4,E,4
100,19,0.0,2,C,4
100,20,1.0,1,B,1
100,21,1.0,1,B,1
100,22,1.0,0,A,0
100,23,0.0,3,D,4
100,24,0.0,1,B,4
100,25,1.0,3,D,3
100,26,0.0,4,E,3
100,27,1.0,4,E,4
100,28,1.0,0,A,0
100,29,1.0,1,B,1
100,30,0.0,4,E,0
100,31,1.0,0,A,0
100,32,0.0,3,D,2
100,33,0.0,3,D,0
100,34,1.0,1,B,1
100,35,0.0,1,B,3
100,36,0.0,1,B,2
100,37,0.0,1,B,2
100,38,1.0,2,C,2
100,39,0.0,4,E,1
100,40,0.0,1,B,0
100,41,1.0,0,A,0
100,42,0.0,4,E,1
100,43,0.0,1,B,2
100,44,1.0,1,B,1
100,45,0.0,1,B,2
100,46,0.0,2,C,1
100,47,0.0,4,E,2
100,48,1.0,2,C,2
100,49,1.0,2,C,2
100,50,0.0,0,A,2
100,51,0.0,4,E,0
100,52,0.0,0,A,4
100,53,1.0,0,A,0
100,54,0.0,2,C,3
100,55,0.0,1,B,3
100,56,0.0,2,C,3
100,57,1.0,1,B,1
100,58,0.0,1,B,2
100,59,1.0,3,D,3
100,60,0.0,1,B,3
100,61,0.0,0,A,1
100,62,0.0,2,C,1
100,63,0.0,3,D,0
100,64,0.0,2,C,0
100,65,1.0,1,B,1
100,66,0.0,3,D,2
100,67,0.0,1,B,0
100,68,1.0,0,A,0
100,69,1.0,1,B,1
100,70,0.0,3,D,2
100,71,0.0,1,B,4
100,72,0.0,1,B,2
100,73,1.0,3,D,3
100,74,0.0,4,E,3
100,75,0.0,1,B,4
100,76,0.0,2,C,0
100,77,0.0,3,D,4
100,78,1.0,0,A,0
100,79,1.0,0,A,0
100,80,1.0,1,B,1
100,81,1.0,0,A,0
100,82,1.0,4,E,4
100,83,1.0,4,E,4
100,84,0.0,1,B,0
100,85,1.0,1,B,1
100,86,0.0,3,D,1
100,87,1.0,2,C,2
100,88,1.0,4,E,4
100,89,1.0,1,B,1
100,90,1.0,0,A,0
100,91,1.0,4,E,4
