step,probe_index,mcqa_accuracy,predicted_idx,predicted_label,correct_idx
0,0,0.0,1,B,0
0,1,0.0,4,E,0
0,2,0.0,0,A,2
0,3,1.0,2,C,2
0,4,0.0,1,B,2
0,5,0.0,1,B,4
0,6,1.0,0,A,0
0,7,0.0,3,D,0
0,8,0.0,0,A,3
0,9,0.0,0,A,2
0,10,0.0,3,D,4
0,11,1.0,4,E,4
0,12,0.0,1,B,2
0,13,0.0,1,B,0
0,14,0.0,0,A,2
0,15,0.0,1,B,3
0,16,1.0,2,C,2
0,17,1.0,2,C,2
0,18,0.0,0,A,2
0,19,0.0,1,B,4
0,20,0.0,1,B,2
0,21,0.0,2,C,3
0,22,0.0,2,C,1
0,23,0.0,1,B,3
0,24,0.0,0,A,2
0,25,0.0,1,B,0
0,26,0.0,0,A,3
0,27,0.0,1,B,0
0,28,0.0,1,B,4
0,29,0.0,0,A,4
0,30,1.0,1,B,1
0,31,0.0,1,B,3
0,32,0.0,0,A,4
0,33,1.0,3,D,3
0,34,0.0,4,E,3
0,35,0.0,0,A,3
0,36,0.0,0,A,1
0,37,0.0,1,B,2
0,38,0.0,1,B,0
0,39,0.0,0,A,4
0,40,0.0,1,B,3
0,41,0.0,2,C,0
0,42,0.0,0,A,1
0,43,1.0,1,B,1
0,44,0.0,2,C,4
0,45,0.0,2,C,3
0,46,0.0,1,B,0
0,47,1.0,3,D,3
0,48,1.0,2,C,2
0,49,0.0,2,C,4
0,50,0.0,2,C,1
0,51,0.0,1,B,3
0,52,1.0,0,A,0
0,53,0.0,1,B,3
0,54,0.0,0,A,4
0,55,0.0,1,B,0
0,56,1.0,3,D,3
0,57,0.0,3,D,1
0,58,0.0,2,C,0
0,59,1.0,1,B,1
0,60,1.0,0,A,0
0,61,0.0,0,A,1
0,62,0.0,1,B,0
0,63,1.0,1,B,1
0,64,1.0,2,C,2
0,65,0.0,0,A,4
0,66,0.0,3,D,0
0,67,0.0,1,B,2
0,68,1.0,1,B,1
0,69,1.0,0,A,0
0,70,1.0,2,C,2
0,71,0.0,1,B,3
0,72,0.0,0,A,2
0,73,1.0,2,C,2
0,74,1.0,0,A,0
0,75,0.0,1,B,3
0,76,0.0,1,B,4
0,77,0.0,0,A,2
0,78,1.0,1,B,1
0,79,0.0,0,A,3
0,80,0.0,2,C,3
0,81,0.0,1,B,3
0,82,0.0,2,C,3
0,83,1.0,3,D,3
0,84,0.0,1,B,4
0,85,0.0,0,A,2
0,86,0.0,0,A,2
0,87,0.0,1,B,2
0,88,0.0,0,A,1
0,89,0.0,0,A,2
0,90,1.0,0,A,0
0,91,0.0,1,B,4
0,92,0.0,1,B,2
0,93,0.0,2,C,3
0,94,0.0,0,A,1
0,95,1.0,1,B,1
0,96,0.0,2,C,3
0,97,0.0,0,A,1
0,98,0.0,0,A,4
0,99,0.0,1,B,0
0,100,0.0,0,A,2
0,101,0.0,1,B,3
0,102,1.0,2,C,2
0,103,0.0,4,E,0
0,104,0.0,2,C,1
0,105,0.0,3,D,4
0,106,0.0,1,B,3
0,107,0.0,0,A,3
0,108,0.0,3,D,1
0,109,0.0,0,A,2
0,110,0.0,2,C,0
0,111,0.0,2,C,4
0,112,0.0,1,B,0
0,113,1.0,1,B,1
0,114,0.0,2,C,4
0,115,0.0,4,E,0
0,116,0.0,0,A,2
0,117,0.0,2,C,1
0,118,0.0,0,A,3
0,119,0.0,2,C,4
0,120,0.0,0,A,1
0,121,0.0,0,A,1
0,122,0.0,2,C,4
0,123,0.0,0,A,3
0,124,0.0,3,D,1
0,125,0.0,3,D,0
0,126,0.0,0,A,2
0,127,0.0,1,B,4
0,128,0.0,0,A,4
0,129,0.0,1,B,4
0,130,0.0,4,E,2
0,131,0.0,0,A,2
0,132,0.0,1,B,4
0,133,0.0,0,A,3
0,134,0.0,0,A,3
0,135,0.0,0,A,2
0,136,0.0,1,B,2
0,137,0.0,1,B,2
0,138,0.0,0,A,2
0,139,0.0,0,A,2
0,140,1.0,0,A,0
0,141,0.0,0,A,4
0,142,0.0,0,A,3
0,143,0.0,0,A,3
0,144,0.0,0,A,1
0,145,1.0,0,A,0
0,146,0.0,0,A,3
0,147,0.0,1,B,3
0,148,0.0,2,C,1
0,149,1.0,2,C,2
0,150,0.0,0,A,4
0,151,0.0,1,B,4
0,152,1.0,1,B,1
0,153,0.0,1,B,0
0,154,0.0,2,C,0
0,155,0.0,0,A,2
0,156,0.0,1,B,0
0,157,0.0,0,A,3
0,158,0.0,3,D,1
0,159,1.0,1,B,1
0,160,1.0,4,E,4
0,161,0.0,1,B,2
0,162,0.0,0,A,2
0,163,0.0,1,B,4
0,164,1.0,2,C,2
0,165,0.0,2,C,1
0,166,0.0,3,D,0
0,167,0.0,2,C,4
0,168,1.0,3,D,3
0,169,1.0,0,A,0
0,170,1.0,0,A,0
0,171,0.0,3,D,0
0,172,0.0,3,D,0
0,173,0.0,0,A,3
0,174,0.0,1,B,3
0,175,0.0,4,E,0
0,176,0.0,0,A,1
0,177,1.0,1,B,1
0,178,0.0,2,C,4
0,179,0.0,0,A,4
0,180,1.0,4,E,4
0,181,1.0,1,B,1
0,182,1.0,2,C,2
0,183,0.0,2,C,0
0,184,1.0,4,E,4
0,185,0.0,3,D,2
0,186,0.0,3,D,1
0,187,0.0,2,C,1
0,188,1.0,2,C,2
0,189,1.0,1,B,1
0,190,0.0,2,C,0
0,191,1.0,0,A,0
0,192,0.0,1,B,2
0,193,0.0,1,B,4
0,194,0.0,0,A,3
0,195,0.0,0,A,2
0,196,0.0,2,C,1
0,197,0.0,2,C,1
0,198,1.0,2,C,2
0,199,0.0,0,A,4
0,200,1.0,0,A,0
0,201,0.0,3,D,2
0,202,1.0,1,B,1
0,203,0.0,3,D,2
0,204,0.0,2,C,1
0,205,0.0,4,E,2
0,206,0.0,1,B,3
0,207,0.0,0,A,4
0,208,0.0,1,B,4
0,209,0.0,1,B,4
0,210,0.0,0,A,1
0,211,1.0,1,B,1
0,212,0.0,2,C,0
0,213,0.0,1,B,2
0,214,0.0,0,A,4
0,215,0.0,0,A,2
0,216,0.0,2,C,3
0,217,0.0,0,A,2
0,218,0.0,0,A,4
0,219,0.0,2,C,3
0,220,0.0,1,B,0
0,221,1.0,3,D,3
0,222,1.0,2,C,2
0,223,1.0,0,A,0
0,224,1.0,2,C,2
0,225,0.0,3,D,4
0,226,0.0,0,A,1
0,227,0.0,0,A,3
0,228,0.0,0,A,2
0,229,0.0,0,A,2
0,230,1.0,1,B,1
0,231,0.0,0,A,2
0,232,0.0,0,A,1
0,233,0.0,3,D,4
0,234,0.0,2,C,0
0,235,0.0,4,E,1
0,236,0.0,1,B,2
0,237,0.0,3,D,0
0,238,1.0,0,A,0
0,239,0.0,0,A,1
0,240,1.0,4,E,4
0,241,0.0,0,A,1
0,242,1.0,0,A,0
0,243,1.0,4,E,4
0,244,0.0,1,B,3
0,245,1.0,3,D,3
0,246,0.0,1,B,4
0,247,0.0,1,B,0
0,248,1.0,3,D,3
0,249,0.0,1,B,0
0,250,0.0,0,A,4
0,251,0.0,0,A,2
0,252,0.0,0,A,4
0,253,0.0,3,D,1
0,254,0.0,0,A,4
0,255,0.0,3,D,0
0,256,1.0,4,E,4
0,257,0.0,1,B,4
0,258,0.0,2,C,0
0,259,1.0,1,B,1
0,260,0.0,1,B,3
0,261,1.0,2,C,2
0,262,0.0,2,C,1
0,263,0.0,4,E,0
0,264,0.0,3,D,2
0,265,0.0,3,D,1
0,266,0.0,0,A,4
0,267,0.0,2,C,3
0,268,0.0,2,C,3
0,269,0.0,3,D,4
0,270,1.0,2,C,2
0,271,0.0,4,E,3
0,272,0.0,0,A,2
0,273,0.0,3,D,1
0,274,0.0,0,A,4
0,275,0.0,0,A,2
0,276,1.0,0,A,0
0,277,0.0,0,A,3
0,278,0.0,0,A,2
0,279,1.0,0,A,0
0,280,0.0,0,A,3
0,281,0.0,1,B,3
0,282,0.0,3,D,4
0,283,0.0,2,C,0
0,284,1.0,4,E,4
0,285,0.0,2,C,3
0,286,0.0,0,A,4
0,287,0.0,2,C,4
0,288,0.0,0,A,3
0,289,1.0,2,C,2
0,290,1.0,3,D,3
0,291,0.0,1,B,3
0,292,0.0,2,C,3
0,293,0.0,3,D,2
0,294,0.0,1,B,4
0,295,0.0,0,A,3
0,296,0.0,3,D,0
0,297,0.0,1,B,4
0,298,1.0,3,D,3
0,299,0.0,0,A,1
0,300,0.0,1,B,3
0,301,1.0,0,A,0
0,302,0.0,2,C,0
4,0,0.0,1,B,0
4,1,0.0,4,E,0
4,2,0.0,0,A,2
4,3,1.0,2,C,2
4,4,0.0,1,B,2
4,5,0.0,1,B,4
4,6,1.0,0,A,0
4,7,0.0,1,B,0
4,8,0.0,0,A,3
4,9,0.0,0,A,2
4,10,1.0,4,E,4
4,11,1.0,4,E,4
4,12,0.0,1,B,2
4,13,0.0,1,B,0
4,14,0.0,0,A,2
4,15,0.0,1,B,3
4,16,1.0,2,C,2
4,17,1.0,2,C,2
4,18,0.0,0,A,2
4,19,0.0,1,B,4
4,20,0.0,1,B,2
4,21,0.0,2,C,3
4,22,0.0,2,C,1
4,23,0.0,1,B,3
4,24,0.0,0,A,2
4,25,0.0,1,B,0
4,26,0.0,0,A,3
4,27,0.0,1,B,0
4,28,0.0,1,B,4
4,29,0.0,0,A,4
4,30,1.0,1,B,1
4,31,0.0,1,B,3
4,32,0.0,0,A,4
4,33,1.0,3,D,3
4,34,0.0,4,E,3
4,35,0.0,0,A,3
4,36,0.0,0,A,1
4,37,0.0,1,B,2
4,38,0.0,1,B,0
4,39,0.0,0,A,4
4,40,0.0,1,B,3
4,41,0.0,2,C,0
4,42,0.0,0,A,1
4,43,1.0,1,B,1
4,44,0.0,2,C,4
4,45,0.0,0,A,3
4,46,0.0,1,B,0
4,47,1.0,3,D,3
4,48,1.0,2,C,2
4,49,0.0,2,C,4
4,50,0.0,2,C,1
4,51,0.0,1,B,3
4,52,1.0,0,A,0
4,53,0.0,1,B,3
4,54,0.0,0,A,4
4,55,0.0,2,C,0
4,56,1.0,3,D,3
4,57,0.0,3,D,1
4,58,0.0,2,C,0
4,59,1.0,1,B,1
4,60,1.0,0,A,0
4,61,0.0,0,A,1
4,62,0.0,1,B,0
4,63,1.0,1,B,1
4,64,1.0,2,C,2
4,65,0.0,0,A,4
4,66,0.0,3,D,0
4,67,0.0,1,B,2
4,68,1.0,1,B,1
4,69,1.0,0,A,0
4,70,1.0,2,C,2
4,71,0.0,1,B,3
4,72,0.0,0,A,2
4,73,1.0,2,C,2
4,74,1.0,0,A,0
4,75,0.0,1,B,3
4,76,0.0,1,B,4
4,77,0.0,0,A,2
4,78,1.0,1,B,1
4,79,0.0,0,A,3
4,80,0.0,2,C,3
4,81,0.0,1,B,3
4,82,0.0,2,C,3
4,83,1.0,3,D,3
4,84,0.0,1,B,4
4,85,0.0,0,A,2
4,86,0.0,0,A,2
4,87,0.0,1,B,2
4,88,0.0,0,A,1
4,89,0.0,0,A,2
4,90,1.0,0,A,0
4,91,0.0,1,B,4
4,92,0.0,1,B,2
4,93,0.0,2,C,3
4,94,0.0,0,A,1
4,95,1.0,1,B,1
4,96,0.0,2,C,3
4,97,0.0,0,A,1
4,98,0.0,0,A,4
4,99,0.0,1,B,0
4,100,0.0,0,A,2
4,101,0.0,1,B,3
4,102,1.0,2,C,2
4,103,0.0,4,E,0
4,104,0.0,2,C,1
4,105,0.0,3,D,4
4,106,0.0,1,B,3
4,107,0.0,0,A,3
4,108,0.0,3,D,1
4,109,0.0,0,A,2
4,110,0.0,2,C,0
4,111,0.0,2,C,4
4,112,0.0,1,B,0
4,113,1.0,1,B,1
4,114,0.0,2,C,4
4,115,0.0,4,E,0
4,116,0.0,0,A,2
4,117,0.0,2,C,1
4,118,0.0,0,A,3
4,119,0.0,2,C,4
4,120,0.0,0,A,1
4,121,0.0,0,A,1
4,122,0.0,2,C,4
4,123,0.0,0,A,3
4,124,0.0,3,D,1
4,125,1.0,0,A,0
4,126,0.0,0,A,2
4,127,0.0,1,B,4
4,128,0.0,0,A,4
4,129,0.0,1,B,4
4,130,0.0,4,E,2
4,131,0.0,0,A,2
4,132,0.0,1,B,4
4,133,0.0,0,A,3
4,134,0.0,0,A,3
4,135,0.0,0,A,2
4,136,0.0,1,B,2
4,137,0.0,1,B,2
4,138,0.0,0,A,2
4,139,0.0,0,A,2
4,140,1.0,0,A,0
4,141,0.0,0,A,4
4,142,0.0,0,A,3
4,143,0.0,0,A,3
4,144,0.0,0,A,1
4,145,1.0,0,A,0
4,146,0.0,0,A,3
4,147,0.0,1,B,3
4,148,0.0,2,C,1
4,149,1.0,2,C,2
4,150,0.0,0,A,4
4,151,0.0,1,B,4
4,152,1.0,1,B,1
4,153,0.0,1,B,0
4,154,0.0,2,C,0
4,155,0.0,0,A,2
4,156,0.0,1,B,0
4,157,0.0,0,A,3
4,158,0.0,3,D,1
4,159,1.0,1,B,1
4,160,1.0,4,E,4
4,161,0.0,1,B,2
4,162,0.0,0,A,2
4,163,0.0,1,B,4
4,164,1.0,2,C,2
4,165,0.0,2,C,1
4,166,0.0,3,D,0
4,167,0.0,2,C,4
4,168,1.0,3,D,3
4,169,1.0,0,A,0
4,170,1.0,0,A,0
4,171,0.0,3,D,0
4,172,0.0,3,D,0
4,173,0.0,0,A,3
4,174,0.0,1,B,3
4,175,0.0,4,E,0
4,176,0.0,0,A,1
4,177,0.0,0,A,1
4,178,0.0,2,C,4
4,179,0.0,0,A,4
4,180,1.0,4,E,4
4,181,1.0,1,B,1
4,182,1.0,2,C,2
4,183,0.0,2,C,0
4,184,1.0,4,E,4
4,185,0.0,3,D,2
4,186,0.0,3,D,1
4,187,0.0,2,C,1
4,188,1.0,2,C,2
4,189,1.0,1,B,1
4,190,0.0,2,C,0
4,191,1.0,0,A,0
4,192,0.0,1,B,2
4,193,0.0,1,B,4
4,194,0.0,0,A,3
4,195,0.0,0,A,2
4,196,0.0,2,C,1
4,197,0.0,2,C,1
4,198,1.0,2,C,2
4,199,0.0,0,A,4
4,200,1.0,0,A,0
4,201,0.0,3,D,2
4,202,1.0,1,B,1
4,203,0.0,3,D,2
4,204,0.0,2,C,1
4,205,0.0,4,E,2
4,206,0.0,1,B,3
4,207,0.0,0,A,4
4,208,0.0,1,B,4
4,209,0.0,1,B,4
4,210,0.0,0,A,1
4,211,1.0,1,B,1
4,212,0.0,2,C,0
4,213,0.0,1,B,2
4,214,0.0,0,A,4
4,215,0.0,0,A,2
4,216,0.0,2,C,3
4,217,0.0,0,A,2
4,218,0.0,0,A,4
4,219,0.0,2,C,3
4,220,0.0,1,B,0
4,221,1.0,3,D,3
4,222,1.0,2,C,2
4,223,1.0,0,A,0
4,224,1.0,2,C,2
4,225,0.0,3,D,4
4,226,0.0,0,A,1
4,227,0.0,0,A,3
4,228,0.0,0,A,2
4,229,0.0,0,A,2
4,230,1.0,1,B,1
4,231,0.0,0,A,2
4,232,0.0,0,A,1
4,233,0.0,3,D,4
4,234,0.0,2,C,0
4,235,0.0,4,E,1
4,236,0.0,1,B,2
4,237,0.0,3,D,0
4,238,1.0,0,A,0
4,239,0.0,0,A,1
4,240,1.0,4,E,4
4,241,0.0,0,A,1
4,242,1.0,0,A,0
4,243,1.0,4,E,4
4,244,0.0,1,B,3
4,245,0.0,0,A,3
4,246,0.0,1,B,4
4,247,0.0,1,B,0
4,248,1.0,3,D,3
4,249,0.0,1,B,0
4,250,0.0,0,A,4
4,251,0.0,0,A,2
4,252,0.0,0,A,4
4,253,0.0,3,D,1
4,254,0.0,0,A,4
4,255,0.0,3,D,0
4,256,1.0,4,E,4
4,257,0.0,1,B,4
4,258,0.0,2,C,0
4,259,1.0,1,B,1
4,260,0.0,1,B,3
4,261,1.0,2,C,2
4,262,0.0,2,C,1
4,263,0.0,4,E,0
4,264,0.0,0,A,2
4,265,0.0,3,D,1
4,266,0.0,0,A,4
4,267,0.0,2,C,3
4,268,0.0,2,C,3
4,269,0.0,0,A,4
4,270,1.0,2,C,2
4,271,0.0,4,E,3
4,272,0.0,0,A,2
4,273,0.0,3,D,1
4,274,0.0,0,A,4
4,275,0.0,0,A,2
4,276,1.0,0,A,0
4,277,0.0,0,A,3
4,278,0.0,0,A,2
4,279,1.0,0,A,0
4,280,0.0,0,A,3
4,281,0.0,1,B,3
4,282,0.0,0,A,4
4,283,0.0,2,C,0
4,284,1.0,4,E,4
4,285,0.0,2,C,3
4,286,0.0,0,A,4
4,287,0.0,2,C,4
4,288,0.0,0,A,3
4,289,1.0,2,C,2
4,290,1.0,3,D,3
4,291,0.0,2,C,3
4,292,0.0,2,C,3
4,293,0.0,3,D,2
4,294,0.0,1,B,4
4,295,0.0,0,A,3
4,296,0.0,3,D,0
4,297,0.0,1,B,4
4,298,1.0,3,D,3
4,299,0.0,0,A,1
4,300,0.0,1,B,3
4,301,1.0,0,A,0
4,302,0.0,2,C,0
8,0,0.0,1,B,0
8,1,0.0,3,D,0
8,2,0.0,0,A,2
8,3,1.0,2,C,2
8,4,0.0,1,B,2
8,5,0.0,1,B,4
8,6,0.0,2,C,0
8,7,0.0,1,B,0
8,8,0.0,0,A,3
8,9,0.0,0,A,2
8,10,1.0,4,E,4
8,11,1.0,4,E,4
8,12,0.0,1,B,2
8,13,0.0,1,B,0
8,14,0.0,0,A,2
8,15,0.0,1,B,3
8,16,0.0,1,B,2
8,17,1.0,2,C,2
8,18,1.0,2,C,2
8,19,0.0,1,B,4
8,20,0.0,1,B,2
8,21,0.0,2,C,3
8,22,0.0,2,C,1
8,23,0.0,1,B,3
8,24,0.0,0,A,2
8,25,0.0,4,E,0
8,26,0.0,0,A,3
8,27,0.0,1,B,0
8,28,0.0,1,B,4
8,29,0.0,0,A,4
8,30,1.0,1,B,1
8,31,0.0,1,B,3
8,32,0.0,0,A,4
8,33,1.0,3,D,3
8,34,0.0,4,E,3
8,35,0.0,4,E,3
8,36,0.0,0,A,1
8,37,0.0,1,B,2
8,38,0.0,1,B,0
8,39,0.0,0,A,4
8,40,0.0,1,B,3
8,41,0.0,2,C,0
8,42,0.0,0,A,1
8,43,1.0,1,B,1
8,44,0.0,2,C,4
8,45,0.0,2,C,3
8,46,0.0,1,B,0
8,47,1.0,3,D,3
8,48,1.0,2,C,2
8,49,0.0,2,C,4
8,50,0.0,2,C,1
8,51,0.0,1,B,3
8,52,1.0,0,A,0
8,53,0.0,1,B,3
8,54,0.0,0,A,4
8,55,0.0,1,B,0
8,56,1.0,3,D,3
8,57,0.0,3,D,1
8,58,0.0,2,C,0
8,59,1.0,1,B,1
8,60,1.0,0,A,0
8,61,1.0,1,B,1
8,62,0.0,1,B,0
8,63,1.0,1,B,1
8,64,1.0,2,C,2
8,65,0.0,0,A,4
8,66,0.0,3,D,0
8,67,0.0,1,B,2
8,68,1.0,1,B,1
8,69,1.0,0,A,0
8,70,1.0,2,C,2
8,71,0.0,1,B,3
8,72,0.0,0,A,2
8,73,0.0,4,E,2
8,74,1.0,0,A,0
8,75,0.0,1,B,3
8,76,1.0,4,E,4
8,77,0.0,0,A,2
8,78,0.0,3,D,1
8,79,0.0,0,A,3
8,80,0.0,2,C,3
8,81,0.0,1,B,3
8,82,0.0,2,C,3
8,83,1.0,3,D,3
8,84,0.0,1,B,4
8,85,0.0,0,A,2
8,86,0.0,0,A,2
8,87,0.0,0,A,2
8,88,0.0,0,A,1
8,89,1.0,2,C,2
8,90,1.0,0,A,0
8,91,0.0,1,B,4
8,92,0.0,1,B,2
8,93,0.0,2,C,3
8,94,1.0,1,B,1
8,95,1.0,1,B,1
8,96,0.0,2,C,3
8,97,0.0,0,A,1
8,98,0.0,0,A,4
8,99,0.0,1,B,0
8,100,0.0,0,A,2
8,101,0.0,1,B,3
8,102,1.0,2,C,2
8,103,0.0,4,E,0
8,104,0.0,2,C,1
8,105,0.0,3,D,4
8,106,0.0,1,B,3
8,107,0.0,0,A,3
8,108,0.0,3,D,1
8,109,0.0,0,A,2
8,110,0.0,2,C,0
8,111,0.0,2,C,4
8,112,0.0,1,B,0
8,113,1.0,1,B,1
8,114,0.0,2,C,4
8,115,0.0,4,E,0
8,116,0.0,0,A,2
8,117,0.0,2,C,1
8,118,0.0,0,A,3
8,119,0.0,2,C,4
8,120,0.0,0,A,1
8,121,0.0,0,A,1
8,122,0.0,2,C,4
8,123,0.0,0,A,3
8,124,0.0,3,D,1
8,125,0.0,3,D,0
8,126,0.0,1,B,2
8,127,0.0,1,B,4
8,128,0.0,0,A,4
8,129,0.0,1,B,4
8,130,0.0,4,E,2
8,131,0.0,0,A,2
8,132,0.0,1,B,4
8,133,0.0,0,A,3
8,134,0.0,0,A,3
8,135,0.0,0,A,2
8,136,0.0,1,B,2
8,137,0.0,1,B,2
8,138,0.0,0,A,2
8,139,0.0,0,A,2
8,140,1.0,0,A,0
8,141,0.0,0,A,4
8,142,0.0,0,A,3
8,143,0.0,0,A,3
8,144,0.0,0,A,1
8,145,1.0,0,A,0
8,146,0.0,0,A,3
8,147,0.0,1,B,3
8,148,0.0,2,C,1
8,149,1.0,2,C,2
8,150,0.0,0,A,4
8,151,0.0,1,B,4
8,152,1.0,1,B,1
8,153,0.0,1,B,0
8,154,0.0,4,E,0
8,155,0.0,0,A,2
8,156,0.0,1,B,0
8,157,0.0,0,A,3
8,158,0.0,3,D,1
8,159,0.0,0,A,1
8,160,1.0,4,E,4
8,161,0.0,1,B,2
8,162,0.0,0,A,2
8,163,0.0,1,B,4
8,164,1.0,2,C,2
8,165,0.0,2,C,1
8,166,0.0,3,D,0
8,167,0.0,2,C,4
8,168,1.0,3,D,3
8,169,0.0,4,E,0
8,170,1.0,0,A,0
8,171,0.0,3,D,0
8,172,0.0,3,D,0
8,173,0.0,1,B,3
8,174,0.0,1,B,3
8,175,0.0,4,E,0
8,176,0.0,0,A,1
8,177,1.0,1,B,1
8,178,0.0,2,C,4
8,179,0.0,0,A,4
8,180,1.0,4,E,4
8,181,1.0,1,B,1
8,182,1.0,2,C,2
8,183,0.0,2,C,0
8,184,1.0,4,E,4
8,185,0.0,3,D,2
8,186,0.0,3,D,1
8,187,0.0,2,C,1
8,188,1.0,2,C,2
8,189,1.0,1,B,1
8,190,0.0,2,C,0
8,191,1.0,0,A,0
8,192,0.0,1,B,2
8,193,0.0,1,B,4
8,194,0.0,1,B,3
8,195,0.0,0,A,2
8,196,0.0,2,C,1
8,197,0.0,2,C,1
8,198,1.0,2,C,2
8,199,0.0,0,A,4
8,200,1.0,0,A,0
8,201,0.0,3,D,2
8,202,1.0,1,B,1
8,203,0.0,3,D,2
8,204,0.0,2,C,1
8,205,0.0,4,E,2
8,206,0.0,1,B,3
8,207,0.0,0,A,4
8,208,0.0,1,B,4
8,209,0.0,1,B,4
8,210,0.0,0,A,1
8,211,1.0,1,B,1
8,212,0.0,2,C,0
8,213,0.0,1,B,2
8,214,0.0,3,D,4
8,215,0.0,0,A,2
8,216,0.0,2,C,3
8,217,0.0,0,A,2
8,218,0.0,0,A,4
8,219,0.0,2,C,3
8,220,0.0,1,B,0
8,221,1.0,3,D,3
8,222,1.0,2,C,2
8,223,1.0,0,A,0
8,224,1.0,2,C,2
8,225,0.0,3,D,4
8,226,0.0,0,A,1
8,227,0.0,0,A,3
8,228,0.0,0,A,2
8,229,0.0,0,A,2
8,230,1.0,1,B,1
8,231,0.0,0,A,2
8,232,0.0,0,A,1
8,233,0.0,3,D,4
8,234,0.0,2,C,0
8,235,0.0,4,E,1
8,236,0.0,1,B,2
8,237,0.0,3,D,0
8,238,1.0,0,A,0
8,239,0.0,0,A,1
8,240,1.0,4,E,4
8,241,0.0,0,A,1
8,242,1.0,0,A,0
8,243,0.0,0,A,4
8,244,0.0,1,B,3
8,245,0.0,0,A,3
8,246,0.0,1,B,4
8,247,0.0,1,B,0
8,248,1.0,3,D,3
8,249,0.0,1,B,0
8,250,0.0,0,A,4
8,251,0.0,0,A,2
8,252,0.0,0,A,4
8,253,0.0,3,D,1
8,254,0.0,0,A,4
8,255,0.0,3,D,0
8,256,1.0,4,E,4
8,257,0.0,1,B,4
8,258,0.0,2,C,0
8,259,1.0,1,B,1
8,260,0.0,1,B,3
8,261,1.0,2,C,2
8,262,0.0,2,C,1
8,263,0.0,4,E,0
8,264,0.0,3,D,2
8,265,0.0,3,D,1
8,266,0.0,0,A,4
8,267,0.0,2,C,3
8,268,0.0,2,C,3
8,269,0.0,0,A,4
8,270,1.0,2,C,2
8,271,0.0,4,E,3
8,272,0.0,0,A,2
8,273,0.0,3,D,1
8,274,0.0,0,A,4
8,275,0.0,0,A,2
8,276,1.0,0,A,0
8,277,0.0,0,A,3
8,278,0.0,0,A,2
8,279,1.0,0,A,0
8,280,0.0,0,A,3
8,281,0.0,1,B,3
8,282,0.0,0,A,4
8,283,0.0,2,C,0
8,284,1.0,4,E,4
8,285,0.0,2,C,3
8,286,0.0,0,A,4
8,287,0.0,2,C,4
8,288,0.0,0,A,3
8,289,1.0,2,C,2
8,290,1.0,3,D,3
8,291,0.0,4,E,3
8,292,0.0,2,C,3
8,293,0.0,4,E,2
8,294,0.0,1,B,4
8,295,0.0,0,A,3
8,296,0.0,3,D,0
8,297,0.0,1,B,4
8,298,1.0,3,D,3
8,299,0.0,0,A,1
8,300,0.0,1,B,3
8,301,0.0,1,B,0
8,302,0.0,2,C,0
12,0,0.0,1,B,0
12,1,0.0,4,E,0
12,2,0.0,0,A,2
12,3,1.0,2,C,2
12,4,0.0,0,A,2
12,5,0.0,1,B,4
12,6,1.0,0,A,0
12,7,0.0,1,B,0
12,8,0.0,0,A,3
12,9,0.0,0,A,2
12,10,1.0,4,E,4
12,11,1.0,4,E,4
12,12,0.0,1,B,2
12,13,0.0,1,B,0
12,14,0.0,0,A,2
12,15,0.0,1,B,3
12,16,0.0,1,B,2
12,17,1.0,2,C,2
12,18,1.0,2,C,2
12,19,0.0,1,B,4
12,20,0.0,3,D,2
12,21,0.0,2,C,3
12,22,0.0,2,C,1
12,23,0.0,1,B,3
12,24,0.0,0,A,2
12,25,0.0,1,B,0
12,26,0.0,0,A,3
12,27,1.0,0,A,0
12,28,0.0,1,B,4
12,29,0.0,0,A,4
12,30,0.0,4,E,1
12,31,0.0,1,B,3
12,32,0.0,0,A,4
12,33,1.0,3,D,3
12,34,0.0,4,E,3
12,35,0.0,2,C,3
12,36,0.0,0,A,1
12,37,0.0,1,B,2
12,38,1.0,0,A,0
12,39,0.0,0,A,4
12,40,0.0,1,B,3
12,41,0.0,2,C,0
12,42,0.0,0,A,1
12,43,0.0,0,A,1
12,44,0.0,2,C,4
12,45,0.0,2,C,3
12,46,0.0,1,B,0
12,47,1.0,3,D,3
12,48,1.0,2,C,2
12,49,0.0,1,B,4
12,50,0.0,2,C,1
12,51,0.0,1,B,3
12,52,1.0,0,A,0
12,53,0.0,1,B,3
12,54,0.0,0,A,4
12,55,0.0,2,C,0
12,56,1.0,3,D,3
12,57,0.0,3,D,1
12,58,0.0,2,C,0
12,59,1.0,1,B,1
12,60,1.0,0,A,0
12,61,0.0,0,A,1
12,62,0.0,1,B,0
12,63,1.0,1,B,1
12,64,1.0,2,C,2
12,65,0.0,3,D,4
12,66,0.0,3,D,0
12,67,0.0,1,B,2
12,68,1.0,1,B,1
12,69,1.0,0,A,0
12,70,0.0,0,A,2
12,71,0.0,1,B,3
12,72,0.0,0,A,2
12,73,1.0,2,C,2
12,74,1.0,0,A,0
12,75,0.0,1,B,3
12,76,0.0,1,B,4
12,77,0.0,0,A,2
12,78,0.0,3,D,1
12,79,0.0,0,A,3
12,80,0.0,2,C,3
12,81,0.0,1,B,3
12,82,0.0,2,C,3
12,83,0.0,2,C,3
12,84,0.0,1,B,4
12,85,0.0,0,A,2
12,86,0.0,0,A,2
12,87,0.0,0,A,2
12,88,0.0,0,A,1
12,89,0.0,0,A,2
12,90,1.0,0,A,0
12,91,0.0,1,B,4
12,92,0.0,1,B,2
12,93,0.0,2,C,3
12,94,0.0,0,A,1
12,95,1.0,1,B,1
12,96,0.0,2,C,3
12,97,0.0,0,A,1
12,98,0.0,0,A,4
12,99,0.0,1,B,0
12,100,1.0,2,C,2
12,101,0.0,1,B,3
12,102,0.0,1,B,2
12,103,0.0,4,E,0
12,104,0.0,2,C,1
12,105,0.0,3,D,4
12,106,0.0,1,B,3
12,107,0.0,0,A,3
12,108,0.0,3,D,1
12,109,0.0,1,B,2
12,110,0.0,2,C,0
12,111,0.0,2,C,4
12,112,0.0,1,B,0
12,113,1.0,1,B,1
12,114,0.0,2,C,4
12,115,0.0,4,E,0
12,116,0.0,4,E,2
12,117,0.0,2,C,1
12,118,0.0,0,A,3
12,119,0.0,2,C,4
12,120,0.0,2,C,1
12,121,0.0,0,A,1
12,122,0.0,2,C,4
12,123,0.0,0,A,3
12,124,0.0,3,D,1
12,125,1.0,0,A,0
12,126,0.0,0,A,2
12,127,0.0,1,B,4
12,128,0.0,0,A,4
12,129,0.0,1,B,4
12,130,0.0,4,E,2
12,131,0.0,0,A,2
12,132,0.0,0,A,4
12,133,0.0,0,A,3
12,134,0.0,0,A,3
12,135,1.0,2,C,2
12,136,0.0,1,B,2
12,137,0.0,1,B,2
12,138,0.0,0,A,2
12,139,0.0,0,A,2
12,140,1.0,0,A,0
12,141,0.0,0,A,4
12,142,0.0,0,A,3
12,143,0.0,0,A,3
12,144,0.0,0,A,1
12,145,1.0,0,A,0
12,146,0.0,0,A,3
12,147,0.0,0,A,3
12,148,0.0,2,C,1
12,149,1.0,2,C,2
12,150,0.0,0,A,4
12,151,0.0,1,B,4
12,152,1.0,1,B,1
12,153,0.0,1,B,0
12,154,0.0,4,E,0
12,155,0.0,0,A,2
12,156,0.0,1,B,0
12,157,0.0,0,A,3
12,158,0.0,3,D,1
12,159,0.0,0,A,1
12,160,1.0,4,E,4
12,161,0.0,1,B,2
12,162,0.0,0,A,2
12,163,0.0,1,B,4
12,164,0.0,0,A,2
12,165,0.0,2,C,1
12,166,1.0,0,A,0
12,167,0.0,0,A,4
12,168,1.0,3,D,3
12,169,0.0,4,E,0
12,170,1.0,0,A,0
12,171,0.0,3,D,0
12,172,0.0,3,D,0
12,173,0.0,0,A,3
12,174,0.0,1,B,3
12,175,0.0,4,E,0
12,176,0.0,0,A,1
12,177,0.0,0,A,1
12,178,0.0,2,C,4
12,179,0.0,0,A,4
12,180,1.0,4,E,4
12,181,1.0,1,B,1
12,182,1.0,2,C,2
12,183,0.0,4,E,0
12,184,1.0,4,E,4
12,185,0.0,3,D,2
12,186,0.0,3,D,1
12,187,0.0,2,C,1
12,188,1.0,2,C,2
12,189,0.0,2,C,1
12,190,0.0,2,C,0
12,191,1.0,0,A,0
12,192,0.0,1,B,2
12,193,0.0,2,C,4
12,194,0.0,1,B,3
12,195,0.0,0,A,2
12,196,0.0,2,C,1
12,197,0.0,2,C,1
12,198,1.0,2,C,2
12,199,0.0,2,C,4
12,200,1.0,0,A,0
12,201,0.0,3,D,2
12,202,0.0,2,C,1
12,203,0.0,3,D,2
12,204,0.0,2,C,1
12,205,0.0,4,E,2
12,206,0.0,1,B,3
12,207,0.0,0,A,4
12,208,0.0,0,A,4
12,209,0.0,1,B,4
12,210,0.0,0,A,1
12,211,0.0,3,D,1
12,212,1.0,0,A,0
12,213,0.0,3,D,2
12,214,0.0,0,A,4
12,215,1.0,2,C,2
12,216,0.0,2,C,3
12,217,0.0,0,A,2
12,218,0.0,0,A,4
12,219,0.0,2,C,3
12,220,0.0,2,C,0
12,221,0.0,2,C,3
12,222,0.0,1,B,2
12,223,1.0,0,A,0
12,224,1.0,2,C,2
12,225,0.0,3,D,4
12,226,0.0,0,A,1
12,227,0.0,2,C,3
12,228,0.0,1,B,2
12,229,0.0,0,A,2
12,230,1.0,1,B,1
12,231,0.0,0,A,2
12,232,0.0,0,A,1
12,233,0.0,3,D,4
12,234,0.0,2,C,0
12,235,0.0,4,E,1
12,236,0.0,1,B,2
12,237,0.0,3,D,0
12,238,1.0,0,A,0
12,239,0.0,0,A,1
12,240,1.0,4,E,4
12,241,0.0,0,A,1
12,242,1.0,0,A,0
12,243,1.0,4,E,4
12,244,0.0,1,B,3
12,245,0.0,0,A,3
12,246,0.0,1,B,4
12,247,0.0,1,B,0
12,248,1.0,3,D,3
12,249,0.0,1,B,0
12,250,0.0,0,A,4
12,251,0.0,0,A,2
12,252,0.0,0,A,4
12,253,0.0,3,D,1
12,254,0.0,0,A,4
12,255,0.0,1,B,0
12,256,1.0,4,E,4
12,257,0.0,1,B,4
12,258,0.0,2,C,0
12,259,1.0,1,B,1
12,260,0.0,1,B,3
12,261,1.0,2,C,2
12,262,0.0,2,C,1
12,263,0.0,1,B,0
12,264,0.0,0,A,2
12,265,0.0,3,D,1
12,266,0.0,0,A,4
12,267,0.0,2,C,3
12,268,0.0,2,C,3
12,269,0.0,0,A,4
12,270,1.0,2,C,2
12,271,0.0,4,E,3
12,272,0.0,0,A,2
12,273,0.0,3,D,1
12,274,0.0,2,C,4
12,275,0.0,0,A,2
12,276,1.0,0,A,0
12,277,0.0,0,A,3
12,278,0.0,0,A,2
12,279,1.0,0,A,0
12,280,0.0,0,A,3
12,281,0.0,1,B,3
12,282,0.0,0,A,4
12,283,0.0,2,C,0
12,284,1.0,4,E,4
12,285,0.0,2,C,3
12,286,0.0,0,A,4
12,287,0.0,2,C,4
12,288,0.0,0,A,3
12,289,0.0,1,B,2
12,290,1.0,3,D,3
12,291,0.0,1,B,3
12,292,0.0,2,C,3
12,293,0.0,4,E,2
12,294,0.0,2,C,4
12,295,0.0,0,A,3
12,296,0.0,2,C,0
12,297,0.0,1,B,4
12,298,1.0,3,D,3
12,299,0.0,0,A,1
12,300,0.0,1,B,3
12,301,0.0,1,B,0
12,302,0.0,2,C,0
16,0,0.0,1,B,0
16,1,0.0,4,E,0
16,2,0.0,0,A,2
16,3,0.0,4,E,2
16,4,0.0,0,A,2
16,5,0.0,1,B,4
16,6,1.0,0,A,0
16,7,0.0,1,B,0
16,8,0.0,0,A,3
16,9,0.0,0,A,2
16,10,1.0,4,E,4
16,11,1.0,4,E,4
16,12,0.0,1,B,2
16,13,0.0,1,B,0
16,14,0.0,0,A,2
16,15,0.0,1,B,3
16,16,0.0,1,B,2
16,17,1.0,2,C,2
16,18,1.0,2,C,2
16,19,0.0,1,B,4
16,20,0.0,3,D,2
16,21,0.0,2,C,3
16,22,0.0,2,C,1
16,23,0.0,1,B,3
16,24,0.0,0,A,2
16,25,0.0,4,E,0
16,26,0.0,0,A,3
16,27,1.0,0,A,0
16,28,0.0,1,B,4
16,29,0.0,0,A,4
16,30,0.0,4,E,1
16,31,0.0,1,B,3
16,32,0.0,0,A,4
16,33,1.0,3,D,3
16,34,0.0,4,E,3
16,35,0.0,2,C,3
16,36,0.0,0,A,1
16,37,0.0,1,B,2
16,38,1.0,0,A,0
16,39,0.0,3,D,4
16,40,0.0,1,B,3
16,41,0.0,2,C,0
16,42,0.0,0,A,1
16,43,1.0,1,B,1
16,44,0.0,2,C,4
16,45,0.0,2,C,3
16,46,0.0,1,B,0
16,47,0.0,0,A,3
16,48,1.0,2,C,2
16,49,0.0,1,B,4
16,50,0.0,2,C,1
16,51,0.0,1,B,3
16,52,1.0,0,A,0
16,53,0.0,1,B,3
16,54,0.0,0,A,4
16,55,0.0,2,C,0
16,56,1.0,3,D,3
16,57,0.0,3,D,1
16,58,0.0,2,C,0
16,59,1.0,1,B,1
16,60,1.0,0,A,0
16,61,0.0,0,A,1
16,62,1.0,0,A,0
16,63,1.0,1,B,1
16,64,1.0,2,C,2
16,65,0.0,3,D,4
16,66,0.0,3,D,0
16,67,0.0,1,B,2
16,68,1.0,1,B,1
16,69,1.0,0,A,0
16,70,0.0,0,A,2
16,71,0.0,1,B,3
16,72,0.0,0,A,2
16,73,1.0,2,C,2
16,74,1.0,0,A,0
16,75,0.0,1,B,3
16,76,1.0,4,E,4
16,77,0.0,0,A,2
16,78,0.0,3,D,1
16,79,0.0,2,C,3
16,80,0.0,2,C,3
16,81,0.0,1,B,3
16,82,0.0,2,C,3
16,83,0.0,4,E,3
16,84,0.0,1,B,4
16,85,0.0,0,A,2
16,86,0.0,0,A,2
16,87,0.0,0,A,2
16,88,0.0,0,A,1
16,89,0.0,4,E,2
16,90,0.0,1,B,0
16,91,0.0,1,B,4
16,92,0.0,1,B,2
16,93,0.0,2,C,3
16,94,0.0,0,A,1
16,95,1.0,1,B,1
16,96,0.0,2,C,3
16,97,0.0,0,A,1
16,98,0.0,0,A,4
16,99,0.0,1,B,0
16,100,1.0,2,C,2
16,101,0.0,1,B,3
16,102,0.0,0,A,2
16,103,0.0,4,E,0
16,104,0.0,2,C,1
16,105,0.0,3,D,4
16,106,0.0,1,B,3
16,107,0.0,1,B,3
16,108,0.0,3,D,1
16,109,1.0,2,C,2
16,110,0.0,2,C,0
16,111,0.0,2,C,4
16,112,0.0,1,B,0
16,113,1.0,1,B,1
16,114,0.0,2,C,4
16,115,0.0,4,E,0
16,116,0.0,4,E,2
16,117,0.0,2,C,1
16,118,0.0,0,A,3
16,119,0.0,2,C,4
16,120,0.0,2,C,1
16,121,0.0,0,A,1
16,122,0.0,2,C,4
16,123,0.0,0,A,3
16,124,0.0,3,D,1
16,125,1.0,0,A,0
16,126,1.0,2,C,2
16,127,0.0,1,B,4
16,128,0.0,0,A,4
16,129,0.0,2,C,4
16,130,0.0,4,E,2
16,131,0.0,0,A,2
16,132,0.0,2,C,4
16,133,0.0,0,A,3
16,134,0.0,0,A,3
16,135,1.0,2,C,2
16,136,1.0,2,C,2
16,137,0.0,1,B,2
16,138,0.0,0,A,2
16,139,0.0,0,A,2
16,140,1.0,0,A,0
16,141,0.0,0,A,4
16,142,0.0,0,A,3
16,143,0.0,0,A,3
16,144,0.0,0,A,1
16,145,1.0,0,A,0
16,146,0.0,0,A,3
16,147,0.0,0,A,3
16,148,0.0,2,C,1
16,149,1.0,2,C,2
16,150,0.0,0,A,4
16,151,0.0,1,B,4
16,152,1.0,1,B,1
16,153,0.0,1,B,0
16,154,0.0,4,E,0
16,155,0.0,0,A,2
16,156,0.0,1,B,0
16,157,0.0,0,A,3
16,158,0.0,3,D,1
16,159,0.0,0,A,1
16,160,1.0,4,E,4
16,161,0.0,1,B,2
16,162,0.0,0,A,2
16,163,0.0,1,B,4
16,164,1.0,2,C,2
16,165,1.0,1,B,1
16,166,1.0,0,A,0
16,167,0.0,2,C,4
16,168,1.0,3,D,3
16,169,0.0,4,E,0
16,170,1.0,0,A,0
16,171,0.0,3,D,0
16,172,0.0,3,D,0
16,173,0.0,0,A,3
16,174,0.0,1,B,3
16,175,0.0,4,E,0
16,176,0.0,0,A,1
16,177,0.0,2,C,1
16,178,0.0,2,C,4
16,179,0.0,0,A,4
16,180,1.0,4,E,4
16,181,1.0,1,B,1
16,182,1.0,2,C,2
16,183,0.0,4,E,0
16,184,1.0,4,E,4
16,185,0.0,3,D,2
16,186,0.0,3,D,1
16,187,0.0,2,C,1
16,188,1.0,2,C,2
16,189,0.0,2,C,1
16,190,0.0,2,C,0
16,191,1.0,0,A,0
16,192,0.0,1,B,2
16,193,0.0,2,C,4
16,194,0.0,1,B,3
16,195,0.0,0,A,2
16,196,0.0,2,C,1
16,197,0.0,2,C,1
16,198,1.0,2,C,2
16,199,0.0,2,C,4
16,200,1.0,0,A,0
16,201,0.0,3,D,2
16,202,0.0,2,C,1
16,203,0.0,3,D,2
16,204,0.0,2,C,1
16,205,0.0,4,E,2
16,206,0.0,1,B,3
16,207,0.0,0,A,4
16,208,0.0,0,A,4
16,209,0.0,3,D,4
16,210,0.0,0,A,1
16,211,0.0,3,D,1
16,212,1.0,0,A,0
16,213,0.0,3,D,2
16,214,0.0,0,A,4
16,215,1.0,2,C,2
16,216,0.0,2,C,3
16,217,0.0,0,A,2
16,218,0.0,0,A,4
16,219,0.0,2,C,3
16,220,0.0,2,C,0
16,221,0.0,2,C,3
16,222,1.0,2,C,2
16,223,1.0,0,A,0
16,224,1.0,2,C,2
16,225,0.0,3,D,4
16,226,0.0,0,A,1
16,227,0.0,2,C,3
16,228,0.0,0,A,2
16,229,0.0,0,A,2
16,230,1.0,1,B,1
16,231,0.0,0,A,2
16,232,0.0,0,A,1
16,233,0.0,3,D,4
16,234,0.0,2,C,0
16,235,0.0,4,E,1
16,236,0.0,1,B,2
16,237,0.0,3,D,0
16,238,1.0,0,A,0
16,239,0.0,0,A,1
16,240,1.0,4,E,4
16,241,1.0,1,B,1
16,242,1.0,0,A,0
16,243,1.0,4,E,4
16,244,0.0,1,B,3
16,245,0.0,0,A,3
16,246,0.0,1,B,4
16,247,0.0,1,B,0
16,248,1.0,3,D,3
16,249,0.0,1,B,0
16,250,0.0,0,A,4
16,251,0.0,0,A,2
16,252,0.0,0,A,4
16,253,0.0,3,D,1
16,254,0.0,0,A,4
16,255,0.0,1,B,0
16,256,1.0,4,E,4
16,257,0.0,1,B,4
16,258,0.0,2,C,0
16,259,1.0,1,B,1
16,260,0.0,1,B,3
16,261,1.0,2,C,2
16,262,0.0,2,C,1
16,263,0.0,1,B,0
16,264,0.0,0,A,2
16,265,0.0,3,D,1
16,266,0.0,0,A,4
16,267,0.0,2,C,3
16,268,0.0,2,C,3
16,269,0.0,0,A,4
16,270,1.0,2,C,2
16,271,0.0,4,E,3
16,272,0.0,0,A,2
16,273,0.0,3,D,1
16,274,0.0,2,C,4
16,275,0.0,0,A,2
16,276,1.0,0,A,0
16,277,0.0,4,E,3
16,278,0.0,0,A,2
16,279,1.0,0,A,0
16,280,0.0,0,A,3
16,281,0.0,1,B,3
16,282,0.0,0,A,4
16,283,0.0,2,C,0
16,284,1.0,4,E,4
16,285,0.0,4,E,3
16,286,0.0,0,A,4
16,287,0.0,0,A,4
16,288,0.0,0,A,3
16,289,0.0,1,B,2
16,290,1.0,3,D,3
16,291,0.0,1,B,3
16,292,0.0,2,C,3
16,293,0.0,3,D,2
16,294,0.0,2,C,4
16,295,0.0,0,A,3
16,296,0.0,2,C,0
16,297,0.0,1,B,4
16,298,1.0,3,D,3
16,299,0.0,0,A,1
16,300,0.0,4,E,3
16,301,0.0,1,B,0
16,302,0.0,2,C,0
20,0,0.0,1,B,0
20,1,0.0,4,E,0
20,2,0.0,0,A,2
20,3,0.0,4,E,2
20,4,0.0,0,A,2
20,5,0.0,1,B,4
20,6,1.0,0,A,0
20,7,0.0,1,B,0
20,8,0.0,0,A,3
20,9,0.0,0,A,2
20,10,1.0,4,E,4
20,11,1.0,4,E,4
20,12,0.0,1,B,2
20,13,0.0,1,B,0
20,14,0.0,0,A,2
20,15,0.0,1,B,3
20,16,1.0,2,C,2
20,17,1.0,2,C,2
20,18,1.0,2,C,2
20,19,0.0,1,B,4
20,20,0.0,3,D,2
20,21,0.0,2,C,3
20,22,0.0,2,C,1
20,23,0.0,1,B,3
20,24,0.0,0,A,2
20,25,0.0,4,E,0
20,26,0.0,0,A,3
20,27,1.0,0,A,0
20,28,0.0,1,B,4
20,29,0.0,0,A,4
20,30,0.0,4,E,1
20,31,0.0,1,B,3
20,32,0.0,0,A,4
20,33,1.0,3,D,3
20,34,0.0,4,E,3
20,35,0.0,2,C,3
20,36,0.0,0,A,1
20,37,0.0,1,B,2
20,38,0.0,1,B,0
20,39,0.0,3,D,4
20,40,0.0,1,B,3
20,41,0.0,2,C,0
20,42,0.0,0,A,1
20,43,1.0,1,B,1
20,44,0.0,2,C,4
20,45,0.0,2,C,3
20,46,0.0,1,B,0
20,47,1.0,3,D,3
20,48,1.0,2,C,2
20,49,0.0,1,B,4
20,50,0.0,2,C,1
20,51,0.0,1,B,3
20,52,1.0,0,A,0
20,53,0.0,1,B,3
20,54,0.0,0,A,4
20,55,0.0,2,C,0
20,56,0.0,0,A,3
20,57,0.0,3,D,1
20,58,0.0,2,C,0
20,59,1.0,1,B,1
20,60,1.0,0,A,0
20,61,0.0,0,A,1
20,62,0.0,1,B,0
20,63,1.0,1,B,1
20,64,1.0,2,C,2
20,65,0.0,3,D,4
20,66,0.0,3,D,0
20,67,0.0,1,B,2
20,68,1.0,1,B,1
20,69,1.0,0,A,0
20,70,0.0,0,A,2
20,71,0.0,1,B,3
20,72,0.0,0,A,2
20,73,1.0,2,C,2
20,74,1.0,0,A,0
20,75,0.0,1,B,3
20,76,1.0,4,E,4
20,77,0.0,0,A,2
20,78,0.0,3,D,1
20,79,0.0,2,C,3
20,80,0.0,2,C,3
20,81,0.0,1,B,3
20,82,0.0,2,C,3
20,83,0.0,4,E,3
20,84,0.0,1,B,4
20,85,0.0,0,A,2
20,86,0.0,0,A,2
20,87,0.0,0,A,2
20,88,0.0,0,A,1
20,89,0.0,4,E,2
20,90,0.0,1,B,0
20,91,0.0,1,B,4
20,92,0.0,1,B,2
20,93,0.0,2,C,3
20,94,0.0,0,A,1
20,95,1.0,1,B,1
20,96,0.0,2,C,3
20,97,0.0,0,A,1
20,98,0.0,0,A,4
20,99,0.0,1,B,0
20,100,1.0,2,C,2
20,101,0.0,1,B,3
20,102,0.0,1,B,2
20,103,0.0,4,E,0
20,104,0.0,2,C,1
20,105,0.0,3,D,4
20,106,0.0,1,B,3
20,107,0.0,1,B,3
20,108,0.0,3,D,1
20,109,0.0,3,D,2
20,110,0.0,2,C,0
20,111,0.0,2,C,4
20,112,0.0,1,B,0
20,113,1.0,1,B,1
20,114,0.0,2,C,4
20,115,0.0,4,E,0
20,116,0.0,4,E,2
20,117,0.0,2,C,1
20,118,0.0,0,A,3
20,119,0.0,2,C,4
20,120,0.0,2,C,1
20,121,0.0,0,A,1
20,122,0.0,2,C,4
20,123,0.0,4,E,3
20,124,0.0,3,D,1
20,125,1.0,0,A,0
20,126,1.0,2,C,2
20,127,0.0,1,B,4
20,128,0.0,0,A,4
20,129,0.0,2,C,4
20,130,0.0,3,D,2
20,131,0.0,0,A,2
20,132,0.0,2,C,4
20,133,0.0,0,A,3
20,134,0.0,0,A,3
20,135,0.0,0,A,2
20,136,1.0,2,C,2
20,137,0.0,1,B,2
20,138,0.0,0,A,2
20,139,0.0,0,A,2
20,140,1.0,0,A,0
20,141,0.0,0,A,4
20,142,0.0,1,B,3
20,143,0.0,0,A,3
20,144,0.0,0,A,1
20,145,0.0,3,D,0
20,146,0.0,0,A,3
20,147,0.0,0,A,3
20,148,0.0,2,C,1
20,149,1.0,2,C,2
20,150,0.0,0,A,4
20,151,0.0,1,B,4
20,152,1.0,1,B,1
20,153,0.0,1,B,0
20,154,0.0,4,E,0
20,155,0.0,0,A,2
20,156,0.0,1,B,0
20,157,0.0,0,A,3
20,158,0.0,3,D,1
20,159,0.0,0,A,1
20,160,1.0,4,E,4
20,161,1.0,2,C,2
20,162,0.0,0,A,2
20,163,0.0,1,B,4
20,164,0.0,0,A,2
20,165,1.0,1,B,1
20,166,1.0,0,A,0
20,167,0.0,2,C,4
20,168,1.0,3,D,3
20,169,0.0,4,E,0
20,170,1.0,0,A,0
20,171,0.0,3,D,0
20,172,0.0,3,D,0
20,173,0.0,0,A,3
20,174,0.0,1,B,3
20,175,0.0,4,E,0
20,176,0.0,0,A,1
20,177,0.0,2,C,1
20,178,0.0,2,C,4
20,179,0.0,0,A,4
20,180,1.0,4,E,4
20,181,1.0,1,B,1
20,182,1.0,2,C,2
20,183,0.0,4,E,0
20,184,1.0,4,E,4
20,185,0.0,3,D,2
20,186,0.0,3,D,1
20,187,0.0,2,C,1
20,188,1.0,2,C,2
20,189,0.0,2,C,1
20,190,0.0,2,C,0
20,191,1.0,0,A,0
20,192,0.0,1,B,2
20,193,0.0,2,C,4
20,194,0.0,1,B,3
20,195,0.0,0,A,2
20,196,0.0,2,C,1
20,197,1.0,1,B,1
20,198,1.0,2,C,2
20,199,0.0,2,C,4
20,200,1.0,0,A,0
20,201,0.0,3,D,2
20,202,0.0,2,C,1
20,203,0.0,3,D,2
20,204,0.0,2,C,1
20,205,0.0,4,E,2
20,206,0.0,1,B,3
20,207,0.0,0,A,4
20,208,0.0,0,A,4
20,209,0.0,3,D,4
20,210,0.0,0,A,1
20,211,0.0,3,D,1
20,212,0.0,2,C,0
20,213,0.0,3,D,2
20,214,0.0,0,A,4
20,215,1.0,2,C,2
20,216,0.0,2,C,3
20,217,0.0,0,A,2
20,218,0.0,0,A,4
20,219,0.0,2,C,3
20,220,1.0,0,A,0
20,221,0.0,2,C,3
20,222,0.0,1,B,2
20,223,1.0,0,A,0
20,224,1.0,2,C,2
20,225,0.0,3,D,4
20,226,0.0,2,C,1
20,227,0.0,1,B,3
20,228,0.0,0,A,2
20,229,0.0,0,A,2
20,230,1.0,1,B,1
20,231,0.0,0,A,2
20,232,0.0,0,A,1
20,233,0.0,3,D,4
20,234,0.0,2,C,0
20,235,0.0,4,E,1
20,236,0.0,1,B,2
20,237,0.0,3,D,0
20,238,1.0,0,A,0
20,239,0.0,0,A,1
20,240,1.0,4,E,4
20,241,1.0,1,B,1
20,242,1.0,0,A,0
20,243,1.0,4,E,4
20,244,0.0,1,B,3
20,245,0.0,0,A,3
20,246,0.0,1,B,4
20,247,1.0,0,A,0
20,248,1.0,3,D,3
20,249,0.0,1,B,0
20,250,0.0,0,A,4
20,251,0.0,0,A,2
20,252,0.0,0,A,4
20,253,0.0,4,E,1
20,254,0.0,0,A,4
20,255,0.0,1,B,0
20,256,1.0,4,E,4
20,257,0.0,1,B,4
20,258,0.0,2,C,0
20,259,1.0,1,B,1
20,260,0.0,1,B,3
20,261,1.0,2,C,2
20,262,0.0,2,C,1
20,263,0.0,1,B,0
20,264,0.0,1,B,2
20,265,0.0,3,D,1
20,266,0.0,0,A,4
20,267,0.0,2,C,3
20,268,0.0,2,C,3
20,269,0.0,3,D,4
20,270,0.0,3,D,2
20,271,0.0,4,E,3
20,272,0.0,0,A,2
20,273,0.0,3,D,1
20,274,0.0,2,C,4
20,275,0.0,0,A,2
20,276,1.0,0,A,0
20,277,0.0,0,A,3
20,278,0.0,0,A,2
20,279,1.0,0,A,0
20,280,0.0,0,A,3
20,281,0.0,1,B,3
20,282,0.0,0,A,4
20,283,0.0,2,C,0
20,284,1.0,4,E,4
20,285,0.0,4,E,3
20,286,0.0,0,A,4
20,287,0.0,0,A,4
20,288,0.0,0,A,3
20,289,0.0,1,B,2
20,290,1.0,3,D,3
20,291,0.0,1,B,3
20,292,0.0,2,C,3
20,293,0.0,3,D,2
20,294,0.0,2,C,4
20,295,0.0,0,A,3
20,296,0.0,2,C,0
20,297,0.0,1,B,4
20,298,1.0,3,D,3
20,299,0.0,0,A,1
20,300,0.0,4,E,3
20,301,0.0,1,B,0
20,302,0.0,2,C,0
24,0,0.0,1,B,0
24,1,0.0,3,D,0
24,2,0.0,0,A,2
24,3,0.0,4,E,2
24,4,0.0,0,A,2
24,5,0.0,1,B,4
24,6,0.0,2,C,0
24,7,0.0,1,B,0
24,8,0.0,0,A,3
24,9,0.0,0,A,2
24,10,1.0,4,E,4
24,11,1.0,4,E,4
24,12,0.0,1,B,2
24,13,0.0,1,B,0
24,14,0.0,0,A,2
24,15,0.0,1,B,3
24,16,1.0,2,C,2
24,17,1.0,2,C,2
24,18,1.0,2,C,2
24,19,0.0,1,B,4
24,20,0.0,3,D,2
24,21,0.0,2,C,3
24,22,0.0,2,C,1
24,23,0.0,2,C,3
24,24,0.0,0,A,2
24,25,0.0,4,E,0
24,26,0.0,0,A,3
24,27,0.0,1,B,0
24,28,0.0,1,B,4
24,29,0.0,0,A,4
24,30,0.0,4,E,1
24,31,0.0,1,B,3
24,32,0.0,0,A,4
24,33,1.0,3,D,3
24,34,0.0,4,E,3
24,35,0.0,2,C,3
24,36,0.0,0,A,1
24,37,0.0,1,B,2
24,38,0.0,1,B,0
24,39,0.0,3,D,4
24,40,0.0,1,B,3
24,41,0.0,2,C,0
24,42,0.0,0,A,1
24,43,1.0,1,B,1
24,44,0.0,2,C,4
24,45,0.0,2,C,3
24,46,0.0,1,B,0
24,47,1.0,3,D,3
24,48,1.0,2,C,2
24,49,0.0,1,B,4
24,50,0.0,4,E,1
24,51,0.0,1,B,3
24,52,1.0,0,A,0
24,53,0.0,1,B,3
24,54,0.0,0,A,4
24,55,0.0,2,C,0
24,56,0.0,0,A,3
24,57,0.0,3,D,1
24,58,0.0,2,C,0
24,59,1.0,1,B,1
24,60,1.0,0,A,0
24,61,0.0,0,A,1
24,62,0.0,1,B,0
24,63,1.0,1,B,1
24,64,1.0,2,C,2
24,65,1.0,4,E,4
24,66,0.0,3,D,0
24,67,0.0,1,B,2
24,68,1.0,1,B,1
24,69,1.0,0,A,0
24,70,0.0,0,A,2
24,71,0.0,1,B,3
24,72,0.0,0,A,2
24,73,1.0,2,C,2
24,74,1.0,0,A,0
24,75,0.0,1,B,3
24,76,1.0,4,E,4
24,77,0.0,0,A,2
24,78,0.0,3,D,1
24,79,0.0,2,C,3
24,80,0.0,2,C,3
24,81,0.0,1,B,3
24,82,0.0,2,C,3
24,83,0.0,4,E,3
24,84,0.0,1,B,4
24,85,0.0,0,A,2
24,86,0.0,0,A,2
24,87,0.0,0,A,2
24,88,0.0,0,A,1
24,89,0.0,4,E,2
24,90,1.0,0,A,0
24,91,0.0,1,B,4
24,92,0.0,1,B,2
24,93,0.0,2,C,3
24,94,0.0,0,A,1
24,95,1.0,1,B,1
24,96,0.0,2,C,3
24,97,0.0,0,A,1
24,98,0.0,0,A,4
24,99,0.0,1,B,0
24,100,0.0,0,A,2
24,101,0.0,1,B,3
24,102,0.0,1,B,2
24,103,0.0,4,E,0
24,104,0.0,2,C,1
24,105,0.0,3,D,4
24,106,0.0,1,B,3
24,107,0.0,1,B,3
24,108,0.0,3,D,1
24,109,0.0,1,B,2
24,110,0.0,2,C,0
24,111,0.0,2,C,4
24,112,0.0,1,B,0
24,113,1.0,1,B,1
24,114,0.0,2,C,4
24,115,0.0,4,E,0
24,116,0.0,4,E,2
24,117,0.0,2,C,1
24,118,0.0,0,A,3
24,119,0.0,2,C,4
24,120,0.0,2,C,1
24,121,0.0,0,A,1
24,122,0.0,2,C,4
24,123,0.0,4,E,3
24,124,0.0,3,D,1
24,125,1.0,0,A,0
24,126,0.0,1,B,2
24,127,0.0,1,B,4
24,128,0.0,0,A,4
24,129,0.0,2,C,4
24,130,0.0,4,E,2
24,131,0.0,0,A,2
24,132,0.0,1,B,4
24,133,0.0,1,B,3
24,134,0.0,0,A,3
24,135,0.0,3,D,2
24,136,0.0,1,B,2
24,137,0.0,1,B,2
24,138,0.0,0,A,2
24,139,0.0,0,A,2
24,140,1.0,0,A,0
24,141,0.0,0,A,4
24,142,0.0,1,B,3
24,143,0.0,0,A,3
24,144,0.0,0,A,1
24,145,0.0,3,D,0
24,146,0.0,0,A,3
24,147,0.0,0,A,3
24,148,0.0,2,C,1
24,149,1.0,2,C,2
24,150,0.0,0,A,4
24,151,0.0,1,B,4
24,152,1.0,1,B,1
24,153,0.0,1,B,0
24,154,0.0,4,E,0
24,155,0.0,0,A,2
24,156,0.0,1,B,0
24,157,0.0,0,A,3
24,158,0.0,3,D,1
24,159,0.0,0,A,1
24,160,1.0,4,E,4
24,161,0.0,1,B,2
24,162,0.0,0,A,2
24,163,0.0,1,B,4
24,164,1.0,2,C,2
24,165,0.0,0,A,1
24,166,0.0,2,C,0
24,167,0.0,2,C,4
24,168,1.0,3,D,3
24,169,0.0,2,C,0
24,170,1.0,0,A,0
24,171,0.0,3,D,0
24,172,0.0,3,D,0
24,173,0.0,1,B,3
24,174,0.0,1,B,3
24,175,0.0,4,E,0
24,176,0.0,0,A,1
24,177,0.0,2,C,1
24,178,0.0,2,C,4
24,179,0.0,0,A,4
24,180,1.0,4,E,4
24,181,1.0,1,B,1
24,182,1.0,2,C,2
24,183,0.0,4,E,0
24,184,1.0,4,E,4
24,185,0.0,3,D,2
24,186,0.0,3,D,1
24,187,0.0,2,C,1
24,188,1.0,2,C,2
24,189,0.0,2,C,1
24,190,0.0,2,C,0
24,191,1.0,0,A,0
24,192,0.0,1,B,2
24,193,0.0,2,C,4
24,194,0.0,1,B,3
24,195,0.0,0,A,2
24,196,0.0,2,C,1
24,197,0.0,2,C,1
24,198,1.0,2,C,2
24,199,0.0,2,C,4
24,200,1.0,0,A,0
24,201,0.0,3,D,2
24,202,1.0,1,B,1
24,203,0.0,3,D,2
24,204,0.0,2,C,1
24,205,0.0,4,E,2
24,206,0.0,1,B,3
24,207,0.0,0,A,4
24,208,0.0,0,A,4
24,209,0.0,3,D,4
24,210,0.0,0,A,1
24,211,0.0,3,D,1
24,212,0.0,2,C,0
24,213,0.0,3,D,2
24,214,0.0,0,A,4
24,215,1.0,2,C,2
24,216,0.0,2,C,3
24,217,0.0,0,A,2
24,218,0.0,0,A,4
24,219,0.0,2,C,3
24,220,0.0,1,B,0
24,221,1.0,3,D,3
24,222,0.0,1,B,2
24,223,1.0,0,A,0
24,224,1.0,2,C,2
24,225,0.0,3,D,4
24,226,0.0,2,C,1
24,227,0.0,1,B,3
24,228,0.0,0,A,2
24,229,0.0,0,A,2
24,230,1.0,1,B,1
24,231,0.0,0,A,2
24,232,1.0,1,B,1
24,233,0.0,0,A,4
24,234,0.0,2,C,0
24,235,0.0,4,E,1
24,236,0.0,1,B,2
24,237,0.0,3,D,0
24,238,1.0,0,A,0
24,239,0.0,0,A,1
24,240,1.0,4,E,4
24,241,1.0,1,B,1
24,242,1.0,0,A,0
24,243,1.0,4,E,4
24,244,0.0,1,B,3
24,245,0.0,0,A,3
24,246,0.0,1,B,4
24,247,1.0,0,A,0
24,248,1.0,3,D,3
24,249,0.0,1,B,0
24,250,0.0,0,A,4
24,251,0.0,0,A,2
24,252,0.0,0,A,4
24,253,0.0,4,E,1
24,254,0.0,0,A,4
24,255,0.0,3,D,0
24,256,1.0,4,E,4
24,257,0.0,1,B,4
24,258,0.0,2,C,0
24,259,1.0,1,B,1
24,260,0.0,1,B,3
24,261,1.0,2,C,2
24,262,0.0,2,C,1
24,263,0.0,1,B,0
24,264,0.0,1,B,2
24,265,0.0,4,E,1
24,266,0.0,0,A,4
24,267,0.0,2,C,3
24,268,0.0,2,C,3
24,269,0.0,3,D,4
24,270,0.0,3,D,2
24,271,0.0,4,E,3
24,272,0.0,0,A,2
24,273,0.0,3,D,1
24,274,0.0,0,A,4
24,275,1.0,2,C,2
24,276,1.0,0,A,0
24,277,0.0,0,A,3
24,278,0.0,0,A,2
24,279,1.0,0,A,0
24,280,0.0,0,A,3
24,281,0.0,1,B,3
24,282,0.0,0,A,4
24,283,0.0,2,C,0
24,284,1.0,4,E,4
24,285,0.0,4,E,3
24,286,0.0,0,A,4
24,287,0.0,0,A,4
24,288,0.0,0,A,3
24,289,0.0,1,B,2
24,290,1.0,3,D,3
24,291,0.0,1,B,3
24,292,0.0,2,C,3
24,293,0.0,3,D,2
24,294,0.0,2,C,4
24,295,0.0,0,A,3
24,296,0.0,2,C,0
24,297,0.0,0,A,4
24,298,1.0,3,D,3
24,299,0.0,0,A,1
24,300,0.0,1,B,3
24,301,0.0,1,B,0
24,302,0.0,2,C,0
28,0,0.0,1,B,0
28,1,0.0,3,D,0
28,2,0.0,0,A,2
28,3,0.0,4,E,2
28,4,0.0,0,A,2
28,5,0.0,3,D,4
28,6,0.0,2,C,0
28,7,0.0,3,D,0
28,8,0.0,2,C,3
28,9,0.0,0,A,2
28,10,1.0,4,E,4
28,11,1.0,4,E,4
28,12,0.0,1,B,2
28,13,0.0,1,B,0
28,14,0.0,0,A,2
28,15,0.0,1,B,3
28,16,0.0,1,B,2
28,17,1.0,2,C,2
28,18,1.0,2,C,2
28,19,0.0,1,B,4
28,20,0.0,3,D,2
28,21,0.0,2,C,3
28,22,0.0,2,C,1
28,23,0.0,2,C,3
28,24,0.0,0,A,2
28,25,0.0,4,E,0
28,26,0.0,0,A,3
28,27,0.0,1,B,0
28,28,0.0,1,B,4
28,29,0.0,0,A,4
28,30,0.0,4,E,1
28,31,0.0,1,B,3
28,32,0.0,0,A,4
28,33,1.0,3,D,3
28,34,0.0,4,E,3
28,35,0.0,2,C,3
28,36,1.0,1,B,1
28,37,0.0,1,B,2
28,38,0.0,1,B,0
28,39,0.0,3,D,4
28,40,0.0,1,B,3
28,41,0.0,2,C,0
28,42,0.0,0,A,1
28,43,1.0,1,B,1
28,44,0.0,2,C,4
28,45,0.0,2,C,3
28,46,0.0,1,B,0
28,47,1.0,3,D,3
28,48,1.0,2,C,2
28,49,0.0,2,C,4
28,50,0.0,4,E,1
28,51,0.0,1,B,3
28,52,1.0,0,A,0
28,53,0.0,1,B,3
28,54,0.0,0,A,4
28,55,0.0,1,B,0
28,56,0.0,0,A,3
28,57,0.0,3,D,1
28,58,0.0,2,C,0
28,59,1.0,1,B,1
28,60,1.0,0,A,0
28,61,0.0,0,A,1
28,62,0.0,1,B,0
28,63,1.0,1,B,1
28,64,1.0,2,C,2
28,65,1.0,4,E,4
28,66,0.0,3,D,0
28,67,0.0,1,B,2
28,68,1.0,1,B,1
28,69,1.0,0,A,0
28,70,0.0,0,A,2
28,71,0.0,1,B,3
28,72,0.0,0,A,2
28,73,1.0,2,C,2
28,74,1.0,0,A,0
28,75,0.0,1,B,3
28,76,1.0,4,E,4
28,77,0.0,0,A,2
28,78,0.0,3,D,1
28,79,0.0,2,C,3
28,80,0.0,2,C,3
28,81,0.0,1,B,3
28,82,0.0,2,C,3
28,83,0.0,4,E,3
28,84,0.0,1,B,4
28,85,0.0,0,A,2
28,86,0.0,0,A,2
28,87,0.0,0,A,2
28,88,0.0,0,A,1
28,89,0.0,4,E,2
28,90,0.0,1,B,0
28,91,0.0,1,B,4
28,92,0.0,1,B,2
28,93,0.0,2,C,3
28,94,0.0,0,A,1
28,95,1.0,1,B,1
28,96,0.0,2,C,3
28,97,0.0,0,A,1
28,98,0.0,0,A,4
28,99,0.0,1,B,0
28,100,0.0,0,A,2
28,101,0.0,1,B,3
28,102,0.0,1,B,2
28,103,0.0,4,E,0
28,104,0.0,2,C,1
28,105,0.0,3,D,4
28,106,0.0,2,C,3
28,107,0.0,1,B,3
28,108,0.0,3,D,1
28,109,0.0,1,B,2
28,110,0.0,2,C,0
28,111,0.0,2,C,4
28,112,0.0,1,B,0
28,113,1.0,1,B,1
28,114,0.0,2,C,4
28,115,0.0,4,E,0
28,116,1.0,2,C,2
28,117,0.0,2,C,1
28,118,0.0,2,C,3
28,119,0.0,2,C,4
28,120,0.0,2,C,1
28,121,1.0,1,B,1
28,122,0.0,2,C,4
28,123,0.0,4,E,3
28,124,0.0,3,D,1
28,125,1.0,0,A,0
28,126,0.0,1,B,2
28,127,0.0,1,B,4
28,128,0.0,0,A,4
28,129,0.0,1,B,4
28,130,0.0,3,D,2
28,131,0.0,0,A,2
28,132,0.0,1,B,4
28,133,0.0,1,B,3
28,134,1.0,3,D,3
28,135,1.0,2,C,2
28,136,0.0,1,B,2
28,137,0.0,1,B,2
28,138,0.0,0,A,2
28,139,0.0,0,A,2
28,140,1.0,0,A,0
28,141,0.0,0,A,4
28,142,0.0,1,B,3
28,143,0.0,0,A,3
28,144,0.0,0,A,1
28,145,0.0,3,D,0
28,146,0.0,0,A,3
28,147,0.0,0,A,3
28,148,0.0,2,C,1
28,149,1.0,2,C,2
28,150,0.0,0,A,4
28,151,0.0,1,B,4
28,152,1.0,1,B,1
28,153,0.0,1,B,0
28,154,0.0,4,E,0
28,155,1.0,2,C,2
28,156,0.0,1,B,0
28,157,0.0,2,C,3
28,158,0.0,3,D,1
28,159,0.0,0,A,1
28,160,1.0,4,E,4
28,161,0.0,1,B,2
28,162,0.0,0,A,2
28,163,0.0,1,B,4
28,164,1.0,2,C,2
28,165,0.0,0,A,1
28,166,0.0,3,D,0
28,167,0.0,2,C,4
28,168,1.0,3,D,3
28,169,0.0,2,C,0
28,170,0.0,2,C,0
28,171,0.0,3,D,0
28,172,0.0,3,D,0
28,173,0.0,1,B,3
28,174,0.0,1,B,3
28,175,0.0,4,E,0
28,176,0.0,0,A,1
28,177,0.0,2,C,1
28,178,0.0,2,C,4
28,179,0.0,0,A,4
28,180,1.0,4,E,4
28,181,1.0,1,B,1
28,182,1.0,2,C,2
28,183,0.0,4,E,0
28,184,1.0,4,E,4
28,185,0.0,3,D,2
28,186,0.0,3,D,1
28,187,0.0,2,C,1
28,188,1.0,2,C,2
28,189,0.0,2,C,1
28,190,0.0,2,C,0
28,191,1.0,0,A,0
28,192,0.0,3,D,2
28,193,0.0,2,C,4
28,194,0.0,1,B,3
28,195,0.0,0,A,2
28,196,0.0,2,C,1
28,197,1.0,1,B,1
28,198,1.0,2,C,2
28,199,0.0,2,C,4
28,200,1.0,0,A,0
28,201,0.0,3,D,2
28,202,1.0,1,B,1
28,203,0.0,3,D,2
28,204,0.0,2,C,1
28,205,0.0,4,E,2
28,206,0.0,1,B,3
28,207,0.0,0,A,4
28,208,0.0,0,A,4
28,209,0.0,3,D,4
28,210,0.0,0,A,1
28,211,0.0,3,D,1
28,212,0.0,2,C,0
28,213,0.0,3,D,2
28,214,0.0,0,A,4
28,215,1.0,2,C,2
28,216,0.0,2,C,3
28,217,0.0,0,A,2
28,218,0.0,0,A,4
28,219,0.0,2,C,3
28,220,0.0,1,B,0
28,221,1.0,3,D,3
28,222,0.0,1,B,2
28,223,0.0,2,C,0
28,224,1.0,2,C,2
28,225,0.0,3,D,4
28,226,0.0,2,C,1
28,227,0.0,1,B,3
28,228,0.0,0,A,2
28,229,0.0,0,A,2
28,230,1.0,1,B,1
28,231,0.0,0,A,2
28,232,1.0,1,B,1
28,233,0.0,0,A,4
28,234,0.0,2,C,0
28,235,0.0,4,E,1
28,236,0.0,1,B,2
28,237,0.0,3,D,0
28,238,1.0,0,A,0
28,239,0.0,0,A,1
28,240,1.0,4,E,4
28,241,1.0,1,B,1
28,242,0.0,2,C,0
28,243,1.0,4,E,4
28,244,0.0,1,B,3
28,245,0.0,0,A,3
28,246,0.0,1,B,4
28,247,1.0,0,A,0
28,248,1.0,3,D,3
28,249,0.0,1,B,0
28,250,0.0,0,A,4
28,251,0.0,0,A,2
28,252,0.0,2,C,4
28,253,0.0,4,E,1
28,254,0.0,0,A,4
28,255,0.0,3,D,0
28,256,1.0,4,E,4
28,257,0.0,1,B,4
28,258,0.0,2,C,0
28,259,1.0,1,B,1
28,260,0.0,1,B,3
28,261,1.0,2,C,2
28,262,0.0,2,C,1
28,263,0.0,1,B,0
28,264,0.0,1,B,2
28,265,0.0,4,E,1
28,266,0.0,0,A,4
28,267,0.0,2,C,3
28,268,0.0,2,C,3
28,269,0.0,3,D,4
28,270,0.0,3,D,2
28,271,0.0,4,E,3
28,272,0.0,0,A,2
28,273,0.0,3,D,1
28,274,0.0,0,A,4
28,275,1.0,2,C,2
28,276,1.0,0,A,0
28,277,0.0,0,A,3
28,278,0.0,0,A,2
28,279,1.0,0,A,0
28,280,0.0,0,A,3
28,281,0.0,1,B,3
28,282,0.0,3,D,4
28,283,0.0,2,C,0
28,284,1.0,4,E,4
28,285,0.0,4,E,3
28,286,0.0,0,A,4
28,287,0.0,0,A,4
28,288,0.0,1,B,3
28,289,0.0,1,B,2
28,290,1.0,3,D,3
28,291,0.0,2,C,3
28,292,0.0,2,C,3
28,293,0.0,3,D,2
28,294,0.0,2,C,4
28,295,0.0,0,A,3
28,296,0.0,3,D,0
28,297,0.0,0,A,4
28,298,1.0,3,D,3
28,299,0.0,0,A,1
28,300,0.0,1,B,3
28,301,0.0,1,B,0
28,302,0.0,2,C,0
32,0,0.0,1,B,0
32,1,0.0,3,D,0
32,2,0.0,0,A,2
32,3,0.0,4,E,2
32,4,0.0,0,A,2
32,5,0.0,3,D,4
32,6,0.0,2,C,0
32,7,0.0,3,D,0
32,8,0.0,2,C,3
32,9,0.0,0,A,2
32,10,1.0,4,E,4
32,11,1.0,4,E,4
32,12,0.0,1,B,2
32,13,0.0,1,B,0
32,14,0.0,0,A,2
32,15,0.0,1,B,3
32,16,1.0,2,C,2
32,17,1.0,2,C,2
32,18,1.0,2,C,2
32,19,0.0,1,B,4
32,20,0.0,3,D,2
32,21,0.0,2,C,3
32,22,0.0,2,C,1
32,23,0.0,2,C,3
32,24,0.0,0,A,2
32,25,0.0,1,B,0
32,26,0.0,0,A,3
32,27,0.0,1,B,0
32,28,0.0,1,B,4
32,29,0.0,0,A,4
32,30,1.0,1,B,1
32,31,0.0,1,B,3
32,32,0.0,0,A,4
32,33,1.0,3,D,3
32,34,0.0,4,E,3
32,35,0.0,2,C,3
32,36,1.0,1,B,1
32,37,0.0,1,B,2
32,38,0.0,1,B,0
32,39,0.0,3,D,4
32,40,0.0,1,B,3
32,41,0.0,2,C,0
32,42,0.0,0,A,1
32,43,1.0,1,B,1
32,44,0.0,2,C,4
32,45,0.0,2,C,3
32,46,0.0,2,C,0
32,47,1.0,3,D,3
32,48,1.0,2,C,2
32,49,0.0,2,C,4
32,50,0.0,2,C,1
32,51,0.0,1,B,3
32,52,1.0,0,A,0
32,53,0.0,1,B,3
32,54,0.0,0,A,4
32,55,0.0,1,B,0
32,56,0.0,2,C,3
32,57,0.0,3,D,1
32,58,0.0,2,C,0
32,59,1.0,1,B,1
32,60,0.0,2,C,0
32,61,0.0,0,A,1
32,62,0.0,1,B,0
32,63,1.0,1,B,1
32,64,1.0,2,C,2
32,65,1.0,4,E,4
32,66,0.0,3,D,0
32,67,1.0,2,C,2
32,68,1.0,1,B,1
32,69,0.0,1,B,0
32,70,0.0,0,A,2
32,71,0.0,1,B,3
32,72,0.0,0,A,2
32,73,1.0,2,C,2
32,74,1.0,0,A,0
32,75,0.0,1,B,3
32,76,0.0,1,B,4
32,77,0.0,0,A,2
32,78,0.0,3,D,1
32,79,0.0,2,C,3
32,80,1.0,3,D,3
32,81,0.0,1,B,3
32,82,0.0,2,C,3
32,83,1.0,3,D,3
32,84,0.0,1,B,4
32,85,0.0,0,A,2
32,86,0.0,0,A,2
32,87,0.0,1,B,2
32,88,0.0,0,A,1
32,89,0.0,4,E,2
32,90,0.0,1,B,0
32,91,0.0,1,B,4
32,92,0.0,1,B,2
32,93,0.0,2,C,3
32,94,0.0,0,A,1
32,95,1.0,1,B,1
32,96,0.0,2,C,3
32,97,0.0,0,A,1
32,98,0.0,0,A,4
32,99,0.0,1,B,0
32,100,0.0,0,A,2
32,101,0.0,1,B,3
32,102,0.0,0,A,2
32,103,0.0,4,E,0
32,104,0.0,2,C,1
32,105,0.0,3,D,4
32,106,0.0,2,C,3
32,107,0.0,1,B,3
32,108,0.0,3,D,1
32,109,0.0,1,B,2
32,110,0.0,2,C,0
32,111,0.0,2,C,4
32,112,0.0,1,B,0
32,113,1.0,1,B,1
32,114,0.0,2,C,4
32,115,0.0,4,E,0
32,116,1.0,2,C,2
32,117,0.0,2,C,1
32,118,0.0,2,C,3
32,119,0.0,2,C,4
32,120,0.0,2,C,1
32,121,1.0,1,B,1
32,122,0.0,2,C,4
32,123,0.0,4,E,3
32,124,0.0,3,D,1
32,125,0.0,1,B,0
32,126,0.0,1,B,2
32,127,0.0,1,B,4
32,128,0.0,0,A,4
32,129,0.0,1,B,4
32,130,0.0,3,D,2
32,131,0.0,0,A,2
32,132,0.0,1,B,4
32,133,0.0,1,B,3
32,134,1.0,3,D,3
32,135,0.0,3,D,2
32,136,0.0,1,B,2
32,137,0.0,1,B,2
32,138,0.0,0,A,2
32,139,0.0,0,A,2
32,140,1.0,0,A,0
32,141,0.0,0,A,4
32,142,0.0,1,B,3
32,143,0.0,0,A,3
32,144,0.0,0,A,1
32,145,0.0,3,D,0
32,146,0.0,0,A,3
32,147,0.0,0,A,3
32,148,0.0,2,C,1
32,149,0.0,3,D,2
32,150,0.0,0,A,4
32,151,0.0,1,B,4
32,152,0.0,2,C,1
32,153,0.0,1,B,0
32,154,0.0,2,C,0
32,155,1.0,2,C,2
32,156,0.0,1,B,0
32,157,0.0,0,A,3
32,158,0.0,3,D,1
32,159,0.0,0,A,1
32,160,1.0,4,E,4
32,161,0.0,1,B,2
32,162,0.0,0,A,2
32,163,0.0,1,B,4
32,164,1.0,2,C,2
32,165,1.0,1,B,1
32,166,0.0,3,D,0
32,167,0.0,2,C,4
32,168,1.0,3,D,3
32,169,0.0,1,B,0
32,170,0.0,2,C,0
32,171,0.0,3,D,0
32,172,0.0,3,D,0
32,173,0.0,1,B,3
32,174,0.0,1,B,3
32,175,0.0,4,E,0
32,176,0.0,0,A,1
32,177,0.0,3,D,1
32,178,0.0,2,C,4
32,179,0.0,0,A,4
32,180,1.0,4,E,4
32,181,1.0,1,B,1
32,182,1.0,2,C,2
32,183,0.0,2,C,0
32,184,1.0,4,E,4
32,185,0.0,3,D,2
32,186,0.0,3,D,1
32,187,0.0,2,C,1
32,188,1.0,2,C,2
32,189,0.0,2,C,1
32,190,0.0,2,C,0
32,191,1.0,0,A,0
32,192,0.0,3,D,2
32,193,0.0,1,B,4
32,194,0.0,1,B,3
32,195,0.0,0,A,2
32,196,0.0,2,C,1
32,197,1.0,1,B,1
32,198,1.0,2,C,2
32,199,0.0,3,D,4
32,200,0.0,2,C,0
32,201,0.0,3,D,2
32,202,1.0,1,B,1
32,203,0.0,3,D,2
32,204,0.0,2,C,1
32,205,0.0,4,E,2
32,206,0.0,1,B,3
32,207,0.0,0,A,4
32,208,0.0,0,A,4
32,209,0.0,3,D,4
32,210,0.0,0,A,1
32,211,0.0,3,D,1
32,212,0.0,2,C,0
32,213,0.0,3,D,2
32,214,0.0,3,D,4
32,215,1.0,2,C,2
32,216,0.0,2,C,3
32,217,1.0,2,C,2
32,218,0.0,0,A,4
32,219,0.0,2,C,3
32,220,0.0,1,B,0
32,221,1.0,3,D,3
32,222,0.0,1,B,2
32,223,0.0,2,C,0
32,224,1.0,2,C,2
32,225,0.0,3,D,4
32,226,0.0,2,C,1
32,227,0.0,1,B,3
32,228,0.0,0,A,2
32,229,0.0,0,A,2
32,230,1.0,1,B,1
32,231,0.0,1,B,2
32,232,1.0,1,B,1
32,233,0.0,0,A,4
32,234,0.0,2,C,0
32,235,0.0,4,E,1
32,236,0.0,1,B,2
32,237,0.0,3,D,0
32,238,1.0,0,A,0
32,239,0.0,0,A,1
32,240,1.0,4,E,4
32,241,1.0,1,B,1
32,242,0.0,3,D,0
32,243,1.0,4,E,4
32,244,0.0,1,B,3
32,245,0.0,0,A,3
32,246,0.0,1,B,4
32,247,1.0,0,A,0
32,248,1.0,3,D,3
32,249,0.0,1,B,0
32,250,0.0,0,A,4
32,251,0.0,3,D,2
32,252,0.0,2,C,4
32,253,0.0,4,E,1
32,254,0.0,0,A,4
32,255,0.0,3,D,0
32,256,1.0,4,E,4
32,257,0.0,1,B,4
32,258,0.0,2,C,0
32,259,1.0,1,B,1
32,260,0.0,0,A,3
32,261,1.0,2,C,2
32,262,0.0,2,C,1
32,263,0.0,1,B,0
32,264,0.0,1,B,2
32,265,0.0,3,D,1
32,266,0.0,0,A,4
32,267,0.0,2,C,3
32,268,0.0,2,C,3
32,269,0.0,3,D,4
32,270,0.0,3,D,2
32,271,0.0,4,E,3
32,272,0.0,0,A,2
32,273,0.0,3,D,1
32,274,0.0,0,A,4
32,275,1.0,2,C,2
32,276,1.0,0,A,0
32,277,0.0,0,A,3
32,278,0.0,0,A,2
32,279,1.0,0,A,0
32,280,0.0,0,A,3
32,281,0.0,1,B,3
32,282,0.0,3,D,4
32,283,1.0,0,A,0
32,284,1.0,4,E,4
32,285,0.0,4,E,3
32,286,0.0,0,A,4
32,287,0.0,0,A,4
32,288,0.0,1,B,3
32,289,0.0,1,B,2
32,290,1.0,3,D,3
32,291,0.0,2,C,3
32,292,0.0,2,C,3
32,293,0.0,3,D,2
32,294,0.0,2,C,4
32,295,1.0,3,D,3
32,296,0.0,3,D,0
32,297,0.0,0,A,4
32,298,1.0,3,D,3
32,299,0.0,0,A,1
32,300,0.0,1,B,3
32,301,0.0,1,B,0
32,302,0.0,2,C,0
36,0,0.0,1,B,0
36,1,0.0,3,D,0
36,2,0.0,0,A,2
36,3,0.0,4,E,2
36,4,0.0,0,A,2
36,5,0.0,3,D,4
36,6,0.0,2,C,0
36,7,0.0,3,D,0
36,8,0.0,2,C,3
36,9,0.0,0,A,2
36,10,1.0,4,E,4
36,11,1.0,4,E,4
36,12,0.0,1,B,2
36,13,0.0,3,D,0
36,14,0.0,0,A,2
36,15,0.0,1,B,3
36,16,1.0,2,C,2
36,17,1.0,2,C,2
36,18,1.0,2,C,2
36,19,0.0,1,B,4
36,20,0.0,3,D,2
36,21,0.0,2,C,3
36,22,0.0,2,C,1
36,23,0.0,2,C,3
36,24,0.0,0,A,2
36,25,0.0,1,B,0
36,26,0.0,0,A,3
36,27,0.0,1,B,0
36,28,0.0,1,B,4
36,29,0.0,0,A,4
36,30,1.0,1,B,1
36,31,0.0,1,B,3
36,32,0.0,0,A,4
36,33,1.0,3,D,3
36,34,0.0,4,E,3
36,35,1.0,3,D,3
36,36,1.0,1,B,1
36,37,0.0,1,B,2
36,38,0.0,1,B,0
36,39,0.0,3,D,4
36,40,0.0,1,B,3
36,41,0.0,2,C,0
36,42,0.0,0,A,1
36,43,1.0,1,B,1
36,44,0.0,2,C,4
36,45,0.0,2,C,3
36,46,0.0,2,C,0
36,47,1.0,3,D,3
36,48,1.0,2,C,2
36,49,0.0,2,C,4
36,50,0.0,2,C,1
36,51,0.0,1,B,3
36,52,1.0,0,A,0
36,53,0.0,1,B,3
36,54,0.0,0,A,4
36,55,0.0,1,B,0
36,56,0.0,2,C,3
36,57,0.0,3,D,1
36,58,0.0,2,C,0
36,59,1.0,1,B,1
36,60,0.0,2,C,0
36,61,0.0,0,A,1
36,62,0.0,1,B,0
36,63,1.0,1,B,1
36,64,1.0,2,C,2
36,65,1.0,4,E,4
36,66,0.0,3,D,0
36,67,0.0,1,B,2
36,68,1.0,1,B,1
36,69,0.0,1,B,0
36,70,0.0,1,B,2
36,71,0.0,1,B,3
36,72,0.0,0,A,2
36,73,1.0,2,C,2
36,74,1.0,0,A,0
36,75,0.0,1,B,3
36,76,0.0,1,B,4
36,77,0.0,0,A,2
36,78,0.0,3,D,1
36,79,0.0,2,C,3
36,80,1.0,3,D,3
36,81,0.0,1,B,3
36,82,0.0,2,C,3
36,83,1.0,3,D,3
36,84,0.0,1,B,4
36,85,0.0,0,A,2
36,86,0.0,0,A,2
36,87,0.0,0,A,2
36,88,0.0,0,A,1
36,89,0.0,4,E,2
36,90,0.0,1,B,0
36,91,0.0,1,B,4
36,92,1.0,2,C,2
36,93,0.0,2,C,3
36,94,1.0,1,B,1
36,95,1.0,1,B,1
36,96,0.0,2,C,3
36,97,0.0,0,A,1
36,98,0.0,0,A,4
36,99,0.0,1,B,0
36,100,0.0,0,A,2
36,101,0.0,1,B,3
36,102,1.0,2,C,2
36,103,0.0,4,E,0
36,104,0.0,2,C,1
36,105,0.0,3,D,4
36,106,0.0,2,C,3
36,107,0.0,1,B,3
36,108,0.0,3,D,1
36,109,0.0,1,B,2
36,110,0.0,2,C,0
36,111,0.0,2,C,4
36,112,0.0,1,B,0
36,113,1.0,1,B,1
36,114,0.0,2,C,4
36,115,0.0,4,E,0
36,116,1.0,2,C,2
36,117,0.0,2,C,1
36,118,0.0,2,C,3
36,119,0.0,2,C,4
36,120,0.0,2,C,1
36,121,1.0,1,B,1
36,122,0.0,2,C,4
36,123,0.0,4,E,3
36,124,0.0,3,D,1
36,125,0.0,1,B,0
36,126,0.0,1,B,2
36,127,0.0,1,B,4
36,128,0.0,0,A,4
36,129,0.0,1,B,4
36,130,0.0,3,D,2
36,131,0.0,0,A,2
36,132,0.0,1,B,4
36,133,0.0,1,B,3
36,134,1.0,3,D,3
36,135,0.0,3,D,2
36,136,0.0,3,D,2
36,137,0.0,1,B,2
36,138,0.0,0,A,2
36,139,0.0,0,A,2
36,140,1.0,0,A,0
36,141,0.0,0,A,4
36,142,0.0,1,B,3
36,143,0.0,0,A,3
36,144,0.0,0,A,1
36,145,0.0,3,D,0
36,146,0.0,0,A,3
36,147,0.0,0,A,3
36,148,0.0,2,C,1
36,149,0.0,3,D,2
36,150,0.0,0,A,4
36,151,0.0,1,B,4
36,152,0.0,2,C,1
36,153,0.0,1,B,0
36,154,0.0,2,C,0
36,155,0.0,3,D,2
36,156,0.0,1,B,0
36,157,0.0,0,A,3
36,158,0.0,3,D,1
36,159,0.0,0,A,1
36,160,1.0,4,E,4
36,161,0.0,1,B,2
36,162,0.0,0,A,2
36,163,0.0,1,B,4
36,164,1.0,2,C,2
36,165,1.0,1,B,1
36,166,0.0,3,D,0
36,167,0.0,2,C,4
36,168,1.0,3,D,3
36,169,0.0,2,C,0
36,170,0.0,2,C,0
36,171,0.0,3,D,0
36,172,0.0,3,D,0
36,173,0.0,1,B,3
36,174,0.0,1,B,3
36,175,0.0,4,E,0
36,176,0.0,0,A,1
36,177,0.0,3,D,1
36,178,0.0,2,C,4
36,179,0.0,0,A,4
36,180,1.0,4,E,4
36,181,1.0,1,B,1
36,182,1.0,2,C,2
36,183,0.0,2,C,0
36,184,1.0,4,E,4
36,185,0.0,3,D,2
36,186,0.0,3,D,1
36,187,0.0,2,C,1
36,188,1.0,2,C,2
36,189,1.0,1,B,1
36,190,0.0,2,C,0
36,191,1.0,0,A,0
36,192,0.0,3,D,2
36,193,0.0,1,B,4
36,194,0.0,1,B,3
36,195,0.0,0,A,2
36,196,0.0,2,C,1
36,197,1.0,1,B,1
36,198,0.0,3,D,2
36,199,0.0,3,D,4
36,200,0.0,2,C,0
36,201,0.0,3,D,2
36,202,1.0,1,B,1
36,203,0.0,3,D,2
36,204,0.0,2,C,1
36,205,0.0,4,E,2
36,206,0.0,1,B,3
36,207,0.0,0,A,4
36,208,0.0,1,B,4
36,209,0.0,3,D,4
36,210,0.0,0,A,1
36,211,0.0,3,D,1
36,212,0.0,2,C,0
36,213,0.0,3,D,2
36,214,0.0,3,D,4
36,215,1.0,2,C,2
36,216,0.0,2,C,3
36,217,1.0,2,C,2
36,218,0.0,0,A,4
36,219,0.0,2,C,3
36,220,0.0,1,B,0
36,221,1.0,3,D,3
36,222,0.0,1,B,2
36,223,0.0,2,C,0
36,224,1.0,2,C,2
36,225,0.0,3,D,4
36,226,0.0,2,C,1
36,227,0.0,0,A,3
36,228,0.0,0,A,2
36,229,0.0,0,A,2
36,230,1.0,1,B,1
36,231,0.0,0,A,2
36,232,0.0,0,A,1
36,233,0.0,0,A,4
36,234,0.0,2,C,0
36,235,0.0,4,E,1
36,236,0.0,1,B,2
36,237,0.0,3,D,0
36,238,1.0,0,A,0
36,239,0.0,0,A,1
36,240,1.0,4,E,4
36,241,1.0,1,B,1
36,242,0.0,3,D,0
36,243,1.0,4,E,4
36,244,0.0,1,B,3
36,245,0.0,0,A,3
36,246,0.0,1,B,4
36,247,1.0,0,A,0
36,248,1.0,3,D,3
36,249,0.0,3,D,0
36,250,0.0,0,A,4
36,251,0.0,3,D,2
36,252,0.0,2,C,4
36,253,0.0,3,D,1
36,254,0.0,0,A,4
36,255,0.0,3,D,0
36,256,1.0,4,E,4
36,257,0.0,1,B,4
36,258,0.0,2,C,0
36,259,1.0,1,B,1
36,260,0.0,0,A,3
36,261,1.0,2,C,2
36,262,0.0,2,C,1
36,263,0.0,1,B,0
36,264,0.0,1,B,2
36,265,0.0,3,D,1
36,266,0.0,2,C,4
36,267,0.0,2,C,3
36,268,0.0,2,C,3
36,269,0.0,3,D,4
36,270,0.0,3,D,2
36,271,0.0,4,E,3
36,272,0.0,0,A,2
36,273,0.0,3,D,1
36,274,0.0,0,A,4
36,275,1.0,2,C,2
36,276,1.0,0,A,0
36,277,0.0,0,A,3
36,278,0.0,0,A,2
36,279,0.0,3,D,0
36,280,0.0,0,A,3
36,281,0.0,1,B,3
36,282,0.0,3,D,4
36,283,1.0,0,A,0
36,284,1.0,4,E,4
36,285,0.0,4,E,3
36,286,0.0,0,A,4
36,287,0.0,3,D,4
36,288,0.0,1,B,3
36,289,1.0,2,C,2
36,290,1.0,3,D,3
36,291,0.0,2,C,3
36,292,0.0,2,C,3
36,293,0.0,3,D,2
36,294,0.0,2,C,4
36,295,1.0,3,D,3
36,296,0.0,3,D,0
36,297,0.0,0,A,4
36,298,1.0,3,D,3
36,299,0.0,0,A,1
36,300,0.0,1,B,3
36,301,0.0,1,B,0
36,302,0.0,2,C,0
40,0,0.0,1,B,0
40,1,0.0,3,D,0
40,2,0.0,0,A,2
40,3,0.0,4,E,2
40,4,0.0,0,A,2
40,5,0.0,3,D,4
40,6,0.0,2,C,0
40,7,0.0,3,D,0
40,8,0.0,2,C,3
40,9,0.0,0,A,2
40,10,1.0,4,E,4
40,11,1.0,4,E,4
40,12,0.0,1,B,2
40,13,0.0,3,D,0
40,14,0.0,0,A,2
40,15,0.0,1,B,3
40,16,1.0,2,C,2
40,17,1.0,2,C,2
40,18,1.0,2,C,2
40,19,0.0,1,B,4
40,20,0.0,3,D,2
40,21,0.0,2,C,3
40,22,0.0,2,C,1
40,23,0.0,2,C,3
40,24,0.0,0,A,2
40,25,0.0,1,B,0
40,26,1.0,3,D,3
40,27,0.0,1,B,0
40,28,0.0,1,B,4
40,29,0.0,0,A,4
40,30,1.0,1,B,1
40,31,0.0,1,B,3
40,32,0.0,0,A,4
40,33,1.0,3,D,3
40,34,0.0,4,E,3
40,35,1.0,3,D,3
40,36,1.0,1,B,1
40,37,0.0,1,B,2
40,38,0.0,1,B,0
40,39,0.0,3,D,4
40,40,0.0,1,B,3
40,41,0.0,2,C,0
40,42,0.0,0,A,1
40,43,1.0,1,B,1
40,44,0.0,2,C,4
40,45,0.0,2,C,3
40,46,0.0,2,C,0
40,47,1.0,3,D,3
40,48,1.0,2,C,2
40,49,0.0,2,C,4
40,50,0.0,2,C,1
40,51,0.0,1,B,3
40,52,1.0,0,A,0
40,53,0.0,1,B,3
40,54,0.0,0,A,4
40,55,0.0,1,B,0
40,56,0.0,2,C,3
40,57,0.0,3,D,1
40,58,0.0,2,C,0
40,59,1.0,1,B,1
40,60,0.0,2,C,0
40,61,0.0,0,A,1
40,62,0.0,1,B,0
40,63,1.0,1,B,1
40,64,1.0,2,C,2
40,65,1.0,4,E,4
40,66,0.0,3,D,0
40,67,0.0,1,B,2
40,68,1.0,1,B,1
40,69,0.0,1,B,0
40,70,0.0,1,B,2
40,71,0.0,1,B,3
40,72,0.0,0,A,2
40,73,1.0,2,C,2
40,74,1.0,0,A,0
40,75,0.0,1,B,3
40,76,0.0,1,B,4
40,77,0.0,0,A,2
40,78,0.0,3,D,1
40,79,0.0,2,C,3
40,80,1.0,3,D,3
40,81,0.0,1,B,3
40,82,0.0,2,C,3
40,83,1.0,3,D,3
40,84,0.0,1,B,4
40,85,0.0,0,A,2
40,86,0.0,0,A,2
40,87,0.0,0,A,2
40,88,0.0,0,A,1
40,89,0.0,4,E,2
40,90,0.0,1,B,0
40,91,0.0,1,B,4
40,92,1.0,2,C,2
40,93,0.0,2,C,3
40,94,1.0,1,B,1
40,95,1.0,1,B,1
40,96,0.0,2,C,3
40,97,0.0,0,A,1
40,98,0.0,0,A,4
40,99,0.0,1,B,0
40,100,0.0,0,A,2
40,101,0.0,1,B,3
40,102,1.0,2,C,2
40,103,0.0,4,E,0
40,104,0.0,2,C,1
40,105,0.0,3,D,4
40,106,0.0,2,C,3
40,107,0.0,1,B,3
40,108,0.0,3,D,1
40,109,0.0,1,B,2
40,110,0.0,2,C,0
40,111,0.0,2,C,4
40,112,0.0,1,B,0
40,113,1.0,1,B,1
40,114,0.0,2,C,4
40,115,0.0,4,E,0
40,116,1.0,2,C,2
40,117,0.0,2,C,1
40,118,0.0,2,C,3
40,119,0.0,2,C,4
40,120,0.0,2,C,1
40,121,1.0,1,B,1
40,122,0.0,2,C,4
40,123,0.0,4,E,3
40,124,0.0,3,D,1
40,125,0.0,1,B,0
40,126,0.0,1,B,2
40,127,0.0,1,B,4
40,128,0.0,0,A,4
40,129,0.0,1,B,4
40,130,0.0,3,D,2
40,131,0.0,0,A,2
40,132,0.0,1,B,4
40,133,0.0,1,B,3
40,134,1.0,3,D,3
40,135,0.0,3,D,2
40,136,0.0,3,D,2
40,137,0.0,1,B,2
40,138,0.0,0,A,2
40,139,0.0,0,A,2
40,140,1.0,0,A,0
40,141,0.0,0,A,4
40,142,0.0,1,B,3
40,143,0.0,0,A,3
40,144,0.0,0,A,1
40,145,0.0,3,D,0
40,146,0.0,0,A,3
40,147,0.0,0,A,3
40,148,0.0,2,C,1
40,149,0.0,3,D,2
40,150,0.0,0,A,4
40,151,0.0,1,B,4
40,152,1.0,1,B,1
40,153,0.0,1,B,0
40,154,0.0,2,C,0
40,155,0.0,3,D,2
40,156,0.0,1,B,0
40,157,0.0,0,A,3
40,158,0.0,3,D,1
40,159,0.0,0,A,1
40,160,1.0,4,E,4
40,161,0.0,1,B,2
40,162,0.0,0,A,2
40,163,0.0,1,B,4
40,164,1.0,2,C,2
40,165,1.0,1,B,1
40,166,0.0,3,D,0
40,167,0.0,2,C,4
40,168,1.0,3,D,3
40,169,0.0,1,B,0
40,170,0.0,2,C,0
40,171,0.0,3,D,0
40,172,0.0,3,D,0
40,173,0.0,1,B,3
40,174,0.0,1,B,3
40,175,0.0,4,E,0
40,176,0.0,0,A,1
40,177,0.0,3,D,1
40,178,0.0,2,C,4
40,179,0.0,0,A,4
40,180,1.0,4,E,4
40,181,1.0,1,B,1
40,182,1.0,2,C,2
40,183,0.0,2,C,0
40,184,1.0,4,E,4
40,185,0.0,3,D,2
40,186,0.0,3,D,1
40,187,0.0,2,C,1
40,188,1.0,2,C,2
40,189,0.0,2,C,1
40,190,0.0,2,C,0
40,191,1.0,0,A,0
40,192,0.0,3,D,2
40,193,0.0,1,B,4
40,194,0.0,1,B,3
40,195,0.0,0,A,2
40,196,0.0,2,C,1
40,197,1.0,1,B,1
40,198,0.0,3,D,2
40,199,0.0,3,D,4
40,200,0.0,2,C,0
40,201,0.0,3,D,2
40,202,1.0,1,B,1
40,203,0.0,3,D,2
40,204,0.0,2,C,1
40,205,0.0,4,E,2
40,206,0.0,1,B,3
40,207,0.0,0,A,4
40,208,0.0,1,B,4
40,209,0.0,3,D,4
40,210,0.0,0,A,1
40,211,0.0,3,D,1
40,212,0.0,2,C,0
40,213,0.0,3,D,2
40,214,0.0,3,D,4
40,215,1.0,2,C,2
40,216,0.0,2,C,3
40,217,1.0,2,C,2
40,218,0.0,0,A,4
40,219,0.0,2,C,3
40,220,0.0,1,B,0
40,221,1.0,3,D,3
40,222,1.0,2,C,2
40,223,0.0,2,C,0
40,224,1.0,2,C,2
40,225,0.0,3,D,4
40,226,0.0,2,C,1
40,227,0.0,0,A,3
40,228,0.0,0,A,2
40,229,0.0,0,A,2
40,230,1.0,1,B,1
40,231,0.0,0,A,2
40,232,1.0,1,B,1
40,233,0.0,1,B,4
40,234,0.0,2,C,0
40,235,0.0,4,E,1
40,236,0.0,1,B,2
40,237,0.0,3,D,0
40,238,1.0,0,A,0
40,239,0.0,0,A,1
40,240,1.0,4,E,4
40,241,1.0,1,B,1
40,242,0.0,3,D,0
40,243,1.0,4,E,4
40,244,0.0,1,B,3
40,245,0.0,0,A,3
40,246,0.0,1,B,4
40,247,1.0,0,A,0
40,248,1.0,3,D,3
40,249,0.0,3,D,0
40,250,0.0,0,A,4
40,251,0.0,3,D,2
40,252,0.0,2,C,4
40,253,0.0,3,D,1
40,254,0.0,0,A,4
40,255,0.0,3,D,0
40,256,1.0,4,E,4
40,257,0.0,1,B,4
40,258,0.0,2,C,0
40,259,1.0,1,B,1
40,260,0.0,0,A,3
40,261,1.0,2,C,2
40,262,0.0,2,C,1
40,263,0.0,1,B,0
40,264,0.0,1,B,2
40,265,0.0,3,D,1
40,266,0.0,2,C,4
40,267,0.0,2,C,3
40,268,0.0,2,C,3
40,269,0.0,3,D,4
40,270,0.0,3,D,2
40,271,0.0,4,E,3
40,272,0.0,1,B,2
40,273,0.0,3,D,1
40,274,0.0,0,A,4
40,275,1.0,2,C,2
40,276,1.0,0,A,0
40,277,0.0,0,A,3
40,278,0.0,0,A,2
40,279,0.0,3,D,0
40,280,0.0,0,A,3
40,281,0.0,1,B,3
40,282,0.0,3,D,4
40,283,1.0,0,A,0
40,284,1.0,4,E,4
40,285,0.0,4,E,3
40,286,0.0,3,D,4
40,287,0.0,3,D,4
40,288,0.0,1,B,3
40,289,1.0,2,C,2
40,290,1.0,3,D,3
40,291,0.0,2,C,3
40,292,0.0,2,C,3
40,293,0.0,3,D,2
40,294,0.0,2,C,4
40,295,1.0,3,D,3
40,296,0.0,3,D,0
40,297,0.0,0,A,4
40,298,1.0,3,D,3
40,299,0.0,0,A,1
40,300,0.0,1,B,3
40,301,0.0,1,B,0
40,302,0.0,2,C,0
44,0,0.0,1,B,0
44,1,0.0,3,D,0
44,2,0.0,0,A,2
44,3,0.0,4,E,2
44,4,0.0,0,A,2
44,5,0.0,3,D,4
44,6,0.0,2,C,0
44,7,0.0,3,D,0
44,8,0.0,2,C,3
44,9,0.0,0,A,2
44,10,1.0,4,E,4
44,11,1.0,4,E,4
44,12,0.0,1,B,2
44,13,0.0,3,D,0
44,14,0.0,0,A,2
44,15,0.0,0,A,3
44,16,1.0,2,C,2
44,17,1.0,2,C,2
44,18,1.0,2,C,2
44,19,0.0,1,B,4
44,20,0.0,1,B,2
44,21,0.0,2,C,3
44,22,1.0,1,B,1
44,23,0.0,2,C,3
44,24,0.0,0,A,2
44,25,0.0,1,B,0
44,26,0.0,0,A,3
44,27,0.0,1,B,0
44,28,0.0,1,B,4
44,29,0.0,0,A,4
44,30,1.0,1,B,1
44,31,0.0,1,B,3
44,32,0.0,0,A,4
44,33,1.0,3,D,3
44,34,0.0,4,E,3
44,35,1.0,3,D,3
44,36,1.0,1,B,1
44,37,0.0,1,B,2
44,38,0.0,1,B,0
44,39,0.0,2,C,4
44,40,0.0,1,B,3
44,41,0.0,2,C,0
44,42,0.0,0,A,1
44,43,1.0,1,B,1
44,44,0.0,2,C,4
44,45,0.0,2,C,3
44,46,0.0,2,C,0
44,47,1.0,3,D,3
44,48,1.0,2,C,2
44,49,0.0,2,C,4
44,50,0.0,2,C,1
44,51,0.0,1,B,3
44,52,1.0,0,A,0
44,53,0.0,1,B,3
44,54,0.0,0,A,4
44,55,0.0,1,B,0
44,56,0.0,2,C,3
44,57,0.0,3,D,1
44,58,0.0,2,C,0
44,59,1.0,1,B,1
44,60,0.0,2,C,0
44,61,0.0,0,A,1
44,62,0.0,1,B,0
44,63,1.0,1,B,1
44,64,1.0,2,C,2
44,65,1.0,4,E,4
44,66,0.0,3,D,0
44,67,0.0,1,B,2
44,68,1.0,1,B,1
44,69,0.0,1,B,0
44,70,0.0,1,B,2
44,71,0.0,1,B,3
44,72,0.0,0,A,2
44,73,1.0,2,C,2
44,74,1.0,0,A,0
44,75,0.0,1,B,3
44,76,0.0,1,B,4
44,77,0.0,0,A,2
44,78,0.0,3,D,1
44,79,0.0,2,C,3
44,80,1.0,3,D,3
44,81,0.0,1,B,3
44,82,0.0,2,C,3
44,83,1.0,3,D,3
44,84,0.0,1,B,4
44,85,0.0,0,A,2
44,86,0.0,0,A,2
44,87,0.0,0,A,2
44,88,0.0,0,A,1
44,89,0.0,4,E,2
44,90,0.0,1,B,0
44,91,0.0,1,B,4
44,92,1.0,2,C,2
44,93,0.0,2,C,3
44,94,1.0,1,B,1
44,95,1.0,1,B,1
44,96,0.0,2,C,3
44,97,0.0,0,A,1
44,98,0.0,0,A,4
44,99,0.0,1,B,0
44,100,0.0,0,A,2
44,101,0.0,1,B,3
44,102,1.0,2,C,2
44,103,0.0,1,B,0
44,104,0.0,2,C,1
44,105,0.0,3,D,4
44,106,0.0,2,C,3
44,107,0.0,1,B,3
44,108,0.0,3,D,1
44,109,1.0,2,C,2
44,110,0.0,2,C,0
44,111,0.0,2,C,4
44,112,0.0,1,B,0
44,113,1.0,1,B,1
44,114,0.0,2,C,4
44,115,0.0,4,E,0
44,116,1.0,2,C,2
44,117,0.0,2,C,1
44,118,0.0,2,C,3
44,119,0.0,2,C,4
44,120,0.0,2,C,1
44,121,1.0,1,B,1
44,122,0.0,2,C,4
44,123,0.0,4,E,3
44,124,0.0,3,D,1
44,125,0.0,1,B,0
44,126,0.0,1,B,2
44,127,0.0,1,B,4
44,128,0.0,0,A,4
44,129,0.0,1,B,4
44,130,0.0,3,D,2
44,131,0.0,0,A,2
44,132,0.0,1,B,4
44,133,0.0,1,B,3
44,134,1.0,3,D,3
44,135,0.0,3,D,2
44,136,0.0,3,D,2
44,137,0.0,1,B,2
44,138,0.0,0,A,2
44,139,0.0,0,A,2
44,140,1.0,0,A,0
44,141,0.0,0,A,4
44,142,0.0,1,B,3
44,143,0.0,0,A,3
44,144,0.0,0,A,1
44,145,0.0,3,D,0
44,146,0.0,0,A,3
44,147,0.0,0,A,3
44,148,0.0,2,C,1
44,149,0.0,3,D,2
44,150,0.0,0,A,4
44,151,0.0,1,B,4
44,152,1.0,1,B,1
44,153,0.0,1,B,0
44,154,0.0,2,C,0
44,155,0.0,3,D,2
44,156,0.0,1,B,0
44,157,0.0,0,A,3
44,158,0.0,3,D,1
44,159,0.0,0,A,1
44,160,1.0,4,E,4
44,161,0.0,1,B,2
44,162,0.0,0,A,2
44,163,0.0,1,B,4
44,164,1.0,2,C,2
44,165,1.0,1,B,1
44,166,0.0,3,D,0
44,167,0.0,2,C,4
44,168,1.0,3,D,3
44,169,0.0,2,C,0
44,170,0.0,2,C,0
44,171,0.0,3,D,0
44,172,0.0,3,D,0
44,173,0.0,1,B,3
44,174,0.0,1,B,3
44,175,0.0,4,E,0
44,176,0.0,0,A,1
44,177,1.0,1,B,1
44,178,0.0,2,C,4
44,179,0.0,0,A,4
44,180,1.0,4,E,4
44,181,1.0,1,B,1
44,182,1.0,2,C,2
44,183,0.0,2,C,0
44,184,1.0,4,E,4
44,185,0.0,3,D,2
44,186,0.0,3,D,1
44,187,0.0,2,C,1
44,188,1.0,2,C,2
44,189,1.0,1,B,1
44,190,0.0,2,C,0
44,191,1.0,0,A,0
44,192,0.0,3,D,2
44,193,0.0,1,B,4
44,194,1.0,3,D,3
44,195,0.0,0,A,2
44,196,0.0,2,C,1
44,197,1.0,1,B,1
44,198,0.0,3,D,2
44,199,0.0,3,D,4
44,200,0.0,2,C,0
44,201,0.0,3,D,2
44,202,1.0,1,B,1
44,203,0.0,3,D,2
44,204,0.0,2,C,1
44,205,0.0,4,E,2
44,206,0.0,1,B,3
44,207,0.0,0,A,4
44,208,0.0,1,B,4
44,209,0.0,3,D,4
44,210,0.0,0,A,1
44,211,0.0,3,D,1
44,212,0.0,2,C,0
44,213,0.0,3,D,2
44,214,0.0,3,D,4
44,215,1.0,2,C,2
44,216,0.0,2,C,3
44,217,1.0,2,C,2
44,218,0.0,0,A,4
44,219,0.0,2,C,3
44,220,0.0,1,B,0
44,221,1.0,3,D,3
44,222,1.0,2,C,2
44,223,0.0,2,C,0
44,224,1.0,2,C,2
44,225,0.0,3,D,4
44,226,0.0,2,C,1
44,227,0.0,2,C,3
44,228,0.0,0,A,2
44,229,0.0,0,A,2
44,230,1.0,1,B,1
44,231,0.0,0,A,2
44,232,1.0,1,B,1
44,233,0.0,1,B,4
44,234,0.0,2,C,0
44,235,0.0,4,E,1
44,236,0.0,1,B,2
44,237,0.0,3,D,0
44,238,1.0,0,A,0
44,239,0.0,3,D,1
44,240,1.0,4,E,4
44,241,1.0,1,B,1
44,242,0.0,2,C,0
44,243,0.0,0,A,4
44,244,0.0,1,B,3
44,245,0.0,0,A,3
44,246,0.0,1,B,4
44,247,1.0,0,A,0
44,248,1.0,3,D,3
44,249,0.0,3,D,0
44,250,0.0,0,A,4
44,251,0.0,3,D,2
44,252,0.0,2,C,4
44,253,0.0,3,D,1
44,254,0.0,0,A,4
44,255,0.0,3,D,0
44,256,1.0,4,E,4
44,257,0.0,1,B,4
44,258,0.0,2,C,0
44,259,1.0,1,B,1
44,260,0.0,0,A,3
44,261,1.0,2,C,2
44,262,0.0,2,C,1
44,263,0.0,1,B,0
44,264,0.0,1,B,2
44,265,0.0,3,D,1
44,266,0.0,2,C,4
44,267,0.0,2,C,3
44,268,0.0,2,C,3
44,269,0.0,3,D,4
44,270,0.0,3,D,2
44,271,0.0,4,E,3
44,272,0.0,0,A,2
44,273,0.0,3,D,1
44,274,0.0,0,A,4
44,275,1.0,2,C,2
44,276,1.0,0,A,0
44,277,0.0,0,A,3
44,278,0.0,0,A,2
44,279,0.0,3,D,0
44,280,0.0,0,A,3
44,281,0.0,1,B,3
44,282,0.0,3,D,4
44,283,1.0,0,A,0
44,284,1.0,4,E,4
44,285,0.0,4,E,3
44,286,0.0,3,D,4
44,287,0.0,3,D,4
44,288,0.0,1,B,3
44,289,1.0,2,C,2
44,290,1.0,3,D,3
44,291,0.0,2,C,3
44,292,0.0,2,C,3
44,293,0.0,3,D,2
44,294,0.0,2,C,4
44,295,1.0,3,D,3
44,296,0.0,3,D,0
44,297,0.0,0,A,4
44,298,1.0,3,D,3
44,299,0.0,0,A,1
44,300,0.0,1,B,3
44,301,0.0,1,B,0
44,302,0.0,2,C,0
48,0,0.0,1,B,0
48,1,0.0,3,D,0
48,2,0.0,0,A,2
48,3,0.0,4,E,2
48,4,0.0,0,A,2
48,5,0.0,3,D,4
48,6,0.0,2,C,0
48,7,0.0,3,D,0
48,8,0.0,2,C,3
48,9,0.0,0,A,2
48,10,1.0,4,E,4
48,11,1.0,4,E,4
48,12,0.0,1,B,2
48,13,0.0,3,D,0
48,14,0.0,0,A,2
48,15,0.0,0,A,3
48,16,1.0,2,C,2
48,17,1.0,2,C,2
48,18,1.0,2,C,2
48,19,0.0,1,B,4
48,20,0.0,1,B,2
48,21,0.0,2,C,3
48,22,1.0,1,B,1
48,23,0.0,2,C,3
48,24,0.0,0,A,2
48,25,0.0,1,B,0
48,26,0.0,0,A,3
48,27,0.0,1,B,0
48,28,0.0,1,B,4
48,29,0.0,0,A,4
48,30,1.0,1,B,1
48,31,0.0,1,B,3
48,32,0.0,0,A,4
48,33,1.0,3,D,3
48,34,0.0,4,E,3
48,35,1.0,3,D,3
48,36,1.0,1,B,1
48,37,0.0,1,B,2
48,38,0.0,1,B,0
48,39,0.0,2,C,4
48,40,0.0,1,B,3
48,41,0.0,2,C,0
48,42,0.0,0,A,1
48,43,1.0,1,B,1
48,44,0.0,2,C,4
48,45,0.0,2,C,3
48,46,0.0,2,C,0
48,47,1.0,3,D,3
48,48,1.0,2,C,2
48,49,0.0,2,C,4
48,50,0.0,2,C,1
48,51,0.0,1,B,3
48,52,1.0,0,A,0
48,53,0.0,1,B,3
48,54,0.0,0,A,4
48,55,0.0,1,B,0
48,56,0.0,2,C,3
48,57,0.0,3,D,1
48,58,0.0,2,C,0
48,59,1.0,1,B,1
48,60,0.0,2,C,0
48,61,1.0,1,B,1
48,62,0.0,1,B,0
48,63,1.0,1,B,1
48,64,1.0,2,C,2
48,65,1.0,4,E,4
48,66,0.0,3,D,0
48,67,0.0,1,B,2
48,68,1.0,1,B,1
48,69,0.0,1,B,0
48,70,0.0,1,B,2
48,71,0.0,1,B,3
48,72,0.0,0,A,2
48,73,1.0,2,C,2
48,74,1.0,0,A,0
48,75,0.0,1,B,3
48,76,0.0,1,B,4
48,77,0.0,0,A,2
48,78,0.0,3,D,1
48,79,0.0,2,C,3
48,80,0.0,2,C,3
48,81,0.0,1,B,3
48,82,0.0,2,C,3
48,83,1.0,3,D,3
48,84,0.0,1,B,4
48,85,0.0,0,A,2
48,86,0.0,0,A,2
48,87,0.0,0,A,2
48,88,0.0,0,A,1
48,89,0.0,4,E,2
48,90,0.0,1,B,0
48,91,0.0,1,B,4
48,92,1.0,2,C,2
48,93,0.0,2,C,3
48,94,1.0,1,B,1
48,95,1.0,1,B,1
48,96,0.0,2,C,3
48,97,0.0,0,A,1
48,98,0.0,2,C,4
48,99,0.0,1,B,0
48,100,0.0,0,A,2
48,101,0.0,1,B,3
48,102,1.0,2,C,2
48,103,0.0,1,B,0
48,104,0.0,2,C,1
48,105,0.0,3,D,4
48,106,0.0,1,B,3
48,107,0.0,1,B,3
48,108,0.0,3,D,1
48,109,1.0,2,C,2
48,110,0.0,2,C,0
48,111,0.0,2,C,4
48,112,0.0,1,B,0
48,113,1.0,1,B,1
48,114,0.0,2,C,4
48,115,0.0,4,E,0
48,116,1.0,2,C,2
48,117,0.0,2,C,1
48,118,0.0,2,C,3
48,119,0.0,2,C,4
48,120,0.0,2,C,1
48,121,1.0,1,B,1
48,122,0.0,2,C,4
48,123,0.0,4,E,3
48,124,0.0,3,D,1
48,125,0.0,1,B,0
48,126,0.0,1,B,2
48,127,0.0,1,B,4
48,128,0.0,0,A,4
48,129,0.0,1,B,4
48,130,0.0,3,D,2
48,131,0.0,0,A,2
48,132,0.0,1,B,4
48,133,0.0,1,B,3
48,134,1.0,3,D,3
48,135,0.0,1,B,2
48,136,0.0,3,D,2
48,137,0.0,1,B,2
48,138,0.0,1,B,2
48,139,0.0,0,A,2
48,140,1.0,0,A,0
48,141,0.0,0,A,4
48,142,0.0,1,B,3
48,143,0.0,0,A,3
48,144,0.0,0,A,1
48,145,0.0,3,D,0
48,146,0.0,0,A,3
48,147,0.0,0,A,3
48,148,0.0,2,C,1
48,149,0.0,3,D,2
48,150,0.0,0,A,4
48,151,0.0,1,B,4
48,152,1.0,1,B,1
48,153,0.0,1,B,0
48,154,0.0,2,C,0
48,155,0.0,3,D,2
48,156,0.0,1,B,0
48,157,0.0,0,A,3
48,158,0.0,3,D,1
48,159,0.0,0,A,1
48,160,1.0,4,E,4
48,161,0.0,1,B,2
48,162,0.0,0,A,2
48,163,0.0,1,B,4
48,164,1.0,2,C,2
48,165,1.0,1,B,1
48,166,0.0,3,D,0
48,167,0.0,2,C,4
48,168,1.0,3,D,3
48,169,0.0,2,C,0
48,170,0.0,2,C,0
48,171,0.0,3,D,0
48,172,0.0,3,D,0
48,173,0.0,1,B,3
48,174,0.0,1,B,3
48,175,0.0,4,E,0
48,176,0.0,0,A,1
48,177,1.0,1,B,1
48,178,0.0,2,C,4
48,179,0.0,0,A,4
48,180,1.0,4,E,4
48,181,1.0,1,B,1
48,182,1.0,2,C,2
48,183,0.0,2,C,0
48,184,1.0,4,E,4
48,185,0.0,3,D,2
48,186,0.0,3,D,1
48,187,0.0,2,C,1
48,188,1.0,2,C,2
48,189,1.0,1,B,1
48,190,0.0,2,C,0
48,191,1.0,0,A,0
48,192,0.0,3,D,2
48,193,0.0,1,B,4
48,194,1.0,3,D,3
48,195,0.0,0,A,2
48,196,0.0,2,C,1
48,197,1.0,1,B,1
48,198,0.0,3,D,2
48,199,0.0,3,D,4
48,200,0.0,2,C,0
48,201,0.0,3,D,2
48,202,0.0,2,C,1
48,203,0.0,3,D,2
48,204,0.0,2,C,1
48,205,0.0,4,E,2
48,206,0.0,1,B,3
48,207,0.0,0,A,4
48,208,0.0,1,B,4
48,209,0.0,3,D,4
48,210,0.0,0,A,1
48,211,0.0,3,D,1
48,212,0.0,2,C,0
48,213,0.0,3,D,2
48,214,0.0,3,D,4
48,215,1.0,2,C,2
48,216,0.0,2,C,3
48,217,1.0,2,C,2
48,218,0.0,0,A,4
48,219,0.0,2,C,3
48,220,0.0,1,B,0
48,221,1.0,3,D,3
48,222,1.0,2,C,2
48,223,0.0,2,C,0
48,224,1.0,2,C,2
48,225,0.0,3,D,4
48,226,0.0,2,C,1
48,227,0.0,0,A,3
48,228,0.0,0,A,2
48,229,0.0,0,A,2
48,230,1.0,1,B,1
48,231,0.0,1,B,2
48,232,1.0,1,B,1
48,233,0.0,1,B,4
48,234,0.0,2,C,0
48,235,0.0,4,E,1
48,236,0.0,1,B,2
48,237,0.0,3,D,0
48,238,1.0,0,A,0
48,239,0.0,3,D,1
48,240,1.0,4,E,4
48,241,1.0,1,B,1
48,242,0.0,2,C,0
48,243,1.0,4,E,4
48,244,0.0,1,B,3
48,245,0.0,0,A,3
48,246,0.0,1,B,4
48,247,1.0,0,A,0
48,248,1.0,3,D,3
48,249,0.0,3,D,0
48,250,0.0,0,A,4
48,251,0.0,3,D,2
48,252,0.0,2,C,4
48,253,0.0,3,D,1
48,254,0.0,0,A,4
48,255,0.0,3,D,0
48,256,1.0,4,E,4
48,257,0.0,1,B,4
48,258,0.0,2,C,0
48,259,1.0,1,B,1
48,260,0.0,0,A,3
48,261,1.0,2,C,2
48,262,0.0,2,C,1
48,263,0.0,1,B,0
48,264,0.0,1,B,2
48,265,0.0,3,D,1
48,266,0.0,2,C,4
48,267,0.0,2,C,3
48,268,0.0,2,C,3
48,269,0.0,3,D,4
48,270,0.0,3,D,2
48,271,0.0,4,E,3
48,272,0.0,0,A,2
48,273,0.0,3,D,1
48,274,0.0,0,A,4
48,275,1.0,2,C,2
48,276,0.0,2,C,0
48,277,0.0,0,A,3
48,278,0.0,1,B,2
48,279,0.0,3,D,0
48,280,0.0,0,A,3
48,281,0.0,1,B,3
48,282,0.0,3,D,4
48,283,1.0,0,A,0
48,284,1.0,4,E,4
48,285,0.0,4,E,3
48,286,0.0,3,D,4
48,287,0.0,3,D,4
48,288,0.0,1,B,3
48,289,1.0,2,C,2
48,290,1.0,3,D,3
48,291,0.0,2,C,3
48,292,0.0,2,C,3
48,293,0.0,3,D,2
48,294,0.0,2,C,4
48,295,1.0,3,D,3
48,296,0.0,3,D,0
48,297,0.0,1,B,4
48,298,1.0,3,D,3
48,299,0.0,0,A,1
48,300,0.0,1,B,3
48,301,0.0,1,B,0
48,302,0.0,2,C,0
52,0,0.0,1,B,0
52,1,0.0,3,D,0
52,2,0.0,0,A,2
52,3,0.0,4,E,2
52,4,0.0,0,A,2
52,5,0.0,3,D,4
52,6,0.0,2,C,0
52,7,0.0,3,D,0
52,8,0.0,2,C,3
52,9,0.0,0,A,2
52,10,1.0,4,E,4
52,11,1.0,4,E,4
52,12,0.0,1,B,2
52,13,0.0,3,D,0
52,14,0.0,0,A,2
52,15,0.0,0,A,3
52,16,1.0,2,C,2
52,17,1.0,2,C,2
52,18,1.0,2,C,2
52,19,0.0,1,B,4
52,20,0.0,1,B,2
52,21,0.0,2,C,3
52,22,1.0,1,B,1
52,23,0.0,2,C,3
52,24,0.0,0,A,2
52,25,0.0,1,B,0
52,26,0.0,0,A,3
52,27,0.0,1,B,0
52,28,0.0,1,B,4
52,29,0.0,0,A,4
52,30,1.0,1,B,1
52,31,0.0,1,B,3
52,32,0.0,0,A,4
52,33,1.0,3,D,3
52,34,0.0,4,E,3
52,35,1.0,3,D,3
52,36,1.0,1,B,1
52,37,0.0,1,B,2
52,38,0.0,1,B,0
52,39,0.0,2,C,4
52,40,0.0,1,B,3
52,41,0.0,2,C,0
52,42,0.0,0,A,1
52,43,1.0,1,B,1
52,44,0.0,2,C,4
52,45,0.0,2,C,3
52,46,0.0,2,C,0
52,47,1.0,3,D,3
52,48,1.0,2,C,2
52,49,0.0,2,C,4
52,50,0.0,2,C,1
52,51,0.0,1,B,3
52,52,1.0,0,A,0
52,53,0.0,1,B,3
52,54,0.0,0,A,4
52,55,0.0,1,B,0
52,56,0.0,2,C,3
52,57,0.0,3,D,1
52,58,0.0,2,C,0
52,59,1.0,1,B,1
52,60,0.0,2,C,0
52,61,1.0,1,B,1
52,62,0.0,1,B,0
52,63,1.0,1,B,1
52,64,1.0,2,C,2
52,65,1.0,4,E,4
52,66,0.0,3,D,0
52,67,0.0,1,B,2
52,68,1.0,1,B,1
52,69,0.0,1,B,0
52,70,0.0,0,A,2
52,71,0.0,1,B,3
52,72,0.0,0,A,2
52,73,1.0,2,C,2
52,74,1.0,0,A,0
52,75,0.0,1,B,3
52,76,0.0,1,B,4
52,77,0.0,0,A,2
52,78,0.0,3,D,1
52,79,0.0,2,C,3
52,80,0.0,2,C,3
52,81,0.0,1,B,3
52,82,0.0,2,C,3
52,83,1.0,3,D,3
52,84,0.0,1,B,4
52,85,0.0,0,A,2
52,86,0.0,0,A,2
52,87,0.0,1,B,2
52,88,0.0,0,A,1
52,89,0.0,4,E,2
52,90,0.0,1,B,0
52,91,0.0,1,B,4
52,92,1.0,2,C,2
52,93,0.0,2,C,3
52,94,1.0,1,B,1
52,95,1.0,1,B,1
52,96,0.0,2,C,3
52,97,0.0,0,A,1
52,98,0.0,2,C,4
52,99,0.0,1,B,0
52,100,0.0,0,A,2
52,101,0.0,1,B,3
52,102,1.0,2,C,2
52,103,0.0,1,B,0
52,104,0.0,2,C,1
52,105,0.0,3,D,4
52,106,0.0,1,B,3
52,107,0.0,1,B,3
52,108,0.0,3,D,1
52,109,1.0,2,C,2
52,110,0.0,2,C,0
52,111,0.0,2,C,4
52,112,0.0,1,B,0
52,113,1.0,1,B,1
52,114,0.0,2,C,4
52,115,0.0,4,E,0
52,116,1.0,2,C,2
52,117,0.0,2,C,1
52,118,0.0,2,C,3
52,119,0.0,2,C,4
52,120,0.0,2,C,1
52,121,1.0,1,B,1
52,122,0.0,2,C,4
52,123,0.0,4,E,3
52,124,0.0,3,D,1
52,125,0.0,1,B,0
52,126,1.0,2,C,2
52,127,0.0,1,B,4
52,128,0.0,0,A,4
52,129,0.0,1,B,4
52,130,0.0,3,D,2
52,131,0.0,0,A,2
52,132,0.0,1,B,4
52,133,0.0,1,B,3
52,134,1.0,3,D,3
52,135,0.0,1,B,2
52,136,0.0,3,D,2
52,137,0.0,1,B,2
52,138,0.0,1,B,2
52,139,0.0,0,A,2
52,140,1.0,0,A,0
52,141,0.0,0,A,4
52,142,0.0,1,B,3
52,143,0.0,0,A,3
52,144,0.0,0,A,1
52,145,0.0,3,D,0
52,146,0.0,0,A,3
52,147,0.0,0,A,3
52,148,0.0,2,C,1
52,149,0.0,3,D,2
52,150,0.0,0,A,4
52,151,0.0,1,B,4
52,152,1.0,1,B,1
52,153,0.0,1,B,0
52,154,0.0,2,C,0
52,155,0.0,3,D,2
52,156,0.0,1,B,0
52,157,0.0,0,A,3
52,158,0.0,3,D,1
52,159,0.0,0,A,1
52,160,1.0,4,E,4
52,161,0.0,1,B,2
52,162,0.0,1,B,2
52,163,0.0,1,B,4
52,164,1.0,2,C,2
52,165,1.0,1,B,1
52,166,0.0,3,D,0
52,167,0.0,2,C,4
52,168,1.0,3,D,3
52,169,0.0,2,C,0
52,170,0.0,2,C,0
52,171,0.0,3,D,0
52,172,0.0,3,D,0
52,173,0.0,1,B,3
52,174,0.0,1,B,3
52,175,0.0,4,E,0
52,176,0.0,0,A,1
52,177,1.0,1,B,1
52,178,0.0,2,C,4
52,179,0.0,0,A,4
52,180,1.0,4,E,4
52,181,1.0,1,B,1
52,182,1.0,2,C,2
52,183,0.0,2,C,0
52,184,1.0,4,E,4
52,185,0.0,3,D,2
52,186,0.0,3,D,1
52,187,0.0,2,C,1
52,188,1.0,2,C,2
52,189,0.0,2,C,1
52,190,0.0,2,C,0
52,191,1.0,0,A,0
52,192,0.0,3,D,2
52,193,0.0,1,B,4
52,194,1.0,3,D,3
52,195,0.0,0,A,2
52,196,0.0,2,C,1
52,197,1.0,1,B,1
52,198,0.0,3,D,2
52,199,0.0,3,D,4
52,200,0.0,2,C,0
52,201,0.0,3,D,2
52,202,0.0,2,C,1
52,203,0.0,3,D,2
52,204,0.0,2,C,1
52,205,0.0,4,E,2
52,206,0.0,1,B,3
52,207,0.0,0,A,4
52,208,0.0,1,B,4
52,209,0.0,3,D,4
52,210,0.0,0,A,1
52,211,0.0,3,D,1
52,212,0.0,2,C,0
52,213,0.0,3,D,2
52,214,0.0,3,D,4
52,215,1.0,2,C,2
52,216,0.0,2,C,3
52,217,1.0,2,C,2
52,218,0.0,0,A,4
52,219,0.0,2,C,3
52,220,0.0,1,B,0
52,221,1.0,3,D,3
52,222,1.0,2,C,2
52,223,0.0,2,C,0
52,224,1.0,2,C,2
52,225,0.0,3,D,4
52,226,0.0,2,C,1
52,227,0.0,0,A,3
52,228,0.0,0,A,2
52,229,0.0,0,A,2
52,230,1.0,1,B,1
52,231,0.0,1,B,2
52,232,1.0,1,B,1
52,233,0.0,1,B,4
52,234,0.0,2,C,0
52,235,0.0,4,E,1
52,236,0.0,1,B,2
52,237,0.0,3,D,0
52,238,1.0,0,A,0
52,239,0.0,3,D,1
52,240,1.0,4,E,4
52,241,1.0,1,B,1
52,242,0.0,2,C,0
52,243,0.0,0,A,4
52,244,0.0,1,B,3
52,245,0.0,0,A,3
52,246,0.0,1,B,4
52,247,1.0,0,A,0
52,248,1.0,3,D,3
52,249,0.0,3,D,0
52,250,0.0,0,A,4
52,251,0.0,3,D,2
52,252,0.0,2,C,4
52,253,0.0,3,D,1
52,254,0.0,0,A,4
52,255,0.0,3,D,0
52,256,1.0,4,E,4
52,257,0.0,1,B,4
52,258,0.0,2,C,0
52,259,1.0,1,B,1
52,260,0.0,0,A,3
52,261,1.0,2,C,2
52,262,0.0,2,C,1
52,263,0.0,1,B,0
52,264,1.0,2,C,2
52,265,0.0,3,D,1
52,266,0.0,2,C,4
52,267,0.0,2,C,3
52,268,0.0,2,C,3
52,269,0.0,3,D,4
52,270,0.0,3,D,2
52,271,0.0,4,E,3
52,272,0.0,1,B,2
52,273,0.0,3,D,1
52,274,0.0,0,A,4
52,275,1.0,2,C,2
52,276,0.0,2,C,0
52,277,0.0,0,A,3
52,278,0.0,1,B,2
52,279,0.0,3,D,0
52,280,0.0,0,A,3
52,281,0.0,1,B,3
52,282,0.0,3,D,4
52,283,1.0,0,A,0
52,284,1.0,4,E,4
52,285,0.0,4,E,3
52,286,0.0,3,D,4
52,287,0.0,3,D,4
52,288,0.0,1,B,3
52,289,1.0,2,C,2
52,290,1.0,3,D,3
52,291,0.0,2,C,3
52,292,0.0,2,C,3
52,293,0.0,3,D,2
52,294,0.0,2,C,4
52,295,1.0,3,D,3
52,296,0.0,3,D,0
52,297,0.0,1,B,4
52,298,1.0,3,D,3
52,299,0.0,0,A,1
52,300,0.0,1,B,3
52,301,0.0,1,B,0
52,302,0.0,2,C,0
56,0,0.0,1,B,0
56,1,0.0,3,D,0
56,2,0.0,0,A,2
56,3,0.0,4,E,2
56,4,0.0,0,A,2
56,5,0.0,3,D,4
56,6,0.0,2,C,0
56,7,0.0,3,D,0
56,8,0.0,2,C,3
56,9,0.0,0,A,2
56,10,1.0,4,E,4
56,11,1.0,4,E,4
56,12,0.0,1,B,2
56,13,0.0,3,D,0
56,14,0.0,0,A,2
56,15,0.0,0,A,3
56,16,1.0,2,C,2
56,17,1.0,2,C,2
56,18,1.0,2,C,2
56,19,0.0,1,B,4
56,20,0.0,1,B,2
56,21,0.0,2,C,3
56,22,1.0,1,B,1
56,23,0.0,2,C,3
56,24,0.0,0,A,2
56,25,0.0,1,B,0
56,26,1.0,3,D,3
56,27,0.0,1,B,0
56,28,0.0,1,B,4
56,29,0.0,0,A,4
56,30,1.0,1,B,1
56,31,1.0,3,D,3
56,32,0.0,0,A,4
56,33,1.0,3,D,3
56,34,0.0,4,E,3
56,35,1.0,3,D,3
56,36,1.0,1,B,1
56,37,0.0,1,B,2
56,38,0.0,1,B,0
56,39,0.0,2,C,4
56,40,0.0,1,B,3
56,41,0.0,2,C,0
56,42,0.0,0,A,1
56,43,1.0,1,B,1
56,44,0.0,2,C,4
56,45,0.0,2,C,3
56,46,0.0,2,C,0
56,47,1.0,3,D,3
56,48,1.0,2,C,2
56,49,0.0,1,B,4
56,50,0.0,2,C,1
56,51,0.0,1,B,3
56,52,1.0,0,A,0
56,53,0.0,1,B,3
56,54,0.0,0,A,4
56,55,0.0,1,B,0
56,56,0.0,2,C,3
56,57,0.0,3,D,1
56,58,0.0,2,C,0
56,59,1.0,1,B,1
56,60,0.0,2,C,0
56,61,1.0,1,B,1
56,62,0.0,1,B,0
56,63,1.0,1,B,1
56,64,1.0,2,C,2
56,65,1.0,4,E,4
56,66,0.0,3,D,0
56,67,0.0,1,B,2
56,68,1.0,1,B,1
56,69,0.0,1,B,0
56,70,0.0,0,A,2
56,71,0.0,1,B,3
56,72,0.0,0,A,2
56,73,1.0,2,C,2
56,74,1.0,0,A,0
56,75,0.0,1,B,3
56,76,0.0,1,B,4
56,77,0.0,0,A,2
56,78,0.0,3,D,1
56,79,0.0,2,C,3
56,80,0.0,2,C,3
56,81,0.0,1,B,3
56,82,0.0,2,C,3
56,83,1.0,3,D,3
56,84,0.0,1,B,4
56,85,0.0,0,A,2
56,86,0.0,0,A,2
56,87,0.0,0,A,2
56,88,0.0,0,A,1
56,89,0.0,4,E,2
56,90,0.0,1,B,0
56,91,0.0,1,B,4
56,92,1.0,2,C,2
56,93,0.0,2,C,3
56,94,1.0,1,B,1
56,95,1.0,1,B,1
56,96,0.0,2,C,3
56,97,0.0,0,A,1
56,98,0.0,2,C,4
56,99,0.0,1,B,0
56,100,0.0,0,A,2
56,101,0.0,1,B,3
56,102,1.0,2,C,2
56,103,0.0,4,E,0
56,104,0.0,2,C,1
56,105,0.0,3,D,4
56,106,0.0,1,B,3
56,107,1.0,3,D,3
56,108,0.0,3,D,1
56,109,1.0,2,C,2
56,110,0.0,2,C,0
56,111,0.0,2,C,4
56,112,0.0,1,B,0
56,113,1.0,1,B,1
56,114,0.0,2,C,4
56,115,0.0,4,E,0
56,116,1.0,2,C,2
56,117,0.0,2,C,1
56,118,0.0,2,C,3
56,119,0.0,2,C,4
56,120,0.0,0,A,1
56,121,1.0,1,B,1
56,122,0.0,2,C,4
56,123,0.0,4,E,3
56,124,0.0,3,D,1
56,125,0.0,1,B,0
56,126,1.0,2,C,2
56,127,0.0,1,B,4
56,128,0.0,0,A,4
56,129,0.0,1,B,4
56,130,0.0,3,D,2
56,131,0.0,0,A,2
56,132,0.0,1,B,4
56,133,0.0,1,B,3
56,134,1.0,3,D,3
56,135,0.0,1,B,2
56,136,0.0,3,D,2
56,137,1.0,2,C,2
56,138,0.0,1,B,2
56,139,0.0,0,A,2
56,140,1.0,0,A,0
56,141,0.0,0,A,4
56,142,0.0,1,B,3
56,143,0.0,0,A,3
56,144,0.0,0,A,1
56,145,0.0,3,D,0
56,146,0.0,0,A,3
56,147,0.0,0,A,3
56,148,0.0,2,C,1
56,149,0.0,3,D,2
56,150,0.0,0,A,4
56,151,0.0,1,B,4
56,152,1.0,1,B,1
56,153,0.0,1,B,0
56,154,0.0,2,C,0
56,155,0.0,3,D,2
56,156,0.0,1,B,0
56,157,0.0,0,A,3
56,158,0.0,3,D,1
56,159,0.0,0,A,1
56,160,1.0,4,E,4
56,161,0.0,1,B,2
56,162,0.0,1,B,2
56,163,0.0,1,B,4
56,164,1.0,2,C,2
56,165,1.0,1,B,1
56,166,0.0,3,D,0
56,167,0.0,2,C,4
56,168,1.0,3,D,3
56,169,0.0,2,C,0
56,170,0.0,2,C,0
56,171,0.0,3,D,0
56,172,0.0,3,D,0
56,173,0.0,1,B,3
56,174,0.0,1,B,3
56,175,0.0,4,E,0
56,176,0.0,0,A,1
56,177,0.0,3,D,1
56,178,0.0,2,C,4
56,179,0.0,0,A,4
56,180,1.0,4,E,4
56,181,1.0,1,B,1
56,182,1.0,2,C,2
56,183,0.0,2,C,0
56,184,1.0,4,E,4
56,185,0.0,3,D,2
56,186,0.0,3,D,1
56,187,0.0,2,C,1
56,188,1.0,2,C,2
56,189,0.0,2,C,1
56,190,0.0,2,C,0
56,191,1.0,0,A,0
56,192,0.0,3,D,2
56,193,0.0,1,B,4
56,194,1.0,3,D,3
56,195,0.0,0,A,2
56,196,0.0,2,C,1
56,197,1.0,1,B,1
56,198,0.0,3,D,2
56,199,0.0,3,D,4
56,200,0.0,2,C,0
56,201,0.0,3,D,2
56,202,0.0,2,C,1
56,203,0.0,3,D,2
56,204,0.0,2,C,1
56,205,0.0,4,E,2
56,206,0.0,2,C,3
56,207,0.0,0,A,4
56,208,0.0,1,B,4
56,209,0.0,3,D,4
56,210,0.0,0,A,1
56,211,0.0,3,D,1
56,212,0.0,2,C,0
56,213,0.0,3,D,2
56,214,0.0,3,D,4
56,215,1.0,2,C,2
56,216,0.0,2,C,3
56,217,1.0,2,C,2
56,218,0.0,0,A,4
56,219,0.0,2,C,3
56,220,0.0,1,B,0
56,221,1.0,3,D,3
56,222,1.0,2,C,2
56,223,0.0,2,C,0
56,224,1.0,2,C,2
56,225,0.0,3,D,4
56,226,0.0,2,C,1
56,227,0.0,0,A,3
56,228,0.0,0,A,2
56,229,0.0,0,A,2
56,230,1.0,1,B,1
56,231,0.0,1,B,2
56,232,1.0,1,B,1
56,233,0.0,1,B,4
56,234,0.0,2,C,0
56,235,0.0,4,E,1
56,236,0.0,1,B,2
56,237,0.0,3,D,0
56,238,1.0,0,A,0
56,239,0.0,3,D,1
56,240,1.0,4,E,4
56,241,1.0,1,B,1
56,242,0.0,2,C,0
56,243,0.0,0,A,4
56,244,0.0,1,B,3
56,245,0.0,0,A,3
56,246,0.0,1,B,4
56,247,1.0,0,A,0
56,248,1.0,3,D,3
56,249,0.0,3,D,0
56,250,0.0,0,A,4
56,251,0.0,3,D,2
56,252,0.0,2,C,4
56,253,0.0,3,D,1
56,254,0.0,0,A,4
56,255,0.0,3,D,0
56,256,1.0,4,E,4
56,257,0.0,1,B,4
56,258,0.0,2,C,0
56,259,1.0,1,B,1
56,260,0.0,0,A,3
56,261,1.0,2,C,2
56,262,0.0,2,C,1
56,263,0.0,1,B,0
56,264,1.0,2,C,2
56,265,0.0,3,D,1
56,266,0.0,2,C,4
56,267,0.0,2,C,3
56,268,0.0,2,C,3
56,269,0.0,3,D,4
56,270,0.0,3,D,2
56,271,0.0,2,C,3
56,272,0.0,1,B,2
56,273,0.0,3,D,1
56,274,0.0,2,C,4
56,275,1.0,2,C,2
56,276,0.0,2,C,0
56,277,0.0,0,A,3
56,278,0.0,1,B,2
56,279,0.0,3,D,0
56,280,0.0,0,A,3
56,281,0.0,1,B,3
56,282,0.0,3,D,4
56,283,1.0,0,A,0
56,284,1.0,4,E,4
56,285,0.0,4,E,3
56,286,0.0,3,D,4
56,287,0.0,3,D,4
56,288,0.0,1,B,3
56,289,1.0,2,C,2
56,290,1.0,3,D,3
56,291,0.0,2,C,3
56,292,0.0,2,C,3
56,293,0.0,3,D,2
56,294,0.0,2,C,4
56,295,1.0,3,D,3
56,296,0.0,3,D,0
56,297,0.0,1,B,4
56,298,1.0,3,D,3
56,299,0.0,0,A,1
56,300,0.0,1,B,3
56,301,0.0,1,B,0
56,302,0.0,2,C,0
60,0,0.0,1,B,0
60,1,0.0,3,D,0
60,2,0.0,0,A,2
60,3,0.0,4,E,2
60,4,0.0,0,A,2
60,5,0.0,3,D,4
60,6,0.0,2,C,0
60,7,0.0,3,D,0
60,8,0.0,2,C,3
60,9,0.0,0,A,2
60,10,1.0,4,E,4
60,11,1.0,4,E,4
60,12,0.0,1,B,2
60,13,0.0,3,D,0
60,14,0.0,0,A,2
60,15,0.0,0,A,3
60,16,1.0,2,C,2
60,17,1.0,2,C,2
60,18,1.0,2,C,2
60,19,0.0,1,B,4
60,20,0.0,1,B,2
60,21,0.0,2,C,3
60,22,1.0,1,B,1
60,23,0.0,2,C,3
60,24,0.0,0,A,2
60,25,0.0,1,B,0
60,26,1.0,3,D,3
60,27,0.0,1,B,0
60,28,0.0,1,B,4
60,29,0.0,0,A,4
60,30,1.0,1,B,1
60,31,1.0,3,D,3
60,32,0.0,0,A,4
60,33,1.0,3,D,3
60,34,0.0,4,E,3
60,35,1.0,3,D,3
60,36,1.0,1,B,1
60,37,0.0,1,B,2
60,38,0.0,1,B,0
60,39,0.0,2,C,4
60,40,0.0,1,B,3
60,41,0.0,2,C,0
60,42,0.0,0,A,1
60,43,1.0,1,B,1
60,44,0.0,2,C,4
60,45,0.0,2,C,3
60,46,0.0,2,C,0
60,47,1.0,3,D,3
60,48,1.0,2,C,2
60,49,0.0,1,B,4
60,50,0.0,2,C,1
60,51,0.0,1,B,3
60,52,1.0,0,A,0
60,53,0.0,1,B,3
60,54,0.0,0,A,4
60,55,0.0,1,B,0
60,56,0.0,2,C,3
60,57,0.0,3,D,1
60,58,0.0,2,C,0
60,59,1.0,1,B,1
60,60,0.0,2,C,0
60,61,1.0,1,B,1
60,62,0.0,1,B,0
60,63,1.0,1,B,1
60,64,1.0,2,C,2
60,65,1.0,4,E,4
60,66,0.0,3,D,0
60,67,0.0,1,B,2
60,68,1.0,1,B,1
60,69,0.0,1,B,0
60,70,0.0,0,A,2
60,71,0.0,1,B,3
60,72,0.0,0,A,2
60,73,1.0,2,C,2
60,74,1.0,0,A,0
60,75,0.0,1,B,3
60,76,0.0,1,B,4
60,77,0.0,0,A,2
60,78,0.0,3,D,1
60,79,0.0,2,C,3
60,80,0.0,2,C,3
60,81,0.0,1,B,3
60,82,0.0,2,C,3
60,83,1.0,3,D,3
60,84,0.0,1,B,4
60,85,0.0,0,A,2
60,86,0.0,0,A,2
60,87,0.0,0,A,2
60,88,0.0,0,A,1
60,89,0.0,4,E,2
60,90,0.0,1,B,0
60,91,0.0,1,B,4
60,92,1.0,2,C,2
60,93,0.0,2,C,3
60,94,1.0,1,B,1
60,95,1.0,1,B,1
60,96,1.0,3,D,3
60,97,0.0,0,A,1
60,98,0.0,2,C,4
60,99,0.0,1,B,0
60,100,0.0,0,A,2
60,101,0.0,1,B,3
60,102,1.0,2,C,2
60,103,0.0,4,E,0
60,104,0.0,2,C,1
60,105,0.0,3,D,4
60,106,0.0,1,B,3
60,107,1.0,3,D,3
60,108,0.0,3,D,1
60,109,1.0,2,C,2
60,110,0.0,2,C,0
60,111,0.0,2,C,4
60,112,0.0,1,B,0
60,113,1.0,1,B,1
60,114,0.0,2,C,4
60,115,0.0,4,E,0
60,116,1.0,2,C,2
60,117,0.0,2,C,1
60,118,0.0,2,C,3
60,119,0.0,2,C,4
60,120,0.0,0,A,1
60,121,1.0,1,B,1
60,122,0.0,2,C,4
60,123,0.0,4,E,3
60,124,0.0,3,D,1
60,125,0.0,1,B,0
60,126,1.0,2,C,2
60,127,0.0,1,B,4
60,128,0.0,0,A,4
60,129,0.0,1,B,4
60,130,0.0,3,D,2
60,131,0.0,0,A,2
60,132,0.0,1,B,4
60,133,0.0,1,B,3
60,134,1.0,3,D,3
60,135,0.0,1,B,2
60,136,0.0,3,D,2
60,137,1.0,2,C,2
60,138,0.0,1,B,2
60,139,0.0,1,B,2
60,140,1.0,0,A,0
60,141,0.0,0,A,4
60,142,0.0,1,B,3
60,143,0.0,0,A,3
60,144,0.0,0,A,1
60,145,0.0,3,D,0
60,146,0.0,0,A,3
60,147,0.0,0,A,3
60,148,0.0,2,C,1
60,149,0.0,3,D,2
60,150,0.0,0,A,4
60,151,0.0,1,B,4
60,152,1.0,1,B,1
60,153,0.0,1,B,0
60,154,0.0,4,E,0
60,155,0.0,3,D,2
60,156,0.0,1,B,0
60,157,1.0,3,D,3
60,158,0.0,3,D,1
60,159,0.0,0,A,1
60,160,1.0,4,E,4
60,161,0.0,1,B,2
60,162,0.0,1,B,2
60,163,0.0,1,B,4
60,164,1.0,2,C,2
60,165,1.0,1,B,1
60,166,0.0,3,D,0
60,167,0.0,2,C,4
60,168,1.0,3,D,3
60,169,0.0,2,C,0
60,170,0.0,2,C,0
60,171,0.0,3,D,0
60,172,0.0,3,D,0
60,173,0.0,1,B,3
60,174,0.0,1,B,3
60,175,0.0,4,E,0
60,176,0.0,0,A,1
60,177,0.0,3,D,1
60,178,0.0,2,C,4
60,179,0.0,3,D,4
60,180,1.0,4,E,4
60,181,1.0,1,B,1
60,182,1.0,2,C,2
60,183,0.0,2,C,0
60,184,1.0,4,E,4
60,185,0.0,3,D,2
60,186,0.0,3,D,1
60,187,0.0,2,C,1
60,188,1.0,2,C,2
60,189,0.0,2,C,1
60,190,0.0,2,C,0
60,191,1.0,0,A,0
60,192,0.0,3,D,2
60,193,0.0,1,B,4
60,194,1.0,3,D,3
60,195,0.0,0,A,2
60,196,0.0,2,C,1
60,197,1.0,1,B,1
60,198,0.0,3,D,2
60,199,0.0,3,D,4
60,200,0.0,2,C,0
60,201,0.0,3,D,2
60,202,0.0,2,C,1
60,203,0.0,3,D,2
60,204,0.0,2,C,1
60,205,0.0,4,E,2
60,206,0.0,2,C,3
60,207,0.0,0,A,4
60,208,0.0,1,B,4
60,209,0.0,3,D,4
60,210,0.0,0,A,1
60,211,0.0,3,D,1
60,212,0.0,2,C,0
60,213,0.0,3,D,2
60,214,0.0,3,D,4
60,215,1.0,2,C,2
60,216,0.0,2,C,3
60,217,1.0,2,C,2
60,218,0.0,0,A,4
60,219,0.0,2,C,3
60,220,0.0,1,B,0
60,221,1.0,3,D,3
60,222,1.0,2,C,2
60,223,0.0,2,C,0
60,224,1.0,2,C,2
60,225,0.0,3,D,4
60,226,0.0,2,C,1
60,227,0.0,0,A,3
60,228,0.0,0,A,2
60,229,0.0,0,A,2
60,230,1.0,1,B,1
60,231,0.0,1,B,2
60,232,1.0,1,B,1
60,233,0.0,1,B,4
60,234,0.0,2,C,0
60,235,0.0,4,E,1
60,236,0.0,1,B,2
60,237,0.0,3,D,0
60,238,1.0,0,A,0
60,239,0.0,3,D,1
60,240,1.0,4,E,4
60,241,1.0,1,B,1
60,242,0.0,2,C,0
60,243,0.0,0,A,4
60,244,0.0,1,B,3
60,245,0.0,0,A,3
60,246,0.0,1,B,4
60,247,1.0,0,A,0
60,248,1.0,3,D,3
60,249,0.0,3,D,0
60,250,0.0,0,A,4
60,251,0.0,3,D,2
60,252,0.0,2,C,4
60,253,0.0,3,D,1
60,254,0.0,0,A,4
60,255,0.0,3,D,0
60,256,1.0,4,E,4
60,257,0.0,1,B,4
60,258,0.0,2,C,0
60,259,1.0,1,B,1
60,260,0.0,0,A,3
60,261,1.0,2,C,2
60,262,0.0,2,C,1
60,263,0.0,1,B,0
60,264,1.0,2,C,2
60,265,0.0,3,D,1
60,266,0.0,2,C,4
60,267,0.0,2,C,3
60,268,0.0,2,C,3
60,269,0.0,3,D,4
60,270,0.0,3,D,2
60,271,0.0,2,C,3
60,272,0.0,1,B,2
60,273,0.0,3,D,1
60,274,0.0,2,C,4
60,275,1.0,2,C,2
60,276,0.0,2,C,0
60,277,0.0,0,A,3
60,278,0.0,1,B,2
60,279,0.0,3,D,0
60,280,0.0,0,A,3
60,281,0.0,1,B,3
60,282,0.0,3,D,4
60,283,1.0,0,A,0
60,284,1.0,4,E,4
60,285,0.0,4,E,3
60,286,0.0,3,D,4
60,287,0.0,3,D,4
60,288,0.0,1,B,3
60,289,1.0,2,C,2
60,290,1.0,3,D,3
60,291,0.0,2,C,3
60,292,0.0,2,C,3
60,293,0.0,3,D,2
60,294,0.0,2,C,4
60,295,1.0,3,D,3
60,296,0.0,3,D,0
60,297,0.0,1,B,4
60,298,1.0,3,D,3
60,299,0.0,0,A,1
60,300,0.0,1,B,3
60,301,0.0,1,B,0
60,302,0.0,2,C,0
64,0,0.0,1,B,0
64,1,0.0,3,D,0
64,2,0.0,0,A,2
64,3,0.0,4,E,2
64,4,0.0,0,A,2
64,5,0.0,1,B,4
64,6,0.0,2,C,0
64,7,0.0,3,D,0
64,8,0.0,2,C,3
64,9,0.0,0,A,2
64,10,1.0,4,E,4
64,11,1.0,4,E,4
64,12,0.0,1,B,2
64,13,0.0,3,D,0
64,14,0.0,0,A,2
64,15,0.0,0,A,3
64,16,1.0,2,C,2
64,17,1.0,2,C,2
64,18,1.0,2,C,2
64,19,0.0,1,B,4
64,20,0.0,1,B,2
64,21,0.0,2,C,3
64,22,1.0,1,B,1
64,23,0.0,2,C,3
64,24,0.0,0,A,2
64,25,0.0,1,B,0
64,26,0.0,0,A,3
64,27,0.0,1,B,0
64,28,0.0,1,B,4
64,29,0.0,0,A,4
64,30,1.0,1,B,1
64,31,1.0,3,D,3
64,32,0.0,0,A,4
64,33,1.0,3,D,3
64,34,0.0,4,E,3
64,35,1.0,3,D,3
64,36,1.0,1,B,1
64,37,0.0,1,B,2
64,38,0.0,1,B,0
64,39,0.0,2,C,4
64,40,0.0,1,B,3
64,41,0.0,2,C,0
64,42,0.0,0,A,1
64,43,1.0,1,B,1
64,44,0.0,2,C,4
64,45,0.0,2,C,3
64,46,0.0,2,C,0
64,47,1.0,3,D,3
64,48,1.0,2,C,2
64,49,0.0,1,B,4
64,50,0.0,2,C,1
64,51,0.0,1,B,3
64,52,1.0,0,A,0
64,53,0.0,1,B,3
64,54,0.0,0,A,4
64,55,0.0,1,B,0
64,56,0.0,2,C,3
64,57,0.0,3,D,1
64,58,0.0,2,C,0
64,59,1.0,1,B,1
64,60,0.0,2,C,0
64,61,1.0,1,B,1
64,62,0.0,1,B,0
64,63,1.0,1,B,1
64,64,1.0,2,C,2
64,65,1.0,4,E,4
64,66,0.0,3,D,0
64,67,0.0,1,B,2
64,68,1.0,1,B,1
64,69,0.0,1,B,0
64,70,0.0,0,A,2
64,71,0.0,1,B,3
64,72,0.0,0,A,2
64,73,1.0,2,C,2
64,74,1.0,0,A,0
64,75,0.0,1,B,3
64,76,0.0,1,B,4
64,77,0.0,0,A,2
64,78,0.0,3,D,1
64,79,0.0,2,C,3
64,80,0.0,2,C,3
64,81,0.0,1,B,3
64,82,0.0,2,C,3
64,83,1.0,3,D,3
64,84,0.0,1,B,4
64,85,0.0,0,A,2
64,86,0.0,0,A,2
64,87,0.0,0,A,2
64,88,0.0,0,A,1
64,89,0.0,4,E,2
64,90,0.0,1,B,0
64,91,1.0,4,E,4
64,92,1.0,2,C,2
64,93,0.0,2,C,3
64,94,1.0,1,B,1
64,95,1.0,1,B,1
64,96,1.0,3,D,3
64,97,0.0,0,A,1
64,98,0.0,2,C,4
64,99,0.0,1,B,0
64,100,0.0,0,A,2
64,101,0.0,1,B,3
64,102,1.0,2,C,2
64,103,0.0,4,E,0
64,104,0.0,2,C,1
64,105,0.0,3,D,4
64,106,0.0,1,B,3
64,107,0.0,1,B,3
64,108,0.0,3,D,1
64,109,1.0,2,C,2
64,110,0.0,2,C,0
64,111,0.0,2,C,4
64,112,0.0,1,B,0
64,113,1.0,1,B,1
64,114,0.0,2,C,4
64,115,0.0,4,E,0
64,116,1.0,2,C,2
64,117,0.0,2,C,1
64,118,0.0,2,C,3
64,119,0.0,2,C,4
64,120,0.0,0,A,1
64,121,1.0,1,B,1
64,122,0.0,2,C,4
64,123,0.0,4,E,3
64,124,0.0,3,D,1
64,125,0.0,1,B,0
64,126,1.0,2,C,2
64,127,0.0,1,B,4
64,128,0.0,0,A,4
64,129,0.0,1,B,4
64,130,0.0,3,D,2
64,131,0.0,0,A,2
64,132,0.0,1,B,4
64,133,0.0,1,B,3
64,134,1.0,3,D,3
64,135,0.0,1,B,2
64,136,0.0,3,D,2
64,137,1.0,2,C,2
64,138,0.0,1,B,2
64,139,0.0,0,A,2
64,140,1.0,0,A,0
64,141,0.0,0,A,4
64,142,0.0,1,B,3
64,143,0.0,0,A,3
64,144,0.0,0,A,1
64,145,0.0,3,D,0
64,146,0.0,0,A,3
64,147,0.0,0,A,3
64,148,0.0,2,C,1
64,149,0.0,3,D,2
64,150,0.0,0,A,4
64,151,0.0,1,B,4
64,152,1.0,1,B,1
64,153,0.0,1,B,0
64,154,0.0,2,C,0
64,155,0.0,3,D,2
64,156,0.0,1,B,0
64,157,1.0,3,D,3
64,158,0.0,3,D,1
64,159,0.0,0,A,1
64,160,1.0,4,E,4
64,161,0.0,1,B,2
64,162,0.0,1,B,2
64,163,0.0,1,B,4
64,164,1.0,2,C,2
64,165,1.0,1,B,1
64,166,0.0,3,D,0
64,167,0.0,2,C,4
64,168,1.0,3,D,3
64,169,0.0,2,C,0
64,170,0.0,2,C,0
64,171,0.0,3,D,0
64,172,0.0,3,D,0
64,173,0.0,1,B,3
64,174,0.0,1,B,3
64,175,0.0,4,E,0
64,176,0.0,0,A,1
64,177,0.0,3,D,1
64,178,0.0,2,C,4
64,179,0.0,3,D,4
64,180,1.0,4,E,4
64,181,1.0,1,B,1
64,182,1.0,2,C,2
64,183,0.0,2,C,0
64,184,1.0,4,E,4
64,185,0.0,3,D,2
64,186,0.0,3,D,1
64,187,0.0,2,C,1
64,188,1.0,2,C,2
64,189,0.0,2,C,1
64,190,0.0,2,C,0
64,191,1.0,0,A,0
64,192,0.0,3,D,2
64,193,0.0,1,B,4
64,194,1.0,3,D,3
64,195,0.0,0,A,2
64,196,0.0,2,C,1
64,197,1.0,1,B,1
64,198,0.0,3,D,2
64,199,0.0,3,D,4
64,200,0.0,2,C,0
64,201,0.0,3,D,2
64,202,0.0,2,C,1
64,203,0.0,3,D,2
64,204,0.0,2,C,1
64,205,0.0,4,E,2
64,206,0.0,2,C,3
64,207,0.0,0,A,4
64,208,0.0,1,B,4
64,209,0.0,3,D,4
64,210,0.0,0,A,1
64,211,0.0,3,D,1
64,212,0.0,2,C,0
64,213,0.0,3,D,2
64,214,0.0,3,D,4
64,215,1.0,2,C,2
64,216,0.0,2,C,3
64,217,1.0,2,C,2
64,218,0.0,0,A,4
64,219,0.0,2,C,3
64,220,0.0,1,B,0
64,221,1.0,3,D,3
64,222,1.0,2,C,2
64,223,0.0,2,C,0
64,224,1.0,2,C,2
64,225,0.0,3,D,4
64,226,0.0,2,C,1
64,227,0.0,0,A,3
64,228,0.0,0,A,2
64,229,0.0,0,A,2
64,230,1.0,1,B,1
64,231,0.0,1,B,2
64,232,1.0,1,B,1
64,233,0.0,1,B,4
64,234,0.0,2,C,0
64,235,0.0,4,E,1
64,236,0.0,1,B,2
64,237,0.0,3,D,0
64,238,1.0,0,A,0
64,239,0.0,3,D,1
64,240,1.0,4,E,4
64,241,1.0,1,B,1
64,242,0.0,2,C,0
64,243,0.0,0,A,4
64,244,0.0,1,B,3
64,245,0.0,0,A,3
64,246,0.0,1,B,4
64,247,1.0,0,A,0
64,248,1.0,3,D,3
64,249,0.0,3,D,0
64,250,0.0,0,A,4
64,251,0.0,3,D,2
64,252,0.0,2,C,4
64,253,0.0,3,D,1
64,254,0.0,0,A,4
64,255,0.0,3,D,0
64,256,1.0,4,E,4
64,257,0.0,1,B,4
64,258,0.0,2,C,0
64,259,1.0,1,B,1
64,260,0.0,0,A,3
64,261,1.0,2,C,2
64,262,0.0,2,C,1
64,263,0.0,1,B,0
64,264,1.0,2,C,2
64,265,0.0,3,D,1
64,266,0.0,2,C,4
64,267,0.0,2,C,3
64,268,0.0,2,C,3
64,269,0.0,3,D,4
64,270,0.0,3,D,2
64,271,0.0,4,E,3
64,272,0.0,1,B,2
64,273,0.0,3,D,1
64,274,0.0,2,C,4
64,275,1.0,2,C,2
64,276,0.0,2,C,0
64,277,0.0,0,A,3
64,278,0.0,1,B,2
64,279,0.0,3,D,0
64,280,0.0,0,A,3
64,281,0.0,1,B,3
64,282,0.0,3,D,4
64,283,0.0,3,D,0
64,284,1.0,4,E,4
64,285,0.0,4,E,3
64,286,0.0,3,D,4
64,287,0.0,3,D,4
64,288,1.0,3,D,3
64,289,1.0,2,C,2
64,290,1.0,3,D,3
64,291,0.0,2,C,3
64,292,0.0,2,C,3
64,293,0.0,3,D,2
64,294,0.0,2,C,4
64,295,1.0,3,D,3
64,296,0.0,3,D,0
64,297,0.0,1,B,4
64,298,1.0,3,D,3
64,299,0.0,0,A,1
64,300,0.0,1,B,3
64,301,0.0,1,B,0
64,302,0.0,2,C,0
68,0,0.0,1,B,0
68,1,0.0,3,D,0
68,2,0.0,0,A,2
68,3,0.0,4,E,2
68,4,0.0,0,A,2
68,5,0.0,1,B,4
68,6,0.0,2,C,0
68,7,0.0,3,D,0
68,8,0.0,2,C,3
68,9,0.0,0,A,2
68,10,1.0,4,E,4
68,11,1.0,4,E,4
68,12,0.0,1,B,2
68,13,0.0,3,D,0
68,14,0.0,0,A,2
68,15,0.0,0,A,3
68,16,1.0,2,C,2
68,17,1.0,2,C,2
68,18,1.0,2,C,2
68,19,0.0,1,B,4
68,20,0.0,1,B,2
68,21,0.0,2,C,3
68,22,1.0,1,B,1
68,23,0.0,2,C,3
68,24,0.0,0,A,2
68,25,0.0,1,B,0
68,26,0.0,0,A,3
68,27,0.0,1,B,0
68,28,1.0,4,E,4
68,29,0.0,0,A,4
68,30,1.0,1,B,1
68,31,1.0,3,D,3
68,32,0.0,0,A,4
68,33,1.0,3,D,3
68,34,0.0,4,E,3
68,35,1.0,3,D,3
68,36,1.0,1,B,1
68,37,0.0,1,B,2
68,38,0.0,1,B,0
68,39,0.0,2,C,4
68,40,0.0,1,B,3
68,41,0.0,2,C,0
68,42,0.0,0,A,1
68,43,1.0,1,B,1
68,44,0.0,2,C,4
68,45,0.0,2,C,3
68,46,0.0,2,C,0
68,47,1.0,3,D,3
68,48,1.0,2,C,2
68,49,0.0,1,B,4
68,50,0.0,2,C,1
68,51,0.0,1,B,3
68,52,1.0,0,A,0
68,53,0.0,1,B,3
68,54,0.0,0,A,4
68,55,0.0,1,B,0
68,56,0.0,2,C,3
68,57,0.0,3,D,1
68,58,0.0,2,C,0
68,59,1.0,1,B,1
68,60,0.0,2,C,0
68,61,1.0,1,B,1
68,62,0.0,1,B,0
68,63,1.0,1,B,1
68,64,1.0,2,C,2
68,65,1.0,4,E,4
68,66,0.0,3,D,0
68,67,0.0,1,B,2
68,68,1.0,1,B,1
68,69,0.0,1,B,0
68,70,0.0,0,A,2
68,71,0.0,1,B,3
68,72,0.0,0,A,2
68,73,1.0,2,C,2
68,74,1.0,0,A,0
68,75,0.0,1,B,3
68,76,0.0,1,B,4
68,77,0.0,0,A,2
68,78,0.0,3,D,1
68,79,0.0,2,C,3
68,80,0.0,2,C,3
68,81,0.0,1,B,3
68,82,0.0,2,C,3
68,83,1.0,3,D,3
68,84,0.0,1,B,4
68,85,0.0,0,A,2
68,86,0.0,0,A,2
68,87,0.0,0,A,2
68,88,0.0,0,A,1
68,89,0.0,4,E,2
68,90,0.0,1,B,0
68,91,1.0,4,E,4
68,92,1.0,2,C,2
68,93,0.0,2,C,3
68,94,1.0,1,B,1
68,95,1.0,1,B,1
68,96,1.0,3,D,3
68,97,0.0,0,A,1
68,98,0.0,2,C,4
68,99,0.0,1,B,0
68,100,0.0,0,A,2
68,101,0.0,1,B,3
68,102,1.0,2,C,2
68,103,0.0,4,E,0
68,104,0.0,2,C,1
68,105,0.0,3,D,4
68,106,0.0,1,B,3
68,107,0.0,1,B,3
68,108,0.0,3,D,1
68,109,1.0,2,C,2
68,110,0.0,2,C,0
68,111,0.0,2,C,4
68,112,0.0,1,B,0
68,113,1.0,1,B,1
68,114,0.0,2,C,4
68,115,0.0,4,E,0
68,116,1.0,2,C,2
68,117,0.0,2,C,1
68,118,0.0,2,C,3
68,119,0.0,2,C,4
68,120,0.0,0,A,1
68,121,1.0,1,B,1
68,122,0.0,2,C,4
68,123,0.0,4,E,3
68,124,0.0,3,D,1
68,125,0.0,1,B,0
68,126,1.0,2,C,2
68,127,0.0,1,B,4
68,128,0.0,0,A,4
68,129,0.0,1,B,4
68,130,0.0,3,D,2
68,131,0.0,0,A,2
68,132,0.0,1,B,4
68,133,0.0,1,B,3
68,134,1.0,3,D,3
68,135,0.0,1,B,2
68,136,0.0,3,D,2
68,137,1.0,2,C,2
68,138,0.0,1,B,2
68,139,0.0,0,A,2
68,140,1.0,0,A,0
68,141,0.0,0,A,4
68,142,0.0,1,B,3
68,143,0.0,0,A,3
68,144,0.0,0,A,1
68,145,0.0,3,D,0
68,146,0.0,0,A,3
68,147,0.0,0,A,3
68,148,0.0,2,C,1
68,149,0.0,3,D,2
68,150,0.0,0,A,4
68,151,0.0,1,B,4
68,152,1.0,1,B,1
68,153,0.0,1,B,0
68,154,0.0,2,C,0
68,155,0.0,3,D,2
68,156,0.0,1,B,0
68,157,1.0,3,D,3
68,158,0.0,3,D,1
68,159,0.0,0,A,1
68,160,1.0,4,E,4
68,161,0.0,1,B,2
68,162,0.0,1,B,2
68,163,0.0,1,B,4
68,164,1.0,2,C,2
68,165,1.0,1,B,1
68,166,0.0,3,D,0
68,167,0.0,2,C,4
68,168,1.0,3,D,3
68,169,0.0,2,C,0
68,170,0.0,2,C,0
68,171,0.0,3,D,0
68,172,0.0,3,D,0
68,173,0.0,1,B,3
68,174,0.0,1,B,3
68,175,0.0,4,E,0
68,176,0.0,0,A,1
68,177,1.0,1,B,1
68,178,0.0,2,C,4
68,179,0.0,3,D,4
68,180,1.0,4,E,4
68,181,1.0,1,B,1
68,182,1.0,2,C,2
68,183,0.0,2,C,0
68,184,1.0,4,E,4
68,185,0.0,3,D,2
68,186,0.0,3,D,1
68,187,0.0,2,C,1
68,188,1.0,2,C,2
68,189,0.0,2,C,1
68,190,0.0,2,C,0
68,191,1.0,0,A,0
68,192,0.0,3,D,2
68,193,0.0,1,B,4
68,194,1.0,3,D,3
68,195,0.0,0,A,2
68,196,0.0,2,C,1
68,197,1.0,1,B,1
68,198,0.0,3,D,2
68,199,0.0,3,D,4
68,200,0.0,2,C,0
68,201,0.0,3,D,2
68,202,0.0,2,C,1
68,203,0.0,3,D,2
68,204,0.0,2,C,1
68,205,0.0,4,E,2
68,206,0.0,2,C,3
68,207,0.0,0,A,4
68,208,0.0,1,B,4
68,209,0.0,3,D,4
68,210,0.0,0,A,1
68,211,0.0,3,D,1
68,212,0.0,2,C,0
68,213,0.0,3,D,2
68,214,0.0,3,D,4
68,215,1.0,2,C,2
68,216,0.0,2,C,3
68,217,1.0,2,C,2
68,218,0.0,0,A,4
68,219,0.0,2,C,3
68,220,0.0,1,B,0
68,221,1.0,3,D,3
68,222,1.0,2,C,2
68,223,0.0,2,C,0
68,224,1.0,2,C,2
68,225,0.0,3,D,4
68,226,0.0,2,C,1
68,227,0.0,0,A,3
68,228,0.0,0,A,2
68,229,0.0,0,A,2
68,230,1.0,1,B,1
68,231,0.0,1,B,2
68,232,1.0,1,B,1
68,233,0.0,3,D,4
68,234,0.0,2,C,0
68,235,0.0,4,E,1
68,236,0.0,1,B,2
68,237,0.0,3,D,0
68,238,1.0,0,A,0
68,239,0.0,3,D,1
68,240,1.0,4,E,4
68,241,1.0,1,B,1
68,242,0.0,2,C,0
68,243,0.0,0,A,4
68,244,0.0,1,B,3
68,245,0.0,0,A,3
68,246,0.0,1,B,4
68,247,1.0,0,A,0
68,248,1.0,3,D,3
68,249,0.0,3,D,0
68,250,0.0,0,A,4
68,251,0.0,3,D,2
68,252,0.0,2,C,4
68,253,0.0,3,D,1
68,254,0.0,0,A,4
68,255,0.0,3,D,0
68,256,1.0,4,E,4
68,257,0.0,1,B,4
68,258,0.0,2,C,0
68,259,1.0,1,B,1
68,260,0.0,0,A,3
68,261,1.0,2,C,2
68,262,0.0,2,C,1
68,263,0.0,1,B,0
68,264,1.0,2,C,2
68,265,0.0,3,D,1
68,266,0.0,2,C,4
68,267,0.0,2,C,3
68,268,0.0,2,C,3
68,269,0.0,3,D,4
68,270,0.0,3,D,2
68,271,0.0,4,E,3
68,272,0.0,1,B,2
68,273,0.0,3,D,1
68,274,0.0,0,A,4
68,275,1.0,2,C,2
68,276,0.0,2,C,0
68,277,0.0,0,A,3
68,278,0.0,1,B,2
68,279,0.0,3,D,0
68,280,0.0,0,A,3
68,281,0.0,1,B,3
68,282,0.0,3,D,4
68,283,0.0,3,D,0
68,284,1.0,4,E,4
68,285,0.0,4,E,3
68,286,0.0,3,D,4
68,287,0.0,3,D,4
68,288,0.0,1,B,3
68,289,1.0,2,C,2
68,290,1.0,3,D,3
68,291,0.0,2,C,3
68,292,0.0,2,C,3
68,293,0.0,3,D,2
68,294,0.0,2,C,4
68,295,1.0,3,D,3
68,296,0.0,3,D,0
68,297,0.0,1,B,4
68,298,1.0,3,D,3
68,299,0.0,0,A,1
68,300,0.0,1,B,3
68,301,0.0,1,B,0
68,302,0.0,2,C,0
72,0,0.0,1,B,0
72,1,0.0,3,D,0
72,2,0.0,0,A,2
72,3,0.0,4,E,2
72,4,0.0,0,A,2
72,5,0.0,1,B,4
72,6,0.0,2,C,0
72,7,0.0,3,D,0
72,8,0.0,2,C,3
72,9,0.0,0,A,2
72,10,1.0,4,E,4
72,11,1.0,4,E,4
72,12,0.0,1,B,2
72,13,0.0,3,D,0
72,14,0.0,0,A,2
72,15,0.0,0,A,3
72,16,1.0,2,C,2
72,17,1.0,2,C,2
72,18,1.0,2,C,2
72,19,0.0,1,B,4
72,20,0.0,1,B,2
72,21,0.0,2,C,3
72,22,1.0,1,B,1
72,23,0.0,2,C,3
72,24,0.0,0,A,2
72,25,0.0,1,B,0
72,26,1.0,3,D,3
72,27,0.0,1,B,0
72,28,1.0,4,E,4
72,29,0.0,0,A,4
72,30,1.0,1,B,1
72,31,1.0,3,D,3
72,32,0.0,0,A,4
72,33,1.0,3,D,3
72,34,0.0,4,E,3
72,35,1.0,3,D,3
72,36,1.0,1,B,1
72,37,0.0,1,B,2
72,38,0.0,1,B,0
72,39,0.0,2,C,4
72,40,0.0,1,B,3
72,41,0.0,2,C,0
72,42,0.0,0,A,1
72,43,1.0,1,B,1
72,44,0.0,2,C,4
72,45,0.0,2,C,3
72,46,0.0,1,B,0
72,47,1.0,3,D,3
72,48,1.0,2,C,2
72,49,0.0,1,B,4
72,50,0.0,2,C,1
72,51,0.0,1,B,3
72,52,1.0,0,A,0
72,53,0.0,1,B,3
72,54,0.0,0,A,4
72,55,0.0,1,B,0
72,56,0.0,2,C,3
72,57,0.0,3,D,1
72,58,0.0,2,C,0
72,59,1.0,1,B,1
72,60,0.0,2,C,0
72,61,1.0,1,B,1
72,62,0.0,1,B,0
72,63,1.0,1,B,1
72,64,1.0,2,C,2
72,65,1.0,4,E,4
72,66,0.0,3,D,0
72,67,0.0,1,B,2
72,68,1.0,1,B,1
72,69,0.0,1,B,0
72,70,0.0,0,A,2
72,71,0.0,1,B,3
72,72,0.0,0,A,2
72,73,1.0,2,C,2
72,74,1.0,0,A,0
72,75,0.0,1,B,3
72,76,0.0,1,B,4
72,77,0.0,0,A,2
72,78,0.0,3,D,1
72,79,0.0,2,C,3
72,80,0.0,2,C,3
72,81,0.0,1,B,3
72,82,0.0,2,C,3
72,83,1.0,3,D,3
72,84,0.0,1,B,4
72,85,0.0,0,A,2
72,86,0.0,0,A,2
72,87,0.0,0,A,2
72,88,0.0,0,A,1
72,89,0.0,4,E,2
72,90,0.0,1,B,0
72,91,1.0,4,E,4
72,92,1.0,2,C,2
72,93,0.0,2,C,3
72,94,1.0,1,B,1
72,95,1.0,1,B,1
72,96,1.0,3,D,3
72,97,0.0,0,A,1
72,98,0.0,2,C,4
72,99,0.0,1,B,0
72,100,0.0,0,A,2
72,101,0.0,1,B,3
72,102,1.0,2,C,2
72,103,0.0,4,E,0
72,104,0.0,2,C,1
72,105,0.0,3,D,4
72,106,0.0,1,B,3
72,107,0.0,1,B,3
72,108,0.0,3,D,1
72,109,1.0,2,C,2
72,110,0.0,2,C,0
72,111,0.0,2,C,4
72,112,0.0,1,B,0
72,113,1.0,1,B,1
72,114,0.0,2,C,4
72,115,0.0,4,E,0
72,116,1.0,2,C,2
72,117,0.0,2,C,1
72,118,0.0,2,C,3
72,119,0.0,2,C,4
72,120,0.0,0,A,1
72,121,1.0,1,B,1
72,122,0.0,2,C,4
72,123,0.0,4,E,3
72,124,0.0,3,D,1
72,125,0.0,1,B,0
72,126,1.0,2,C,2
72,127,0.0,1,B,4
72,128,0.0,0,A,4
72,129,0.0,1,B,4
72,130,0.0,3,D,2
72,131,0.0,0,A,2
72,132,0.0,1,B,4
72,133,0.0,1,B,3
72,134,1.0,3,D,3
72,135,0.0,1,B,2
72,136,0.0,3,D,2
72,137,1.0,2,C,2
72,138,0.0,1,B,2
72,139,0.0,0,A,2
72,140,1.0,0,A,0
72,141,0.0,0,A,4
72,142,0.0,1,B,3
72,143,0.0,0,A,3
72,144,0.0,0,A,1
72,145,0.0,3,D,0
72,146,0.0,0,A,3
72,147,0.0,0,A,3
72,148,0.0,2,C,1
72,149,0.0,3,D,2
72,150,0.0,0,A,4
72,151,0.0,1,B,4
72,152,1.0,1,B,1
72,153,0.0,1,B,0
72,154,0.0,2,C,0
72,155,0.0,3,D,2
72,156,0.0,1,B,0
72,157,1.0,3,D,3
72,158,0.0,3,D,1
72,159,0.0,0,A,1
72,160,1.0,4,E,4
72,161,0.0,1,B,2
72,162,0.0,1,B,2
72,163,0.0,1,B,4
72,164,1.0,2,C,2
72,165,1.0,1,B,1
72,166,0.0,3,D,0
72,167,0.0,2,C,4
72,168,1.0,3,D,3
72,169,0.0,2,C,0
72,170,0.0,2,C,0
72,171,0.0,3,D,0
72,172,0.0,3,D,0
72,173,0.0,1,B,3
72,174,0.0,1,B,3
72,175,0.0,4,E,0
72,176,0.0,0,A,1
72,177,1.0,1,B,1
72,178,0.0,2,C,4
72,179,0.0,3,D,4
72,180,1.0,4,E,4
72,181,1.0,1,B,1
72,182,1.0,2,C,2
72,183,0.0,2,C,0
72,184,1.0,4,E,4
72,185,0.0,3,D,2
72,186,0.0,3,D,1
72,187,0.0,2,C,1
72,188,1.0,2,C,2
72,189,0.0,2,C,1
72,190,0.0,2,C,0
72,191,1.0,0,A,0
72,192,0.0,3,D,2
72,193,0.0,1,B,4
72,194,1.0,3,D,3
72,195,0.0,0,A,2
72,196,0.0,2,C,1
72,197,1.0,1,B,1
72,198,0.0,3,D,2
72,199,0.0,3,D,4
72,200,0.0,2,C,0
72,201,0.0,3,D,2
72,202,0.0,2,C,1
72,203,0.0,3,D,2
72,204,0.0,2,C,1
72,205,0.0,4,E,2
72,206,0.0,2,C,3
72,207,0.0,0,A,4
72,208,0.0,1,B,4
72,209,0.0,3,D,4
72,210,0.0,0,A,1
72,211,0.0,3,D,1
72,212,0.0,2,C,0
72,213,0.0,3,D,2
72,214,0.0,3,D,4
72,215,1.0,2,C,2
72,216,0.0,2,C,3
72,217,1.0,2,C,2
72,218,0.0,0,A,4
72,219,0.0,2,C,3
72,220,0.0,1,B,0
72,221,1.0,3,D,3
72,222,1.0,2,C,2
72,223,0.0,2,C,0
72,224,1.0,2,C,2
72,225,0.0,3,D,4
72,226,0.0,2,C,1
72,227,0.0,0,A,3
72,228,0.0,0,A,2
72,229,0.0,0,A,2
72,230,1.0,1,B,1
72,231,0.0,1,B,2
72,232,1.0,1,B,1
72,233,0.0,3,D,4
72,234,0.0,2,C,0
72,235,0.0,4,E,1
72,236,0.0,1,B,2
72,237,0.0,3,D,0
72,238,1.0,0,A,0
72,239,0.0,3,D,1
72,240,1.0,4,E,4
72,241,1.0,1,B,1
72,242,0.0,2,C,0
72,243,0.0,0,A,4
72,244,0.0,1,B,3
72,245,0.0,0,A,3
72,246,0.0,1,B,4
72,247,1.0,0,A,0
72,248,1.0,3,D,3
72,249,0.0,3,D,0
72,250,0.0,0,A,4
72,251,0.0,3,D,2
72,252,0.0,2,C,4
72,253,0.0,3,D,1
72,254,0.0,0,A,4
72,255,0.0,3,D,0
72,256,1.0,4,E,4
72,257,0.0,1,B,4
72,258,0.0,2,C,0
72,259,1.0,1,B,1
72,260,0.0,0,A,3
72,261,1.0,2,C,2
72,262,0.0,2,C,1
72,263,0.0,1,B,0
72,264,1.0,2,C,2
72,265,0.0,3,D,1
72,266,0.0,2,C,4
72,267,0.0,2,C,3
72,268,0.0,2,C,3
72,269,0.0,3,D,4
72,270,0.0,3,D,2
72,271,0.0,4,E,3
72,272,0.0,1,B,2
72,273,0.0,3,D,1
72,274,0.0,0,A,4
72,275,1.0,2,C,2
72,276,0.0,2,C,0
72,277,0.0,0,A,3
72,278,0.0,1,B,2
72,279,0.0,3,D,0
72,280,0.0,0,A,3
72,281,0.0,1,B,3
72,282,0.0,3,D,4
72,283,1.0,0,A,0
72,284,1.0,4,E,4
72,285,0.0,4,E,3
72,286,0.0,3,D,4
72,287,0.0,3,D,4
72,288,1.0,3,D,3
72,289,1.0,2,C,2
72,290,1.0,3,D,3
72,291,0.0,2,C,3
72,292,0.0,2,C,3
72,293,0.0,3,D,2
72,294,0.0,2,C,4
72,295,1.0,3,D,3
72,296,0.0,3,D,0
72,297,0.0,1,B,4
72,298,1.0,3,D,3
72,299,0.0,0,A,1
72,300,0.0,1,B,3
72,301,0.0,1,B,0
72,302,0.0,2,C,0
76,0,0.0,1,B,0
76,1,0.0,3,D,0
76,2,0.0,0,A,2
76,3,0.0,4,E,2
76,4,0.0,0,A,2
76,5,0.0,1,B,4
76,6,0.0,2,C,0
76,7,0.0,3,D,0
76,8,0.0,2,C,3
76,9,0.0,0,A,2
76,10,1.0,4,E,4
76,11,1.0,4,E,4
76,12,0.0,1,B,2
76,13,0.0,3,D,0
76,14,0.0,0,A,2
76,15,0.0,0,A,3
76,16,1.0,2,C,2
76,17,1.0,2,C,2
76,18,1.0,2,C,2
76,19,0.0,1,B,4
76,20,0.0,1,B,2
76,21,0.0,2,C,3
76,22,1.0,1,B,1
76,23,0.0,2,C,3
76,24,0.0,0,A,2
76,25,0.0,1,B,0
76,26,1.0,3,D,3
76,27,0.0,1,B,0
76,28,1.0,4,E,4
76,29,0.0,0,A,4
76,30,1.0,1,B,1
76,31,1.0,3,D,3
76,32,0.0,0,A,4
76,33,1.0,3,D,3
76,34,0.0,4,E,3
76,35,1.0,3,D,3
76,36,1.0,1,B,1
76,37,0.0,1,B,2
76,38,0.0,1,B,0
76,39,0.0,2,C,4
76,40,0.0,1,B,3
76,41,0.0,2,C,0
76,42,0.0,0,A,1
76,43,1.0,1,B,1
76,44,0.0,2,C,4
76,45,0.0,2,C,3
76,46,0.0,2,C,0
76,47,1.0,3,D,3
76,48,1.0,2,C,2
76,49,0.0,1,B,4
76,50,0.0,2,C,1
76,51,0.0,1,B,3
76,52,1.0,0,A,0
76,53,0.0,1,B,3
76,54,0.0,0,A,4
76,55,0.0,1,B,0
76,56,0.0,2,C,3
76,57,0.0,3,D,1
76,58,0.0,2,C,0
76,59,1.0,1,B,1
76,60,0.0,2,C,0
76,61,1.0,1,B,1
76,62,0.0,1,B,0
76,63,1.0,1,B,1
76,64,1.0,2,C,2
76,65,1.0,4,E,4
76,66,0.0,3,D,0
76,67,0.0,1,B,2
76,68,1.0,1,B,1
76,69,0.0,1,B,0
76,70,0.0,0,A,2
76,71,0.0,1,B,3
76,72,0.0,0,A,2
76,73,1.0,2,C,2
76,74,1.0,0,A,0
76,75,0.0,1,B,3
76,76,0.0,1,B,4
76,77,0.0,0,A,2
76,78,0.0,3,D,1
76,79,0.0,2,C,3
76,80,0.0,2,C,3
76,81,0.0,1,B,3
76,82,0.0,2,C,3
76,83,1.0,3,D,3
76,84,0.0,1,B,4
76,85,0.0,0,A,2
76,86,0.0,0,A,2
76,87,0.0,0,A,2
76,88,0.0,0,A,1
76,89,0.0,4,E,2
76,90,0.0,1,B,0
76,91,1.0,4,E,4
76,92,1.0,2,C,2
76,93,0.0,2,C,3
76,94,0.0,0,A,1
76,95,1.0,1,B,1
76,96,1.0,3,D,3
76,97,0.0,0,A,1
76,98,0.0,2,C,4
76,99,0.0,1,B,0
76,100,0.0,0,A,2
76,101,0.0,1,B,3
76,102,1.0,2,C,2
76,103,0.0,4,E,0
76,104,0.0,2,C,1
76,105,0.0,3,D,4
76,106,0.0,1,B,3
76,107,0.0,1,B,3
76,108,0.0,3,D,1
76,109,1.0,2,C,2
76,110,0.0,2,C,0
76,111,0.0,2,C,4
76,112,0.0,1,B,0
76,113,1.0,1,B,1
76,114,0.0,2,C,4
76,115,0.0,4,E,0
76,116,1.0,2,C,2
76,117,0.0,2,C,1
76,118,0.0,2,C,3
76,119,0.0,2,C,4
76,120,0.0,0,A,1
76,121,1.0,1,B,1
76,122,0.0,2,C,4
76,123,0.0,4,E,3
76,124,0.0,2,C,1
76,125,0.0,1,B,0
76,126,1.0,2,C,2
76,127,0.0,1,B,4
76,128,0.0,0,A,4
76,129,0.0,1,B,4
76,130,0.0,3,D,2
76,131,0.0,0,A,2
76,132,0.0,1,B,4
76,133,0.0,1,B,3
76,134,1.0,3,D,3
76,135,0.0,1,B,2
76,136,0.0,3,D,2
76,137,1.0,2,C,2
76,138,0.0,1,B,2
76,139,0.0,0,A,2
76,140,1.0,0,A,0
76,141,0.0,0,A,4
76,142,0.0,1,B,3
76,143,0.0,0,A,3
76,144,0.0,0,A,1
76,145,0.0,3,D,0
76,146,0.0,0,A,3
76,147,0.0,0,A,3
76,148,0.0,2,C,1
76,149,0.0,3,D,2
76,150,0.0,0,A,4
76,151,0.0,1,B,4
76,152,1.0,1,B,1
76,153,0.0,1,B,0
76,154,0.0,2,C,0
76,155,0.0,3,D,2
76,156,0.0,1,B,0
76,157,1.0,3,D,3
76,158,1.0,1,B,1
76,159,0.0,0,A,1
76,160,1.0,4,E,4
76,161,0.0,1,B,2
76,162,0.0,1,B,2
76,163,0.0,1,B,4
76,164,1.0,2,C,2
76,165,1.0,1,B,1
76,166,0.0,3,D,0
76,167,0.0,2,C,4
76,168,1.0,3,D,3
76,169,0.0,2,C,0
76,170,0.0,2,C,0
76,171,0.0,3,D,0
76,172,0.0,3,D,0
76,173,0.0,1,B,3
76,174,0.0,1,B,3
76,175,0.0,4,E,0
76,176,0.0,0,A,1
76,177,1.0,1,B,1
76,178,0.0,2,C,4
76,179,0.0,3,D,4
76,180,1.0,4,E,4
76,181,1.0,1,B,1
76,182,1.0,2,C,2
76,183,0.0,2,C,0
76,184,1.0,4,E,4
76,185,0.0,3,D,2
76,186,0.0,3,D,1
76,187,0.0,2,C,1
76,188,1.0,2,C,2
76,189,0.0,2,C,1
76,190,0.0,2,C,0
76,191,1.0,0,A,0
76,192,0.0,3,D,2
76,193,0.0,1,B,4
76,194,1.0,3,D,3
76,195,0.0,0,A,2
76,196,0.0,2,C,1
76,197,1.0,1,B,1
76,198,0.0,3,D,2
76,199,0.0,3,D,4
76,200,0.0,2,C,0
76,201,0.0,3,D,2
76,202,0.0,2,C,1
76,203,0.0,3,D,2
76,204,0.0,2,C,1
76,205,0.0,4,E,2
76,206,0.0,2,C,3
76,207,0.0,0,A,4
76,208,0.0,1,B,4
76,209,0.0,3,D,4
76,210,0.0,0,A,1
76,211,0.0,3,D,1
76,212,0.0,2,C,0
76,213,0.0,3,D,2
76,214,0.0,3,D,4
76,215,1.0,2,C,2
76,216,0.0,2,C,3
76,217,1.0,2,C,2
76,218,0.0,0,A,4
76,219,0.0,2,C,3
76,220,0.0,1,B,0
76,221,1.0,3,D,3
76,222,1.0,2,C,2
76,223,0.0,2,C,0
76,224,1.0,2,C,2
76,225,0.0,3,D,4
76,226,0.0,2,C,1
76,227,0.0,0,A,3
76,228,0.0,0,A,2
76,229,0.0,0,A,2
76,230,1.0,1,B,1
76,231,0.0,1,B,2
76,232,1.0,1,B,1
76,233,0.0,3,D,4
76,234,0.0,2,C,0
76,235,0.0,4,E,1
76,236,0.0,1,B,2
76,237,0.0,3,D,0
76,238,1.0,0,A,0
76,239,0.0,3,D,1
76,240,1.0,4,E,4
76,241,1.0,1,B,1
76,242,0.0,2,C,0
76,243,0.0,0,A,4
76,244,0.0,1,B,3
76,245,0.0,0,A,3
76,246,0.0,1,B,4
76,247,1.0,0,A,0
76,248,1.0,3,D,3
76,249,0.0,3,D,0
76,250,0.0,0,A,4
76,251,0.0,3,D,2
76,252,0.0,2,C,4
76,253,0.0,3,D,1
76,254,0.0,0,A,4
76,255,0.0,3,D,0
76,256,1.0,4,E,4
76,257,0.0,1,B,4
76,258,0.0,2,C,0
76,259,1.0,1,B,1
76,260,0.0,0,A,3
76,261,1.0,2,C,2
76,262,0.0,2,C,1
76,263,0.0,1,B,0
76,264,1.0,2,C,2
76,265,0.0,3,D,1
76,266,0.0,2,C,4
76,267,0.0,2,C,3
76,268,0.0,2,C,3
76,269,0.0,3,D,4
76,270,0.0,3,D,2
76,271,0.0,4,E,3
76,272,0.0,1,B,2
76,273,0.0,3,D,1
76,274,0.0,0,A,4
76,275,1.0,2,C,2
76,276,0.0,2,C,0
76,277,0.0,0,A,3
76,278,0.0,1,B,2
76,279,0.0,3,D,0
76,280,0.0,0,A,3
76,281,0.0,1,B,3
76,282,0.0,3,D,4
76,283,1.0,0,A,0
76,284,1.0,4,E,4
76,285,0.0,4,E,3
76,286,0.0,3,D,4
76,287,0.0,3,D,4
76,288,0.0,1,B,3
76,289,1.0,2,C,2
76,290,1.0,3,D,3
76,291,0.0,2,C,3
76,292,0.0,2,C,3
76,293,0.0,3,D,2
76,294,0.0,2,C,4
76,295,1.0,3,D,3
76,296,0.0,3,D,0
76,297,0.0,1,B,4
76,298,1.0,3,D,3
76,299,0.0,0,A,1
76,300,0.0,1,B,3
76,301,0.0,1,B,0
76,302,0.0,2,C,0
80,0,0.0,1,B,0
80,1,0.0,3,D,0
80,2,0.0,0,A,2
80,3,0.0,4,E,2
80,4,0.0,0,A,2
80,5,0.0,1,B,4
80,6,0.0,2,C,0
80,7,0.0,3,D,0
80,8,0.0,2,C,3
80,9,0.0,0,A,2
80,10,1.0,4,E,4
80,11,1.0,4,E,4
80,12,0.0,1,B,2
80,13,0.0,3,D,0
80,14,0.0,0,A,2
80,15,0.0,0,A,3
80,16,1.0,2,C,2
80,17,1.0,2,C,2
80,18,1.0,2,C,2
80,19,0.0,1,B,4
80,20,0.0,1,B,2
80,21,0.0,2,C,3
80,22,1.0,1,B,1
80,23,0.0,2,C,3
80,24,0.0,0,A,2
80,25,0.0,1,B,0
80,26,1.0,3,D,3
80,27,0.0,1,B,0
80,28,1.0,4,E,4
80,29,0.0,0,A,4
80,30,1.0,1,B,1
80,31,1.0,3,D,3
80,32,0.0,0,A,4
80,33,1.0,3,D,3
80,34,0.0,4,E,3
80,35,1.0,3,D,3
80,36,1.0,1,B,1
80,37,0.0,1,B,2
80,38,0.0,1,B,0
80,39,0.0,2,C,4
80,40,0.0,1,B,3
80,41,0.0,2,C,0
80,42,0.0,0,A,1
80,43,1.0,1,B,1
80,44,0.0,2,C,4
80,45,0.0,2,C,3
80,46,0.0,1,B,0
80,47,1.0,3,D,3
80,48,1.0,2,C,2
80,49,0.0,1,B,4
80,50,0.0,2,C,1
80,51,0.0,1,B,3
80,52,1.0,0,A,0
80,53,0.0,1,B,3
80,54,0.0,0,A,4
80,55,0.0,1,B,0
80,56,0.0,2,C,3
80,57,0.0,3,D,1
80,58,0.0,2,C,0
80,59,1.0,1,B,1
80,60,0.0,2,C,0
80,61,1.0,1,B,1
80,62,0.0,1,B,0
80,63,1.0,1,B,1
80,64,1.0,2,C,2
80,65,1.0,4,E,4
80,66,0.0,3,D,0
80,67,0.0,1,B,2
80,68,1.0,1,B,1
80,69,0.0,1,B,0
80,70,0.0,0,A,2
80,71,0.0,1,B,3
80,72,0.0,0,A,2
80,73,1.0,2,C,2
80,74,1.0,0,A,0
80,75,0.0,1,B,3
80,76,0.0,1,B,4
80,77,0.0,0,A,2
80,78,0.0,3,D,1
80,79,0.0,2,C,3
80,80,0.0,2,C,3
80,81,0.0,1,B,3
80,82,0.0,2,C,3
80,83,1.0,3,D,3
80,84,0.0,1,B,4
80,85,0.0,0,A,2
80,86,0.0,0,A,2
80,87,0.0,0,A,2
80,88,0.0,0,A,1
80,89,0.0,4,E,2
80,90,0.0,1,B,0
80,91,1.0,4,E,4
80,92,1.0,2,C,2
80,93,0.0,1,B,3
80,94,0.0,0,A,1
80,95,1.0,1,B,1
80,96,1.0,3,D,3
80,97,0.0,0,A,1
80,98,0.0,2,C,4
80,99,0.0,1,B,0
80,100,0.0,0,A,2
80,101,0.0,1,B,3
80,102,1.0,2,C,2
80,103,0.0,4,E,0
80,104,0.0,2,C,1
80,105,0.0,3,D,4
80,106,0.0,1,B,3
80,107,0.0,1,B,3
80,108,0.0,3,D,1
80,109,1.0,2,C,2
80,110,0.0,2,C,0
80,111,0.0,2,C,4
80,112,0.0,1,B,0
80,113,1.0,1,B,1
80,114,0.0,2,C,4
80,115,0.0,4,E,0
80,116,1.0,2,C,2
80,117,0.0,2,C,1
80,118,0.0,2,C,3
80,119,0.0,2,C,4
80,120,0.0,0,A,1
80,121,1.0,1,B,1
80,122,0.0,2,C,4
80,123,0.0,4,E,3
80,124,0.0,2,C,1
80,125,0.0,1,B,0
80,126,1.0,2,C,2
80,127,0.0,1,B,4
80,128,0.0,0,A,4
80,129,0.0,1,B,4
80,130,0.0,3,D,2
80,131,0.0,0,A,2
80,132,0.0,1,B,4
80,133,0.0,1,B,3
80,134,1.0,3,D,3
80,135,0.0,1,B,2
80,136,0.0,3,D,2
80,137,1.0,2,C,2
80,138,0.0,0,A,2
80,139,0.0,1,B,2
80,140,1.0,0,A,0
80,141,0.0,0,A,4
80,142,0.0,1,B,3
80,143,0.0,0,A,3
80,144,0.0,0,A,1
80,145,0.0,3,D,0
80,146,0.0,0,A,3
80,147,0.0,0,A,3
80,148,0.0,2,C,1
80,149,0.0,3,D,2
80,150,0.0,0,A,4
80,151,0.0,1,B,4
80,152,1.0,1,B,1
80,153,0.0,1,B,0
80,154,0.0,2,C,0
80,155,0.0,3,D,2
80,156,0.0,1,B,0
80,157,1.0,3,D,3
80,158,1.0,1,B,1
80,159,0.0,0,A,1
80,160,1.0,4,E,4
80,161,0.0,1,B,2
80,162,0.0,1,B,2
80,163,0.0,1,B,4
80,164,1.0,2,C,2
80,165,1.0,1,B,1
80,166,0.0,3,D,0
80,167,0.0,2,C,4
80,168,1.0,3,D,3
80,169,0.0,2,C,0
80,170,0.0,2,C,0
80,171,0.0,3,D,0
80,172,0.0,3,D,0
80,173,0.0,1,B,3
80,174,0.0,1,B,3
80,175,0.0,4,E,0
80,176,0.0,0,A,1
80,177,1.0,1,B,1
80,178,0.0,2,C,4
80,179,0.0,3,D,4
80,180,1.0,4,E,4
80,181,1.0,1,B,1
80,182,1.0,2,C,2
80,183,0.0,2,C,0
80,184,1.0,4,E,4
80,185,0.0,3,D,2
80,186,0.0,3,D,1
80,187,0.0,2,C,1
80,188,1.0,2,C,2
80,189,0.0,2,C,1
80,190,0.0,2,C,0
80,191,1.0,0,A,0
80,192,0.0,3,D,2
80,193,0.0,1,B,4
80,194,1.0,3,D,3
80,195,0.0,0,A,2
80,196,0.0,2,C,1
80,197,1.0,1,B,1
80,198,0.0,3,D,2
80,199,0.0,3,D,4
80,200,0.0,2,C,0
80,201,0.0,3,D,2
80,202,0.0,2,C,1
80,203,0.0,3,D,2
80,204,0.0,2,C,1
80,205,0.0,4,E,2
80,206,0.0,2,C,3
80,207,0.0,0,A,4
80,208,0.0,1,B,4
80,209,0.0,3,D,4
80,210,0.0,0,A,1
80,211,0.0,3,D,1
80,212,0.0,2,C,0
80,213,0.0,3,D,2
80,214,0.0,3,D,4
80,215,1.0,2,C,2
80,216,0.0,2,C,3
80,217,1.0,2,C,2
80,218,0.0,0,A,4
80,219,0.0,2,C,3
80,220,0.0,1,B,0
80,221,1.0,3,D,3
80,222,1.0,2,C,2
80,223,0.0,2,C,0
80,224,1.0,2,C,2
80,225,0.0,3,D,4
80,226,0.0,2,C,1
80,227,0.0,0,A,3
80,228,0.0,0,A,2
80,229,0.0,0,A,2
80,230,1.0,1,B,1
80,231,0.0,0,A,2
80,232,1.0,1,B,1
80,233,0.0,3,D,4
80,234,0.0,2,C,0
80,235,0.0,4,E,1
80,236,0.0,1,B,2
80,237,0.0,3,D,0
80,238,1.0,0,A,0
80,239,0.0,3,D,1
80,240,1.0,4,E,4
80,241,1.0,1,B,1
80,242,0.0,2,C,0
80,243,0.0,0,A,4
80,244,0.0,1,B,3
80,245,1.0,3,D,3
80,246,0.0,1,B,4
80,247,1.0,0,A,0
80,248,1.0,3,D,3
80,249,0.0,3,D,0
80,250,0.0,0,A,4
80,251,0.0,3,D,2
80,252,0.0,2,C,4
80,253,0.0,3,D,1
80,254,0.0,0,A,4
80,255,0.0,3,D,0
80,256,1.0,4,E,4
80,257,0.0,1,B,4
80,258,0.0,2,C,0
80,259,1.0,1,B,1
80,260,0.0,0,A,3
80,261,1.0,2,C,2
80,262,0.0,2,C,1
80,263,0.0,1,B,0
80,264,1.0,2,C,2
80,265,0.0,3,D,1
80,266,0.0,2,C,4
80,267,0.0,2,C,3
80,268,0.0,2,C,3
80,269,0.0,3,D,4
80,270,0.0,3,D,2
80,271,0.0,4,E,3
80,272,1.0,2,C,2
80,273,0.0,3,D,1
80,274,0.0,0,A,4
80,275,1.0,2,C,2
80,276,0.0,2,C,0
80,277,0.0,0,A,3
80,278,0.0,1,B,2
80,279,0.0,3,D,0
80,280,0.0,0,A,3
80,281,0.0,1,B,3
80,282,0.0,3,D,4
80,283,1.0,0,A,0
80,284,1.0,4,E,4
80,285,0.0,4,E,3
80,286,0.0,3,D,4
80,287,0.0,3,D,4
80,288,0.0,1,B,3
80,289,1.0,2,C,2
80,290,1.0,3,D,3
80,291,0.0,2,C,3
80,292,0.0,2,C,3
80,293,0.0,3,D,2
80,294,0.0,2,C,4
80,295,1.0,3,D,3
80,296,0.0,3,D,0
80,297,0.0,1,B,4
80,298,1.0,3,D,3
80,299,0.0,0,A,1
80,300,0.0,1,B,3
80,301,0.0,1,B,0
80,302,0.0,2,C,0
84,0,0.0,1,B,0
84,1,0.0,3,D,0
84,2,0.0,0,A,2
84,3,0.0,4,E,2
84,4,0.0,0,A,2
84,5,0.0,1,B,4
84,6,0.0,2,C,0
84,7,0.0,3,D,0
84,8,0.0,2,C,3
84,9,0.0,0,A,2
84,10,1.0,4,E,4
84,11,1.0,4,E,4
84,12,0.0,1,B,2
84,13,0.0,3,D,0
84,14,0.0,0,A,2
84,15,0.0,0,A,3
84,16,1.0,2,C,2
84,17,1.0,2,C,2
84,18,1.0,2,C,2
84,19,0.0,1,B,4
84,20,0.0,1,B,2
84,21,0.0,2,C,3
84,22,1.0,1,B,1
84,23,0.0,2,C,3
84,24,0.0,0,A,2
84,25,0.0,1,B,0
84,26,1.0,3,D,3
84,27,0.0,1,B,0
84,28,1.0,4,E,4
84,29,0.0,0,A,4
84,30,1.0,1,B,1
84,31,1.0,3,D,3
84,32,0.0,0,A,4
84,33,1.0,3,D,3
84,34,0.0,4,E,3
84,35,1.0,3,D,3
84,36,1.0,1,B,1
84,37,0.0,1,B,2
84,38,0.0,1,B,0
84,39,0.0,2,C,4
84,40,0.0,1,B,3
84,41,0.0,2,C,0
84,42,0.0,0,A,1
84,43,1.0,1,B,1
84,44,0.0,2,C,4
84,45,0.0,2,C,3
84,46,0.0,1,B,0
84,47,1.0,3,D,3
84,48,1.0,2,C,2
84,49,0.0,1,B,4
84,50,0.0,2,C,1
84,51,0.0,1,B,3
84,52,1.0,0,A,0
84,53,0.0,1,B,3
84,54,0.0,0,A,4
84,55,0.0,1,B,0
84,56,0.0,2,C,3
84,57,0.0,3,D,1
84,58,0.0,2,C,0
84,59,1.0,1,B,1
84,60,0.0,2,C,0
84,61,1.0,1,B,1
84,62,0.0,1,B,0
84,63,1.0,1,B,1
84,64,1.0,2,C,2
84,65,1.0,4,E,4
84,66,0.0,3,D,0
84,67,0.0,1,B,2
84,68,1.0,1,B,1
84,69,0.0,1,B,0
84,70,0.0,0,A,2
84,71,0.0,1,B,3
84,72,0.0,0,A,2
84,73,1.0,2,C,2
84,74,1.0,0,A,0
84,75,0.0,1,B,3
84,76,0.0,1,B,4
84,77,0.0,0,A,2
84,78,0.0,3,D,1
84,79,0.0,2,C,3
84,80,0.0,2,C,3
84,81,0.0,1,B,3
84,82,0.0,2,C,3
84,83,1.0,3,D,3
84,84,0.0,1,B,4
84,85,0.0,0,A,2
84,86,0.0,0,A,2
84,87,0.0,0,A,2
84,88,0.0,0,A,1
84,89,0.0,4,E,2
84,90,0.0,1,B,0
84,91,1.0,4,E,4
84,92,1.0,2,C,2
84,93,0.0,2,C,3
84,94,0.0,0,A,1
84,95,1.0,1,B,1
84,96,1.0,3,D,3
84,97,0.0,0,A,1
84,98,0.0,0,A,4
84,99,0.0,1,B,0
84,100,0.0,0,A,2
84,101,0.0,1,B,3
84,102,1.0,2,C,2
84,103,0.0,4,E,0
84,104,0.0,2,C,1
84,105,0.0,3,D,4
84,106,0.0,1,B,3
84,107,0.0,1,B,3
84,108,0.0,3,D,1
84,109,1.0,2,C,2
84,110,0.0,2,C,0
84,111,0.0,2,C,4
84,112,0.0,1,B,0
84,113,1.0,1,B,1
84,114,0.0,2,C,4
84,115,0.0,4,E,0
84,116,1.0,2,C,2
84,117,0.0,2,C,1
84,118,0.0,2,C,3
84,119,0.0,2,C,4
84,120,0.0,0,A,1
84,121,1.0,1,B,1
84,122,0.0,2,C,4
84,123,0.0,4,E,3
84,124,0.0,2,C,1
84,125,0.0,1,B,0
84,126,1.0,2,C,2
84,127,0.0,1,B,4
84,128,0.0,0,A,4
84,129,0.0,1,B,4
84,130,0.0,3,D,2
84,131,0.0,0,A,2
84,132,0.0,1,B,4
84,133,0.0,1,B,3
84,134,1.0,3,D,3
84,135,0.0,1,B,2
84,136,0.0,3,D,2
84,137,1.0,2,C,2
84,138,0.0,0,A,2
84,139,0.0,0,A,2
84,140,1.0,0,A,0
84,141,0.0,0,A,4
84,142,0.0,1,B,3
84,143,0.0,0,A,3
84,144,0.0,0,A,1
84,145,0.0,3,D,0
84,146,0.0,0,A,3
84,147,0.0,0,A,3
84,148,0.0,2,C,1
84,149,0.0,3,D,2
84,150,0.0,0,A,4
84,151,0.0,1,B,4
84,152,1.0,1,B,1
84,153,0.0,1,B,0
84,154,0.0,2,C,0
84,155,0.0,3,D,2
84,156,0.0,1,B,0
84,157,1.0,3,D,3
84,158,1.0,1,B,1
84,159,0.0,0,A,1
84,160,1.0,4,E,4
84,161,0.0,1,B,2
84,162,0.0,1,B,2
84,163,0.0,1,B,4
84,164,1.0,2,C,2
84,165,1.0,1,B,1
84,166,0.0,3,D,0
84,167,0.0,2,C,4
84,168,1.0,3,D,3
84,169,0.0,2,C,0
84,170,0.0,2,C,0
84,171,0.0,3,D,0
84,172,0.0,3,D,0
84,173,0.0,1,B,3
84,174,0.0,1,B,3
84,175,0.0,4,E,0
84,176,0.0,0,A,1
84,177,1.0,1,B,1
84,178,0.0,2,C,4
84,179,0.0,3,D,4
84,180,1.0,4,E,4
84,181,1.0,1,B,1
84,182,1.0,2,C,2
84,183,0.0,2,C,0
84,184,1.0,4,E,4
84,185,0.0,3,D,2
84,186,0.0,3,D,1
84,187,0.0,2,C,1
84,188,1.0,2,C,2
84,189,0.0,2,C,1
84,190,0.0,2,C,0
84,191,1.0,0,A,0
84,192,0.0,3,D,2
84,193,0.0,1,B,4
84,194,1.0,3,D,3
84,195,0.0,0,A,2
84,196,0.0,2,C,1
84,197,1.0,1,B,1
84,198,0.0,3,D,2
84,199,0.0,3,D,4
84,200,0.0,2,C,0
84,201,0.0,3,D,2
84,202,0.0,2,C,1
84,203,0.0,3,D,2
84,204,0.0,2,C,1
84,205,0.0,4,E,2
84,206,0.0,2,C,3
84,207,0.0,0,A,4
84,208,0.0,1,B,4
84,209,0.0,3,D,4
84,210,0.0,0,A,1
84,211,0.0,3,D,1
84,212,0.0,2,C,0
84,213,0.0,3,D,2
84,214,0.0,3,D,4
84,215,1.0,2,C,2
84,216,0.0,2,C,3
84,217,1.0,2,C,2
84,218,0.0,0,A,4
84,219,0.0,2,C,3
84,220,0.0,1,B,0
84,221,1.0,3,D,3
84,222,1.0,2,C,2
84,223,0.0,2,C,0
84,224,1.0,2,C,2
84,225,0.0,3,D,4
84,226,0.0,2,C,1
84,227,0.0,0,A,3
84,228,0.0,0,A,2
84,229,0.0,0,A,2
84,230,1.0,1,B,1
84,231,0.0,1,B,2
84,232,1.0,1,B,1
84,233,0.0,3,D,4
84,234,0.0,2,C,0
84,235,0.0,4,E,1
84,236,0.0,1,B,2
84,237,0.0,3,D,0
84,238,1.0,0,A,0
84,239,0.0,3,D,1
84,240,1.0,4,E,4
84,241,1.0,1,B,1
84,242,0.0,2,C,0
84,243,0.0,0,A,4
84,244,0.0,1,B,3
84,245,1.0,3,D,3
84,246,0.0,1,B,4
84,247,1.0,0,A,0
84,248,1.0,3,D,3
84,249,0.0,3,D,0
84,250,0.0,0,A,4
84,251,0.0,3,D,2
84,252,0.0,2,C,4
84,253,0.0,3,D,1
84,254,0.0,0,A,4
84,255,0.0,3,D,0
84,256,1.0,4,E,4
84,257,0.0,1,B,4
84,258,0.0,2,C,0
84,259,1.0,1,B,1
84,260,0.0,0,A,3
84,261,1.0,2,C,2
84,262,0.0,2,C,1
84,263,0.0,1,B,0
84,264,1.0,2,C,2
84,265,0.0,3,D,1
84,266,0.0,2,C,4
84,267,0.0,2,C,3
84,268,0.0,2,C,3
84,269,0.0,3,D,4
84,270,0.0,3,D,2
84,271,0.0,4,E,3
84,272,1.0,2,C,2
84,273,0.0,3,D,1
84,274,0.0,0,A,4
84,275,1.0,2,C,2
84,276,0.0,2,C,0
84,277,0.0,0,A,3
84,278,0.0,1,B,2
84,279,0.0,3,D,0
84,280,0.0,0,A,3
84,281,0.0,1,B,3
84,282,0.0,3,D,4
84,283,1.0,0,A,0
84,284,1.0,4,E,4
84,285,0.0,4,E,3
84,286,0.0,3,D,4
84,287,0.0,3,D,4
84,288,1.0,3,D,3
84,289,1.0,2,C,2
84,290,1.0,3,D,3
84,291,0.0,2,C,3
84,292,0.0,2,C,3
84,293,0.0,3,D,2
84,294,0.0,2,C,4
84,295,1.0,3,D,3
84,296,0.0,3,D,0
84,297,0.0,1,B,4
84,298,1.0,3,D,3
84,299,0.0,0,A,1
84,300,0.0,1,B,3
84,301,0.0,1,B,0
84,302,0.0,2,C,0
88,0,0.0,1,B,0
88,1,0.0,3,D,0
88,2,0.0,0,A,2
88,3,0.0,4,E,2
88,4,0.0,0,A,2
88,5,0.0,1,B,4
88,6,0.0,2,C,0
88,7,0.0,3,D,0
88,8,0.0,2,C,3
88,9,0.0,0,A,2
88,10,1.0,4,E,4
88,11,1.0,4,E,4
88,12,0.0,1,B,2
88,13,0.0,3,D,0
88,14,0.0,0,A,2
88,15,0.0,0,A,3
88,16,1.0,2,C,2
88,17,1.0,2,C,2
88,18,1.0,2,C,2
88,19,0.0,1,B,4
88,20,0.0,1,B,2
88,21,0.0,2,C,3
88,22,1.0,1,B,1
88,23,0.0,2,C,3
88,24,0.0,0,A,2
88,25,0.0,1,B,0
88,26,1.0,3,D,3
88,27,0.0,1,B,0
88,28,1.0,4,E,4
88,29,0.0,0,A,4
88,30,1.0,1,B,1
88,31,1.0,3,D,3
88,32,0.0,0,A,4
88,33,1.0,3,D,3
88,34,0.0,4,E,3
88,35,1.0,3,D,3
88,36,1.0,1,B,1
88,37,0.0,1,B,2
88,38,0.0,1,B,0
88,39,0.0,2,C,4
88,40,0.0,1,B,3
88,41,0.0,2,C,0
88,42,0.0,0,A,1
88,43,1.0,1,B,1
88,44,0.0,2,C,4
88,45,0.0,2,C,3
88,46,0.0,1,B,0
88,47,1.0,3,D,3
88,48,1.0,2,C,2
88,49,0.0,1,B,4
88,50,0.0,2,C,1
88,51,0.0,1,B,3
88,52,1.0,0,A,0
88,53,0.0,1,B,3
88,54,0.0,0,A,4
88,55,0.0,1,B,0
88,56,0.0,2,C,3
88,57,0.0,3,D,1
88,58,0.0,2,C,0
88,59,1.0,1,B,1
88,60,0.0,2,C,0
88,61,1.0,1,B,1
88,62,0.0,1,B,0
88,63,1.0,1,B,1
88,64,1.0,2,C,2
88,65,1.0,4,E,4
88,66,0.0,3,D,0
88,67,0.0,1,B,2
88,68,1.0,1,B,1
88,69,0.0,1,B,0
88,70,0.0,0,A,2
88,71,0.0,1,B,3
88,72,0.0,0,A,2
88,73,1.0,2,C,2
88,74,1.0,0,A,0
88,75,0.0,1,B,3
88,76,0.0,1,B,4
88,77,0.0,0,A,2
88,78,0.0,3,D,1
88,79,0.0,2,C,3
88,80,0.0,2,C,3
88,81,0.0,1,B,3
88,82,0.0,2,C,3
88,83,1.0,3,D,3
88,84,0.0,1,B,4
88,85,0.0,0,A,2
88,86,0.0,0,A,2
88,87,0.0,0,A,2
88,88,0.0,0,A,1
88,89,0.0,4,E,2
88,90,0.0,1,B,0
88,91,1.0,4,E,4
88,92,1.0,2,C,2
88,93,0.0,2,C,3
88,94,0.0,0,A,1
88,95,1.0,1,B,1
88,96,1.0,3,D,3
88,97,0.0,0,A,1
88,98,0.0,2,C,4
88,99,0.0,1,B,0
88,100,0.0,0,A,2
88,101,0.0,1,B,3
88,102,1.0,2,C,2
88,103,0.0,4,E,0
88,104,0.0,2,C,1
88,105,0.0,3,D,4
88,106,0.0,1,B,3
88,107,0.0,1,B,3
88,108,0.0,3,D,1
88,109,1.0,2,C,2
88,110,0.0,2,C,0
88,111,0.0,2,C,4
88,112,0.0,1,B,0
88,113,1.0,1,B,1
88,114,0.0,2,C,4
88,115,0.0,4,E,0
88,116,1.0,2,C,2
88,117,0.0,2,C,1
88,118,0.0,2,C,3
88,119,0.0,2,C,4
88,120,0.0,0,A,1
88,121,1.0,1,B,1
88,122,0.0,2,C,4
88,123,0.0,4,E,3
88,124,0.0,2,C,1
88,125,0.0,1,B,0
88,126,1.0,2,C,2
88,127,0.0,1,B,4
88,128,0.0,0,A,4
88,129,0.0,1,B,4
88,130,0.0,3,D,2
88,131,0.0,0,A,2
88,132,0.0,1,B,4
88,133,0.0,1,B,3
88,134,1.0,3,D,3
88,135,0.0,1,B,2
88,136,0.0,3,D,2
88,137,1.0,2,C,2
88,138,0.0,1,B,2
88,139,0.0,0,A,2
88,140,1.0,0,A,0
88,141,0.0,0,A,4
88,142,0.0,1,B,3
88,143,0.0,0,A,3
88,144,0.0,0,A,1
88,145,0.0,3,D,0
88,146,0.0,0,A,3
88,147,0.0,0,A,3
88,148,0.0,2,C,1
88,149,0.0,3,D,2
88,150,0.0,0,A,4
88,151,0.0,1,B,4
88,152,1.0,1,B,1
88,153,0.0,1,B,0
88,154,0.0,2,C,0
88,155,0.0,3,D,2
88,156,0.0,1,B,0
88,157,1.0,3,D,3
88,158,1.0,1,B,1
88,159,0.0,0,A,1
88,160,1.0,4,E,4
88,161,0.0,1,B,2
88,162,0.0,1,B,2
88,163,0.0,1,B,4
88,164,1.0,2,C,2
88,165,1.0,1,B,1
88,166,0.0,3,D,0
88,167,0.0,2,C,4
88,168,1.0,3,D,3
88,169,0.0,2,C,0
88,170,0.0,2,C,0
88,171,0.0,3,D,0
88,172,0.0,3,D,0
88,173,0.0,1,B,3
88,174,0.0,1,B,3
88,175,0.0,4,E,0
88,176,0.0,0,A,1
88,177,0.0,3,D,1
88,178,0.0,2,C,4
88,179,0.0,3,D,4
88,180,1.0,4,E,4
88,181,1.0,1,B,1
88,182,1.0,2,C,2
88,183,0.0,2,C,0
88,184,1.0,4,E,4
88,185,0.0,3,D,2
88,186,0.0,3,D,1
88,187,0.0,2,C,1
88,188,1.0,2,C,2
88,189,0.0,2,C,1
88,190,0.0,2,C,0
88,191,1.0,0,A,0
88,192,0.0,3,D,2
88,193,0.0,1,B,4
88,194,1.0,3,D,3
88,195,0.0,0,A,2
88,196,0.0,2,C,1
88,197,1.0,1,B,1
88,198,0.0,3,D,2
88,199,0.0,3,D,4
88,200,0.0,2,C,0
88,201,0.0,3,D,2
88,202,0.0,2,C,1
88,203,0.0,3,D,2
88,204,0.0,2,C,1
88,205,0.0,4,E,2
88,206,0.0,2,C,3
88,207,0.0,0,A,4
88,208,0.0,1,B,4
88,209,0.0,3,D,4
88,210,0.0,0,A,1
88,211,0.0,3,D,1
88,212,0.0,2,C,0
88,213,0.0,3,D,2
88,214,0.0,3,D,4
88,215,1.0,2,C,2
88,216,0.0,2,C,3
88,217,1.0,2,C,2
88,218,0.0,0,A,4
88,219,0.0,2,C,3
88,220,0.0,1,B,0
88,221,1.0,3,D,3
88,222,1.0,2,C,2
88,223,0.0,2,C,0
88,224,1.0,2,C,2
88,225,0.0,3,D,4
88,226,0.0,2,C,1
88,227,0.0,0,A,3
88,228,0.0,0,A,2
88,229,0.0,0,A,2
88,230,1.0,1,B,1
88,231,0.0,1,B,2
88,232,1.0,1,B,1
88,233,0.0,3,D,4
88,234,0.0,2,C,0
88,235,0.0,4,E,1
88,236,0.0,1,B,2
88,237,0.0,3,D,0
88,238,1.0,0,A,0
88,239,0.0,3,D,1
88,240,1.0,4,E,4
88,241,1.0,1,B,1
88,242,0.0,2,C,0
88,243,1.0,4,E,4
88,244,0.0,1,B,3
88,245,1.0,3,D,3
88,246,0.0,1,B,4
88,247,1.0,0,A,0
88,248,1.0,3,D,3
88,249,0.0,3,D,0
88,250,0.0,0,A,4
88,251,0.0,3,D,2
88,252,0.0,2,C,4
88,253,0.0,3,D,1
88,254,0.0,0,A,4
88,255,0.0,3,D,0
88,256,1.0,4,E,4
88,257,0.0,1,B,4
88,258,0.0,2,C,0
88,259,1.0,1,B,1
88,260,0.0,0,A,3
88,261,1.0,2,C,2
88,262,0.0,2,C,1
88,263,0.0,1,B,0
88,264,1.0,2,C,2
88,265,0.0,3,D,1
88,266,0.0,2,C,4
88,267,0.0,2,C,3
88,268,0.0,2,C,3
88,269,0.0,3,D,4
88,270,0.0,3,D,2
88,271,0.0,4,E,3
88,272,1.0,2,C,2
88,273,0.0,3,D,1
88,274,0.0,0,A,4
88,275,1.0,2,C,2
88,276,0.0,2,C,0
88,277,0.0,0,A,3
88,278,0.0,1,B,2
88,279,0.0,3,D,0
88,280,0.0,0,A,3
88,281,0.0,1,B,3
88,282,0.0,3,D,4
88,283,1.0,0,A,0
88,284,1.0,4,E,4
88,285,0.0,4,E,3
88,286,0.0,3,D,4
88,287,0.0,3,D,4
88,288,1.0,3,D,3
88,289,1.0,2,C,2
88,290,1.0,3,D,3
88,291,0.0,2,C,3
88,292,0.0,2,C,3
88,293,0.0,3,D,2
88,294,0.0,2,C,4
88,295,1.0,3,D,3
88,296,0.0,3,D,0
88,297,0.0,1,B,4
88,298,1.0,3,D,3
88,299,0.0,0,A,1
88,300,0.0,1,B,3
88,301,0.0,1,B,0
88,302,0.0,2,C,0
92,0,0.0,1,B,0
92,1,0.0,3,D,0
92,2,0.0,0,A,2
92,3,0.0,4,E,2
92,4,0.0,0,A,2
92,5,0.0,1,B,4
92,6,0.0,2,C,0
92,7,0.0,3,D,0
92,8,0.0,2,C,3
92,9,0.0,0,A,2
92,10,1.0,4,E,4
92,11,1.0,4,E,4
92,12,0.0,1,B,2
92,13,0.0,3,D,0
92,14,0.0,0,A,2
92,15,0.0,0,A,3
92,16,1.0,2,C,2
92,17,1.0,2,C,2
92,18,1.0,2,C,2
92,19,0.0,1,B,4
92,20,0.0,1,B,2
92,21,0.0,2,C,3
92,22,1.0,1,B,1
92,23,0.0,2,C,3
92,24,0.0,0,A,2
92,25,0.0,1,B,0
92,26,1.0,3,D,3
92,27,0.0,1,B,0
92,28,1.0,4,E,4
92,29,0.0,0,A,4
92,30,1.0,1,B,1
92,31,1.0,3,D,3
92,32,0.0,0,A,4
92,33,1.0,3,D,3
92,34,0.0,4,E,3
92,35,1.0,3,D,3
92,36,1.0,1,B,1
92,37,0.0,1,B,2
92,38,0.0,1,B,0
92,39,0.0,2,C,4
92,40,0.0,1,B,3
92,41,0.0,2,C,0
92,42,0.0,0,A,1
92,43,1.0,1,B,1
92,44,0.0,2,C,4
92,45,0.0,2,C,3
92,46,0.0,1,B,0
92,47,1.0,3,D,3
92,48,1.0,2,C,2
92,49,0.0,1,B,4
92,50,0.0,2,C,1
92,51,0.0,1,B,3
92,52,1.0,0,A,0
92,53,0.0,1,B,3
92,54,0.0,0,A,4
92,55,0.0,1,B,0
92,56,0.0,2,C,3
92,57,0.0,3,D,1
92,58,0.0,2,C,0
92,59,1.0,1,B,1
92,60,0.0,2,C,0
92,61,1.0,1,B,1
92,62,0.0,1,B,0
92,63,1.0,1,B,1
92,64,1.0,2,C,2
92,65,1.0,4,E,4
92,66,0.0,3,D,0
92,67,0.0,1,B,2
92,68,1.0,1,B,1
92,69,0.0,1,B,0
92,70,0.0,0,A,2
92,71,0.0,1,B,3
92,72,0.0,0,A,2
92,73,1.0,2,C,2
92,74,1.0,0,A,0
92,75,0.0,1,B,3
92,76,0.0,1,B,4
92,77,0.0,0,A,2
92,78,0.0,3,D,1
92,79,0.0,2,C,3
92,80,0.0,2,C,3
92,81,0.0,1,B,3
92,82,0.0,2,C,3
92,83,1.0,3,D,3
92,84,0.0,1,B,4
92,85,0.0,0,A,2
92,86,0.0,0,A,2
92,87,0.0,0,A,2
92,88,0.0,0,A,1
92,89,0.0,4,E,2
92,90,0.0,1,B,0
92,91,1.0,4,E,4
92,92,1.0,2,C,2
92,93,0.0,1,B,3
92,94,0.0,0,A,1
92,95,1.0,1,B,1
92,96,1.0,3,D,3
92,97,0.0,0,A,1
92,98,0.0,2,C,4
92,99,0.0,1,B,0
92,100,0.0,0,A,2
92,101,0.0,1,B,3
92,102,1.0,2,C,2
92,103,0.0,4,E,0
92,104,0.0,2,C,1
92,105,0.0,3,D,4
92,106,0.0,1,B,3
92,107,0.0,1,B,3
92,108,0.0,3,D,1
92,109,1.0,2,C,2
92,110,0.0,2,C,0
92,111,0.0,2,C,4
92,112,0.0,1,B,0
92,113,1.0,1,B,1
92,114,0.0,2,C,4
92,115,0.0,4,E,0
92,116,1.0,2,C,2
92,117,0.0,2,C,1
92,118,0.0,2,C,3
92,119,0.0,2,C,4
92,120,0.0,0,A,1
92,121,1.0,1,B,1
92,122,0.0,2,C,4
92,123,0.0,4,E,3
92,124,0.0,2,C,1
92,125,0.0,1,B,0
92,126,1.0,2,C,2
92,127,0.0,1,B,4
92,128,0.0,0,A,4
92,129,0.0,1,B,4
92,130,0.0,3,D,2
92,131,0.0,0,A,2
92,132,0.0,1,B,4
92,133,0.0,1,B,3
92,134,1.0,3,D,3
92,135,0.0,1,B,2
92,136,0.0,3,D,2
92,137,1.0,2,C,2
92,138,0.0,0,A,2
92,139,0.0,1,B,2
92,140,1.0,0,A,0
92,141,0.0,0,A,4
92,142,0.0,1,B,3
92,143,0.0,0,A,3
92,144,0.0,0,A,1
92,145,0.0,3,D,0
92,146,0.0,0,A,3
92,147,0.0,0,A,3
92,148,0.0,2,C,1
92,149,0.0,3,D,2
92,150,0.0,0,A,4
92,151,0.0,1,B,4
92,152,1.0,1,B,1
92,153,0.0,1,B,0
92,154,0.0,2,C,0
92,155,0.0,3,D,2
92,156,0.0,1,B,0
92,157,1.0,3,D,3
92,158,1.0,1,B,1
92,159,0.0,0,A,1
92,160,1.0,4,E,4
92,161,0.0,1,B,2
92,162,0.0,1,B,2
92,163,0.0,1,B,4
92,164,1.0,2,C,2
92,165,1.0,1,B,1
92,166,0.0,3,D,0
92,167,0.0,2,C,4
92,168,1.0,3,D,3
92,169,0.0,2,C,0
92,170,0.0,2,C,0
92,171,0.0,3,D,0
92,172,0.0,3,D,0
92,173,0.0,1,B,3
92,174,0.0,1,B,3
92,175,0.0,4,E,0
92,176,0.0,0,A,1
92,177,1.0,1,B,1
92,178,0.0,2,C,4
92,179,0.0,3,D,4
92,180,1.0,4,E,4
92,181,1.0,1,B,1
92,182,1.0,2,C,2
92,183,0.0,2,C,0
92,184,1.0,4,E,4
92,185,0.0,3,D,2
92,186,0.0,3,D,1
92,187,0.0,2,C,1
92,188,1.0,2,C,2
92,189,0.0,2,C,1
92,190,0.0,2,C,0
92,191,1.0,0,A,0
92,192,0.0,3,D,2
92,193,0.0,1,B,4
92,194,1.0,3,D,3
92,195,0.0,0,A,2
92,196,0.0,2,C,1
92,197,1.0,1,B,1
92,198,0.0,3,D,2
92,199,0.0,3,D,4
92,200,0.0,2,C,0
92,201,0.0,3,D,2
92,202,0.0,2,C,1
92,203,0.0,3,D,2
92,204,0.0,2,C,1
92,205,0.0,4,E,2
92,206,0.0,2,C,3
92,207,0.0,0,A,4
92,208,0.0,1,B,4
92,209,0.0,3,D,4
92,210,0.0,0,A,1
92,211,0.0,3,D,1
92,212,0.0,2,C,0
92,213,0.0,3,D,2
92,214,0.0,3,D,4
92,215,1.0,2,C,2
92,216,0.0,2,C,3
92,217,1.0,2,C,2
92,218,0.0,0,A,4
92,219,0.0,2,C,3
92,220,0.0,1,B,0
92,221,1.0,3,D,3
92,222,1.0,2,C,2
92,223,0.0,2,C,0
92,224,1.0,2,C,2
92,225,0.0,3,D,4
92,226,0.0,2,C,1
92,227,0.0,0,A,3
92,228,0.0,0,A,2
92,229,0.0,0,A,2
92,230,1.0,1,B,1
92,231,0.0,1,B,2
92,232,1.0,1,B,1
92,233,0.0,3,D,4
92,234,0.0,2,C,0
92,235,0.0,4,E,1
92,236,0.0,1,B,2
92,237,0.0,3,D,0
92,238,1.0,0,A,0
92,239,0.0,3,D,1
92,240,1.0,4,E,4
92,241,1.0,1,B,1
92,242,0.0,2,C,0
92,243,0.0,0,A,4
92,244,0.0,1,B,3
92,245,1.0,3,D,3
92,246,0.0,1,B,4
92,247,1.0,0,A,0
92,248,1.0,3,D,3
92,249,0.0,3,D,0
92,250,0.0,0,A,4
92,251,0.0,3,D,2
92,252,0.0,2,C,4
92,253,0.0,3,D,1
92,254,0.0,0,A,4
92,255,0.0,3,D,0
92,256,1.0,4,E,4
92,257,0.0,1,B,4
92,258,0.0,2,C,0
92,259,1.0,1,B,1
92,260,0.0,0,A,3
92,261,1.0,2,C,2
92,262,0.0,2,C,1
92,263,0.0,1,B,0
92,264,1.0,2,C,2
92,265,0.0,3,D,1
92,266,0.0,2,C,4
92,267,0.0,2,C,3
92,268,0.0,2,C,3
92,269,0.0,3,D,4
92,270,0.0,3,D,2
92,271,0.0,4,E,3
92,272,0.0,1,B,2
92,273,0.0,3,D,1
92,274,0.0,0,A,4
92,275,1.0,2,C,2
92,276,0.0,2,C,0
92,277,0.0,0,A,3
92,278,0.0,1,B,2
92,279,0.0,3,D,0
92,280,0.0,0,A,3
92,281,0.0,1,B,3
92,282,0.0,3,D,4
92,283,1.0,0,A,0
92,284,1.0,4,E,4
92,285,0.0,4,E,3
92,286,0.0,3,D,4
92,287,0.0,3,D,4
92,288,1.0,3,D,3
92,289,1.0,2,C,2
92,290,1.0,3,D,3
92,291,0.0,2,C,3
92,292,0.0,2,C,3
92,293,0.0,3,D,2
92,294,0.0,2,C,4
92,295,1.0,3,D,3
92,296,0.0,3,D,0
92,297,0.0,1,B,4
92,298,1.0,3,D,3
92,299,0.0,0,A,1
92,300,0.0,1,B,3
92,301,0.0,1,B,0
92,302,0.0,2,C,0
96,0,0.0,1,B,0
96,1,0.0,3,D,0
96,2,0.0,0,A,2
96,3,0.0,4,E,2
96,4,0.0,0,A,2
96,5,0.0,1,B,4
96,6,0.0,2,C,0
96,7,0.0,3,D,0
96,8,0.0,2,C,3
96,9,0.0,0,A,2
96,10,1.0,4,E,4
96,11,1.0,4,E,4
96,12,0.0,1,B,2
96,13,0.0,3,D,0
96,14,0.0,0,A,2
96,15,0.0,0,A,3
96,16,1.0,2,C,2
96,17,1.0,2,C,2
96,18,1.0,2,C,2
96,19,0.0,1,B,4
96,20,0.0,1,B,2
96,21,0.0,2,C,3
96,22,1.0,1,B,1
96,23,0.0,2,C,3
96,24,0.0,0,A,2
96,25,0.0,1,B,0
96,26,1.0,3,D,3
96,27,0.0,1,B,0
96,28,1.0,4,E,4
96,29,0.0,0,A,4
96,30,1.0,1,B,1
96,31,1.0,3,D,3
96,32,0.0,0,A,4
96,33,1.0,3,D,3
96,34,0.0,4,E,3
96,35,1.0,3,D,3
96,36,1.0,1,B,1
96,37,0.0,1,B,2
96,38,0.0,1,B,0
96,39,0.0,2,C,4
96,40,0.0,1,B,3
96,41,0.0,2,C,0
96,42,0.0,0,A,1
96,43,1.0,1,B,1
96,44,0.0,2,C,4
96,45,0.0,2,C,3
96,46,0.0,1,B,0
96,47,1.0,3,D,3
96,48,1.0,2,C,2
96,49,0.0,1,B,4
96,50,0.0,2,C,1
96,51,0.0,1,B,3
96,52,1.0,0,A,0
96,53,0.0,1,B,3
96,54,0.0,0,A,4
96,55,0.0,1,B,0
96,56,0.0,2,C,3
96,57,0.0,3,D,1
96,58,0.0,2,C,0
96,59,1.0,1,B,1
96,60,0.0,2,C,0
96,61,1.0,1,B,1
96,62,0.0,1,B,0
96,63,1.0,1,B,1
96,64,1.0,2,C,2
96,65,1.0,4,E,4
96,66,0.0,3,D,0
96,67,0.0,1,B,2
96,68,1.0,1,B,1
96,69,0.0,1,B,0
96,70,0.0,0,A,2
96,71,0.0,1,B,3
96,72,0.0,0,A,2
96,73,1.0,2,C,2
96,74,1.0,0,A,0
96,75,0.0,1,B,3
96,76,0.0,1,B,4
96,77,0.0,0,A,2
96,78,0.0,3,D,1
96,79,0.0,2,C,3
96,80,0.0,2,C,3
96,81,0.0,1,B,3
96,82,0.0,2,C,3
96,83,1.0,3,D,3
96,84,0.0,1,B,4
96,85,0.0,0,A,2
96,86,0.0,0,A,2
96,87,0.0,0,A,2
96,88,0.0,0,A,1
96,89,0.0,4,E,2
96,90,0.0,1,B,0
96,91,1.0,4,E,4
96,92,1.0,2,C,2
96,93,0.0,1,B,3
96,94,0.0,0,A,1
96,95,1.0,1,B,1
96,96,1.0,3,D,3
96,97,0.0,0,A,1
96,98,0.0,2,C,4
96,99,0.0,1,B,0
96,100,0.0,0,A,2
96,101,0.0,1,B,3
96,102,1.0,2,C,2
96,103,0.0,4,E,0
96,104,0.0,2,C,1
96,105,0.0,3,D,4
96,106,0.0,1,B,3
96,107,0.0,1,B,3
96,108,0.0,3,D,1
96,109,1.0,2,C,2
96,110,0.0,2,C,0
96,111,0.0,2,C,4
96,112,0.0,1,B,0
96,113,1.0,1,B,1
96,114,0.0,2,C,4
96,115,0.0,4,E,0
96,116,1.0,2,C,2
96,117,0.0,2,C,1
96,118,0.0,2,C,3
96,119,0.0,2,C,4
96,120,0.0,0,A,1
96,121,1.0,1,B,1
96,122,0.0,2,C,4
96,123,0.0,4,E,3
96,124,0.0,2,C,1
96,125,0.0,1,B,0
96,126,1.0,2,C,2
96,127,0.0,1,B,4
96,128,0.0,0,A,4
96,129,0.0,1,B,4
96,130,0.0,3,D,2
96,131,0.0,0,A,2
96,132,0.0,1,B,4
96,133,0.0,1,B,3
96,134,1.0,3,D,3
96,135,0.0,1,B,2
96,136,0.0,3,D,2
96,137,1.0,2,C,2
96,138,0.0,0,A,2
96,139,0.0,0,A,2
96,140,1.0,0,A,0
96,141,0.0,0,A,4
96,142,0.0,1,B,3
96,143,0.0,0,A,3
96,144,0.0,0,A,1
96,145,0.0,3,D,0
96,146,0.0,0,A,3
96,147,0.0,0,A,3
96,148,0.0,2,C,1
96,149,0.0,3,D,2
96,150,0.0,0,A,4
96,151,0.0,1,B,4
96,152,1.0,1,B,1
96,153,0.0,1,B,0
96,154,0.0,2,C,0
96,155,0.0,3,D,2
96,156,0.0,1,B,0
96,157,1.0,3,D,3
96,158,1.0,1,B,1
96,159,0.0,0,A,1
96,160,1.0,4,E,4
96,161,0.0,1,B,2
96,162,0.0,1,B,2
96,163,0.0,1,B,4
96,164,1.0,2,C,2
96,165,1.0,1,B,1
96,166,0.0,3,D,0
96,167,0.0,2,C,4
96,168,1.0,3,D,3
96,169,0.0,2,C,0
96,170,0.0,2,C,0
96,171,0.0,3,D,0
96,172,0.0,3,D,0
96,173,0.0,1,B,3
96,174,0.0,1,B,3
96,175,0.0,4,E,0
96,176,0.0,0,A,1
96,177,0.0,3,D,1
96,178,0.0,2,C,4
96,179,0.0,3,D,4
96,180,1.0,4,E,4
96,181,1.0,1,B,1
96,182,1.0,2,C,2
96,183,0.0,2,C,0
96,184,1.0,4,E,4
96,185,0.0,3,D,2
96,186,0.0,3,D,1
96,187,0.0,2,C,1
96,188,1.0,2,C,2
96,189,0.0,2,C,1
96,190,0.0,2,C,0
96,191,1.0,0,A,0
96,192,0.0,3,D,2
96,193,0.0,1,B,4
96,194,1.0,3,D,3
96,195,0.0,0,A,2
96,196,0.0,2,C,1
96,197,1.0,1,B,1
96,198,0.0,3,D,2
96,199,0.0,3,D,4
96,200,0.0,2,C,0
96,201,0.0,3,D,2
96,202,0.0,2,C,1
96,203,0.0,3,D,2
96,204,0.0,2,C,1
96,205,0.0,4,E,2
96,206,0.0,2,C,3
96,207,0.0,0,A,4
96,208,0.0,1,B,4
96,209,0.0,3,D,4
96,210,0.0,0,A,1
96,211,0.0,3,D,1
96,212,0.0,2,C,0
96,213,0.0,3,D,2
96,214,0.0,3,D,4
96,215,1.0,2,C,2
96,216,0.0,2,C,3
96,217,1.0,2,C,2
96,218,0.0,0,A,4
96,219,0.0,2,C,3
96,220,0.0,1,B,0
96,221,1.0,3,D,3
96,222,1.0,2,C,2
96,223,0.0,2,C,0
96,224,1.0,2,C,2
96,225,0.0,3,D,4
96,226,0.0,2,C,1
96,227,0.0,0,A,3
96,228,0.0,0,A,2
96,229,0.0,0,A,2
96,230,1.0,1,B,1
96,231,0.0,1,B,2
96,232,1.0,1,B,1
96,233,0.0,3,D,4
96,234,0.0,2,C,0
96,235,0.0,4,E,1
96,236,0.0,1,B,2
96,237,0.0,3,D,0
96,238,1.0,0,A,0
96,239,0.0,3,D,1
96,240,1.0,4,E,4
96,241,1.0,1,B,1
96,242,0.0,2,C,0
96,243,0.0,0,A,4
96,244,0.0,1,B,3
96,245,1.0,3,D,3
96,246,0.0,1,B,4
96,247,1.0,0,A,0
96,248,1.0,3,D,3
96,249,0.0,3,D,0
96,250,0.0,0,A,4
96,251,0.0,3,D,2
96,252,0.0,2,C,4
96,253,0.0,3,D,1
96,254,0.0,0,A,4
96,255,0.0,3,D,0
96,256,1.0,4,E,4
96,257,0.0,1,B,4
96,258,0.0,2,C,0
96,259,1.0,1,B,1
96,260,0.0,0,A,3
96,261,1.0,2,C,2
96,262,0.0,2,C,1
96,263,0.0,1,B,0
96,264,1.0,2,C,2
96,265,0.0,3,D,1
96,266,0.0,2,C,4
96,267,0.0,2,C,3
96,268,0.0,2,C,3
96,269,0.0,3,D,4
96,270,0.0,3,D,2
96,271,0.0,4,E,3
96,272,0.0,1,B,2
96,273,0.0,3,D,1
96,274,0.0,0,A,4
96,275,1.0,2,C,2
96,276,0.0,2,C,0
96,277,0.0,0,A,3
96,278,0.0,1,B,2
96,279,0.0,3,D,0
96,280,0.0,0,A,3
96,281,0.0,1,B,3
96,282,0.0,3,D,4
96,283,1.0,0,A,0
96,284,1.0,4,E,4
96,285,0.0,4,E,3
96,286,0.0,3,D,4
96,287,0.0,3,D,4
96,288,1.0,3,D,3
96,289,1.0,2,C,2
96,290,1.0,3,D,3
96,291,0.0,2,C,3
96,292,0.0,2,C,3
96,293,0.0,3,D,2
96,294,0.0,2,C,4
96,295,1.0,3,D,3
96,296,0.0,3,D,0
96,297,0.0,1,B,4
96,298,1.0,3,D,3
96,299,0.0,0,A,1
96,300,0.0,1,B,3
96,301,0.0,1,B,0
96,302,0.0,2,C,0
100,0,0.0,1,B,0
100,1,0.0,3,D,0
100,2,0.0,0,A,2
100,3,0.0,4,E,2
100,4,0.0,0,A,2
100,5,0.0,1,B,4
100,6,0.0,2,C,0
100,7,0.0,3,D,0
100,8,0.0,2,C,3
100,9,0.0,0,A,2
100,10,1.0,4,E,4
100,11,1.0,4,E,4
100,12,0.0,1,B,2
100,13,0.0,3,D,0
100,14,0.0,0,A,2
100,15,0.0,0,A,3
100,16,1.0,2,C,2
100,17,1.0,2,C,2
100,18,1.0,2,C,2
100,19,0.0,1,B,4
100,20,0.0,1,B,2
100,21,0.0,2,C,3
100,22,1.0,1,B,1
100,23,0.0,2,C,3
100,24,0.0,0,A,2
100,25,0.0,1,B,0
100,26,1.0,3,D,3
100,27,0.0,1,B,0
100,28,1.0,4,E,4
100,29,0.0,0,A,4
100,30,1.0,1,B,1
100,31,1.0,3,D,3
100,32,0.0,0,A,4
100,33,1.0,3,D,3
100,34,0.0,4,E,3
100,35,1.0,3,D,3
100,36,1.0,1,B,1
100,37,0.0,1,B,2
100,38,0.0,1,B,0
100,39,0.0,2,C,4
100,40,0.0,1,B,3
100,41,0.0,2,C,0
100,42,0.0,0,A,1
100,43,1.0,1,B,1
100,44,0.0,2,C,4
100,45,0.0,2,C,3
100,46,0.0,1,B,0
100,47,1.0,3,D,3
100,48,1.0,2,C,2
100,49,0.0,1,B,4
100,50,0.0,2,C,1
100,51,0.0,1,B,3
100,52,1.0,0,A,0
100,53,0.0,1,B,3
100,54,0.0,0,A,4
100,55,0.0,1,B,0
100,56,0.0,2,C,3
100,57,0.0,3,D,1
100,58,0.0,2,C,0
100,59,1.0,1,B,1
100,60,0.0,2,C,0
100,61,1.0,1,B,1
100,62,0.0,1,B,0
100,63,1.0,1,B,1
100,64,1.0,2,C,2
100,65,1.0,4,E,4
100,66,0.0,3,D,0
100,67,0.0,1,B,2
100,68,1.0,1,B,1
100,69,0.0,1,B,0
100,70,0.0,0,A,2
100,71,0.0,1,B,3
100,72,0.0,0,A,2
100,73,1.0,2,C,2
100,74,1.0,0,A,0
100,75,0.0,1,B,3
100,76,0.0,1,B,4
100,77,0.0,0,A,2
100,78,0.0,3,D,1
100,79,0.0,2,C,3
100,80,0.0,2,C,3
100,81,0.0,1,B,3
100,82,0.0,2,C,3
100,83,1.0,3,D,3
100,84,0.0,1,B,4
100,85,0.0,0,A,2
100,86,0.0,0,A,2
100,87,0.0,0,A,2
100,88,0.0,0,A,1
100,89,0.0,4,E,2
100,90,0.0,1,B,0
100,91,1.0,4,E,4
100,92,1.0,2,C,2
100,93,0.0,1,B,3
100,94,0.0,0,A,1
100,95,1.0,1,B,1
100,96,1.0,3,D,3
100,97,0.0,0,A,1
100,98,0.0,2,C,4
100,99,0.0,1,B,0
100,100,0.0,0,A,2
100,101,0.0,1,B,3
100,102,1.0,2,C,2
100,103,0.0,4,E,0
100,104,0.0,2,C,1
100,105,0.0,3,D,4
100,106,0.0,1,B,3
100,107,0.0,1,B,3
100,108,0.0,3,D,1
100,109,1.0,2,C,2
100,110,0.0,2,C,0
100,111,0.0,2,C,4
100,112,0.0,1,B,0
100,113,1.0,1,B,1
100,114,0.0,2,C,4
100,115,0.0,4,E,0
100,116,1.0,2,C,2
100,117,0.0,2,C,1
100,118,0.0,2,C,3
100,119,0.0,2,C,4
100,120,0.0,0,A,1
100,121,1.0,1,B,1
100,122,0.0,2,C,4
100,123,0.0,4,E,3
100,124,0.0,3,D,1
100,125,0.0,1,B,0
100,126,1.0,2,C,2
100,127,0.0,1,B,4
100,128,0.0,0,A,4
100,129,0.0,1,B,4
100,130,0.0,3,D,2
100,131,0.0,0,A,2
100,132,0.0,1,B,4
100,133,0.0,1,B,3
100,134,1.0,3,D,3
100,135,0.0,1,B,2
100,136,0.0,3,D,2
100,137,1.0,2,C,2
100,138,0.0,0,A,2
100,139,0.0,0,A,2
100,140,1.0,0,A,0
100,141,0.0,0,A,4
100,142,0.0,1,B,3
100,143,0.0,0,A,3
100,144,0.0,0,A,1
100,145,0.0,3,D,0
100,146,0.0,0,A,3
100,147,0.0,0,A,3
100,148,0.0,2,C,1
100,149,0.0,3,D,2
100,150,0.0,0,A,4
100,151,0.0,1,B,4
100,152,1.0,1,B,1
100,153,0.0,1,B,0
100,154,0.0,2,C,0
100,155,0.0,3,D,2
100,156,0.0,1,B,0
100,157,1.0,3,D,3
100,158,1.0,1,B,1
100,159,0.0,0,A,1
100,160,1.0,4,E,4
100,161,0.0,1,B,2
100,162,0.0,1,B,2
100,163,0.0,1,B,4
100,164,1.0,2,C,2
100,165,1.0,1,B,1
100,166,0.0,3,D,0
100,167,0.0,2,C,4
100,168,1.0,3,D,3
100,169,0.0,2,C,0
100,170,0.0,2,C,0
100,171,0.0,3,D,0
100,172,0.0,3,D,0
100,173,0.0,1,B,3
100,174,0.0,1,B,3
100,175,0.0,4,E,0
100,176,0.0,0,A,1
100,177,0.0,3,D,1
100,178,0.0,2,C,4
100,179,0.0,3,D,4
100,180,1.0,4,E,4
100,181,1.0,1,B,1
100,182,1.0,2,C,2
100,183,0.0,2,C,0
100,184,1.0,4,E,4
100,185,0.0,3,D,2
100,186,0.0,3,D,1
100,187,0.0,2,C,1
100,188,1.0,2,C,2
100,189,0.0,2,C,1
100,190,0.0,2,C,0
100,191,1.0,0,A,0
100,192,0.0,3,D,2
100,193,0.0,1,B,4
100,194,1.0,3,D,3
100,195,0.0,0,A,2
100,196,0.0,2,C,1
100,197,1.0,1,B,1
100,198,0.0,3,D,2
100,199,0.0,3,D,4
100,200,0.0,2,C,0
100,201,0.0,3,D,2
100,202,0.0,2,C,1
100,203,0.0,3,D,2
100,204,0.0,2,C,1
100,205,0.0,4,E,2
100,206,0.0,1,B,3
100,207,0.0,0,A,4
100,208,0.0,1,B,4
100,209,0.0,3,D,4
100,210,0.0,0,A,1
100,211,0.0,3,D,1
100,212,0.0,2,C,0
100,213,0.0,3,D,2
100,214,0.0,3,D,4
100,215,1.0,2,C,2
100,216,0.0,2,C,3
100,217,1.0,2,C,2
100,218,0.0,0,A,4
100,219,0.0,2,C,3
100,220,0.0,1,B,0
100,221,1.0,3,D,3
100,222,1.0,2,C,2
100,223,0.0,2,C,0
100,224,1.0,2,C,2
100,225,0.0,3,D,4
100,226,0.0,2,C,1
100,227,0.0,0,A,3
100,228,0.0,0,A,2
100,229,0.0,0,A,2
100,230,1.0,1,B,1
100,231,0.0,1,B,2
100,232,1.0,1,B,1
100,233,0.0,3,D,4
100,234,0.0,2,C,0
100,235,0.0,4,E,1
100,236,0.0,1,B,2
100,237,0.0,3,D,0
100,238,1.0,0,A,0
100,239,0.0,3,D,1
100,240,1.0,4,E,4
100,241,1.0,1,B,1
100,242,0.0,2,C,0
100,243,0.0,0,A,4
100,244,0.0,1,B,3
100,245,1.0,3,D,3
100,246,0.0,1,B,4
100,247,1.0,0,A,0
100,248,1.0,3,D,3
100,249,0.0,3,D,0
100,250,0.0,0,A,4
100,251,0.0,3,D,2
100,252,0.0,2,C,4
100,253,0.0,3,D,1
100,254,0.0,0,A,4
100,255,0.0,3,D,0
100,256,1.0,4,E,4
100,257,0.0,1,B,4
100,258,0.0,2,C,0
100,259,1.0,1,B,1
100,260,0.0,0,A,3
100,261,1.0,2,C,2
100,262,0.0,2,C,1
100,263,0.0,1,B,0
100,264,1.0,2,C,2
100,265,0.0,3,D,1
100,266,0.0,2,C,4
100,267,0.0,2,C,3
100,268,0.0,2,C,3
100,269,0.0,3,D,4
100,270,0.0,3,D,2
100,271,0.0,4,E,3
100,272,0.0,1,B,2
100,273,0.0,3,D,1
100,274,0.0,0,A,4
100,275,1.0,2,C,2
100,276,0.0,2,C,0
100,277,0.0,0,A,3
100,278,0.0,1,B,2
100,279,0.0,3,D,0
100,280,0.0,0,A,3
100,281,0.0,1,B,3
100,282,0.0,3,D,4
100,283,1.0,0,A,0
100,284,1.0,4,E,4
100,285,0.0,4,E,3
100,286,0.0,3,D,4
100,287,0.0,3,D,4
100,288,1.0,3,D,3
100,289,1.0,2,C,2
100,290,1.0,3,D,3
100,291,0.0,2,C,3
100,292,0.0,2,C,3
100,293,0.0,3,D,2
100,294,0.0,2,C,4
100,295,1.0,3,D,3
100,296,0.0,3,D,0
100,297,0.0,1,B,4
100,298,1.0,3,D,3
100,299,0.0,0,A,1
100,300,0.0,1,B,3
100,301,0.0,1,B,0
100,302,0.0,2,C,0
104,0,0.0,1,B,0
104,1,0.0,3,D,0
104,2,0.0,0,A,2
104,3,0.0,4,E,2
104,4,0.0,0,A,2
104,5,0.0,1,B,4
104,6,0.0,2,C,0
104,7,0.0,3,D,0
104,8,0.0,2,C,3
104,9,0.0,0,A,2
104,10,1.0,4,E,4
104,11,1.0,4,E,4
104,12,0.0,1,B,2
104,13,0.0,3,D,0
104,14,0.0,0,A,2
104,15,0.0,0,A,3
104,16,1.0,2,C,2
104,17,1.0,2,C,2
104,18,1.0,2,C,2
104,19,0.0,1,B,4
104,20,0.0,1,B,2
104,21,0.0,2,C,3
104,22,1.0,1,B,1
104,23,0.0,2,C,3
104,24,0.0,0,A,2
104,25,0.0,1,B,0
104,26,1.0,3,D,3
104,27,0.0,1,B,0
104,28,1.0,4,E,4
104,29,0.0,0,A,4
104,30,1.0,1,B,1
104,31,1.0,3,D,3
104,32,0.0,0,A,4
104,33,1.0,3,D,3
104,34,0.0,4,E,3
104,35,1.0,3,D,3
104,36,1.0,1,B,1
104,37,0.0,1,B,2
104,38,0.0,1,B,0
104,39,0.0,2,C,4
104,40,0.0,1,B,3
104,41,0.0,2,C,0
104,42,0.0,0,A,1
104,43,1.0,1,B,1
104,44,0.0,2,C,4
104,45,0.0,2,C,3
104,46,0.0,1,B,0
104,47,1.0,3,D,3
104,48,1.0,2,C,2
104,49,0.0,1,B,4
104,50,0.0,2,C,1
104,51,0.0,1,B,3
104,52,1.0,0,A,0
104,53,0.0,1,B,3
104,54,0.0,0,A,4
104,55,0.0,1,B,0
104,56,0.0,2,C,3
104,57,0.0,3,D,1
104,58,0.0,2,C,0
104,59,1.0,1,B,1
104,60,0.0,2,C,0
104,61,1.0,1,B,1
104,62,0.0,1,B,0
104,63,1.0,1,B,1
104,64,1.0,2,C,2
104,65,1.0,4,E,4
104,66,0.0,3,D,0
104,67,0.0,1,B,2
104,68,1.0,1,B,1
104,69,0.0,1,B,0
104,70,0.0,0,A,2
104,71,0.0,1,B,3
104,72,0.0,0,A,2
104,73,1.0,2,C,2
104,74,1.0,0,A,0
104,75,0.0,1,B,3
104,76,0.0,1,B,4
104,77,0.0,0,A,2
104,78,0.0,3,D,1
104,79,0.0,2,C,3
104,80,0.0,2,C,3
104,81,0.0,1,B,3
104,82,0.0,2,C,3
104,83,1.0,3,D,3
104,84,0.0,1,B,4
104,85,0.0,0,A,2
104,86,0.0,0,A,2
104,87,0.0,0,A,2
104,88,0.0,0,A,1
104,89,0.0,4,E,2
104,90,0.0,1,B,0
104,91,1.0,4,E,4
104,92,1.0,2,C,2
104,93,0.0,1,B,3
104,94,0.0,0,A,1
104,95,1.0,1,B,1
104,96,1.0,3,D,3
104,97,0.0,0,A,1
104,98,0.0,2,C,4
104,99,0.0,1,B,0
104,100,0.0,0,A,2
104,101,0.0,1,B,3
104,102,1.0,2,C,2
104,103,0.0,4,E,0
104,104,0.0,2,C,1
104,105,0.0,3,D,4
104,106,0.0,1,B,3
104,107,0.0,1,B,3
104,108,0.0,3,D,1
104,109,1.0,2,C,2
104,110,0.0,2,C,0
104,111,0.0,2,C,4
104,112,0.0,1,B,0
104,113,1.0,1,B,1
104,114,0.0,2,C,4
104,115,0.0,4,E,0
104,116,1.0,2,C,2
104,117,0.0,2,C,1
104,118,0.0,2,C,3
104,119,0.0,2,C,4
104,120,0.0,0,A,1
104,121,1.0,1,B,1
104,122,0.0,2,C,4
104,123,0.0,4,E,3
104,124,0.0,3,D,1
104,125,0.0,1,B,0
104,126,1.0,2,C,2
104,127,0.0,1,B,4
104,128,0.0,0,A,4
104,129,0.0,1,B,4
104,130,0.0,3,D,2
104,131,0.0,0,A,2
104,132,0.0,1,B,4
104,133,0.0,1,B,3
104,134,1.0,3,D,3
104,135,0.0,1,B,2
104,136,0.0,3,D,2
104,137,1.0,2,C,2
104,138,0.0,0,A,2
104,139,0.0,0,A,2
104,140,1.0,0,A,0
104,141,0.0,0,A,4
104,142,0.0,1,B,3
104,143,0.0,0,A,3
104,144,0.0,0,A,1
104,145,0.0,3,D,0
104,146,0.0,0,A,3
104,147,0.0,0,A,3
104,148,0.0,2,C,1
104,149,0.0,3,D,2
104,150,0.0,0,A,4
104,151,0.0,1,B,4
104,152,1.0,1,B,1
104,153,0.0,1,B,0
104,154,0.0,4,E,0
104,155,0.0,3,D,2
104,156,0.0,1,B,0
104,157,1.0,3,D,3
104,158,1.0,1,B,1
104,159,0.0,0,A,1
104,160,1.0,4,E,4
104,161,0.0,1,B,2
104,162,0.0,1,B,2
104,163,0.0,1,B,4
104,164,1.0,2,C,2
104,165,1.0,1,B,1
104,166,0.0,3,D,0
104,167,0.0,2,C,4
104,168,1.0,3,D,3
104,169,0.0,2,C,0
104,170,0.0,2,C,0
104,171,0.0,3,D,0
104,172,0.0,3,D,0
104,173,0.0,1,B,3
104,174,0.0,1,B,3
104,175,0.0,4,E,0
104,176,0.0,0,A,1
104,177,1.0,1,B,1
104,178,0.0,2,C,4
104,179,0.0,3,D,4
104,180,1.0,4,E,4
104,181,1.0,1,B,1
104,182,1.0,2,C,2
104,183,0.0,2,C,0
104,184,1.0,4,E,4
104,185,0.0,3,D,2
104,186,0.0,3,D,1
104,187,0.0,2,C,1
104,188,1.0,2,C,2
104,189,0.0,2,C,1
104,190,0.0,2,C,0
104,191,1.0,0,A,0
104,192,0.0,3,D,2
104,193,0.0,1,B,4
104,194,1.0,3,D,3
104,195,0.0,0,A,2
104,196,0.0,2,C,1
104,197,1.0,1,B,1
104,198,0.0,3,D,2
104,199,0.0,3,D,4
104,200,0.0,2,C,0
104,201,0.0,3,D,2
104,202,0.0,2,C,1
104,203,0.0,3,D,2
104,204,0.0,2,C,1
104,205,0.0,4,E,2
104,206,0.0,2,C,3
104,207,0.0,0,A,4
104,208,0.0,1,B,4
104,209,0.0,3,D,4
104,210,0.0,0,A,1
104,211,0.0,3,D,1
104,212,0.0,2,C,0
104,213,0.0,3,D,2
104,214,0.0,3,D,4
104,215,1.0,2,C,2
104,216,0.0,2,C,3
104,217,1.0,2,C,2
104,218,0.0,0,A,4
104,219,0.0,2,C,3
104,220,0.0,1,B,0
104,221,1.0,3,D,3
104,222,1.0,2,C,2
104,223,0.0,2,C,0
104,224,1.0,2,C,2
104,225,0.0,3,D,4
104,226,0.0,2,C,1
104,227,0.0,0,A,3
104,228,0.0,0,A,2
104,229,0.0,0,A,2
104,230,1.0,1,B,1
104,231,0.0,1,B,2
104,232,1.0,1,B,1
104,233,0.0,3,D,4
104,234,0.0,2,C,0
104,235,0.0,4,E,1
104,236,0.0,1,B,2
104,237,0.0,3,D,0
104,238,1.0,0,A,0
104,239,0.0,3,D,1
104,240,1.0,4,E,4
104,241,1.0,1,B,1
104,242,0.0,2,C,0
104,243,0.0,0,A,4
104,244,0.0,1,B,3
104,245,1.0,3,D,3
104,246,0.0,1,B,4
104,247,1.0,0,A,0
104,248,1.0,3,D,3
104,249,0.0,3,D,0
104,250,0.0,0,A,4
104,251,0.0,3,D,2
104,252,0.0,2,C,4
104,253,0.0,3,D,1
104,254,0.0,0,A,4
104,255,0.0,3,D,0
104,256,1.0,4,E,4
104,257,0.0,1,B,4
104,258,0.0,2,C,0
104,259,1.0,1,B,1
104,260,0.0,0,A,3
104,261,1.0,2,C,2
104,262,0.0,2,C,1
104,263,0.0,1,B,0
104,264,1.0,2,C,2
104,265,0.0,3,D,1
104,266,0.0,2,C,4
104,267,0.0,2,C,3
104,268,0.0,2,C,3
104,269,0.0,3,D,4
104,270,0.0,3,D,2
104,271,0.0,4,E,3
104,272,0.0,1,B,2
104,273,0.0,3,D,1
104,274,0.0,0,A,4
104,275,1.0,2,C,2
104,276,0.0,2,C,0
104,277,0.0,0,A,3
104,278,0.0,1,B,2
104,279,0.0,3,D,0
104,280,0.0,0,A,3
104,281,0.0,1,B,3
104,282,0.0,3,D,4
104,283,1.0,0,A,0
104,284,1.0,4,E,4
104,285,0.0,4,E,3
104,286,0.0,3,D,4
104,287,0.0,3,D,4
104,288,1.0,3,D,3
104,289,1.0,2,C,2
104,290,1.0,3,D,3
104,291,0.0,2,C,3
104,292,0.0,2,C,3
104,293,0.0,3,D,2
104,294,0.0,2,C,4
104,295,1.0,3,D,3
104,296,0.0,3,D,0
104,297,0.0,1,B,4
104,298,1.0,3,D,3
104,299,0.0,0,A,1
104,300,0.0,1,B,3
104,301,0.0,1,B,0
104,302,0.0,2,C,0
108,0,0.0,1,B,0
108,1,0.0,3,D,0
108,2,0.0,0,A,2
108,3,0.0,4,E,2
108,4,0.0,0,A,2
108,5,0.0,1,B,4
108,6,0.0,2,C,0
108,7,0.0,3,D,0
108,8,0.0,2,C,3
108,9,0.0,0,A,2
108,10,1.0,4,E,4
108,11,1.0,4,E,4
108,12,0.0,1,B,2
108,13,0.0,3,D,0
108,14,0.0,0,A,2
108,15,0.0,0,A,3
108,16,1.0,2,C,2
108,17,1.0,2,C,2
108,18,1.0,2,C,2
108,19,0.0,1,B,4
108,20,0.0,1,B,2
108,21,0.0,2,C,3
108,22,1.0,1,B,1
108,23,0.0,2,C,3
108,24,0.0,0,A,2
108,25,0.0,1,B,0
108,26,1.0,3,D,3
108,27,0.0,1,B,0
108,28,1.0,4,E,4
108,29,0.0,0,A,4
108,30,1.0,1,B,1
108,31,1.0,3,D,3
108,32,0.0,0,A,4
108,33,1.0,3,D,3
108,34,0.0,4,E,3
108,35,1.0,3,D,3
108,36,1.0,1,B,1
108,37,0.0,1,B,2
108,38,0.0,1,B,0
108,39,0.0,2,C,4
108,40,0.0,1,B,3
108,41,0.0,2,C,0
108,42,0.0,0,A,1
108,43,1.0,1,B,1
108,44,0.0,2,C,4
108,45,0.0,2,C,3
108,46,0.0,1,B,0
108,47,1.0,3,D,3
108,48,1.0,2,C,2
108,49,0.0,1,B,4
108,50,0.0,2,C,1
108,51,0.0,1,B,3
108,52,1.0,0,A,0
108,53,0.0,1,B,3
108,54,0.0,0,A,4
108,55,0.0,1,B,0
108,56,0.0,2,C,3
108,57,0.0,3,D,1
108,58,0.0,2,C,0
108,59,1.0,1,B,1
108,60,0.0,2,C,0
108,61,1.0,1,B,1
108,62,0.0,1,B,0
108,63,1.0,1,B,1
108,64,1.0,2,C,2
108,65,1.0,4,E,4
108,66,0.0,3,D,0
108,67,0.0,1,B,2
108,68,1.0,1,B,1
108,69,0.0,1,B,0
108,70,0.0,0,A,2
108,71,0.0,1,B,3
108,72,0.0,0,A,2
108,73,1.0,2,C,2
108,74,1.0,0,A,0
108,75,0.0,1,B,3
108,76,0.0,1,B,4
108,77,0.0,0,A,2
108,78,0.0,3,D,1
108,79,0.0,2,C,3
108,80,0.0,2,C,3
108,81,0.0,1,B,3
108,82,0.0,2,C,3
108,83,1.0,3,D,3
108,84,0.0,1,B,4
108,85,0.0,0,A,2
108,86,0.0,0,A,2
108,87,0.0,0,A,2
108,88,0.0,0,A,1
108,89,0.0,4,E,2
108,90,0.0,1,B,0
108,91,1.0,4,E,4
108,92,1.0,2,C,2
108,93,0.0,1,B,3
108,94,0.0,0,A,1
108,95,1.0,1,B,1
108,96,1.0,3,D,3
108,97,0.0,0,A,1
108,98,0.0,2,C,4
108,99,0.0,1,B,0
108,100,0.0,0,A,2
108,101,0.0,1,B,3
108,102,1.0,2,C,2
108,103,0.0,4,E,0
108,104,0.0,2,C,1
108,105,0.0,3,D,4
108,106,0.0,1,B,3
108,107,0.0,1,B,3
108,108,0.0,3,D,1
108,109,1.0,2,C,2
108,110,0.0,2,C,0
108,111,0.0,2,C,4
108,112,0.0,1,B,0
108,113,1.0,1,B,1
108,114,0.0,2,C,4
108,115,0.0,4,E,0
108,116,1.0,2,C,2
108,117,0.0,2,C,1
108,118,0.0,2,C,3
108,119,0.0,2,C,4
108,120,0.0,0,A,1
108,121,1.0,1,B,1
108,122,0.0,2,C,4
108,123,0.0,4,E,3
108,124,0.0,2,C,1
108,125,0.0,1,B,0
108,126,1.0,2,C,2
108,127,0.0,1,B,4
108,128,0.0,0,A,4
108,129,0.0,1,B,4
108,130,0.0,3,D,2
108,131,0.0,0,A,2
108,132,0.0,1,B,4
108,133,0.0,1,B,3
108,134,1.0,3,D,3
108,135,0.0,1,B,2
108,136,0.0,3,D,2
108,137,1.0,2,C,2
108,138,0.0,0,A,2
108,139,0.0,0,A,2
108,140,1.0,0,A,0
108,141,0.0,0,A,4
108,142,0.0,1,B,3
108,143,0.0,0,A,3
108,144,0.0,0,A,1
108,145,0.0,3,D,0
108,146,0.0,0,A,3
108,147,0.0,0,A,3
108,148,0.0,2,C,1
108,149,0.0,3,D,2
108,150,0.0,0,A,4
108,151,0.0,1,B,4
108,152,1.0,1,B,1
108,153,0.0,1,B,0
108,154,0.0,2,C,0
108,155,0.0,3,D,2
108,156,0.0,1,B,0
108,157,1.0,3,D,3
108,158,1.0,1,B,1
108,159,0.0,0,A,1
108,160,1.0,4,E,4
108,161,0.0,1,B,2
108,162,0.0,1,B,2
108,163,0.0,1,B,4
108,164,1.0,2,C,2
108,165,1.0,1,B,1
108,166,0.0,3,D,0
108,167,0.0,2,C,4
108,168,1.0,3,D,3
108,169,0.0,2,C,0
108,170,0.0,2,C,0
108,171,0.0,3,D,0
108,172,0.0,3,D,0
108,173,0.0,1,B,3
108,174,0.0,1,B,3
108,175,0.0,4,E,0
108,176,0.0,0,A,1
108,177,0.0,3,D,1
108,178,0.0,2,C,4
108,179,0.0,3,D,4
108,180,1.0,4,E,4
108,181,1.0,1,B,1
108,182,1.0,2,C,2
108,183,0.0,2,C,0
108,184,1.0,4,E,4
108,185,0.0,3,D,2
108,186,0.0,3,D,1
108,187,0.0,2,C,1
108,188,1.0,2,C,2
108,189,0.0,2,C,1
108,190,0.0,2,C,0
108,191,1.0,0,A,0
108,192,0.0,3,D,2
108,193,0.0,1,B,4
108,194,1.0,3,D,3
108,195,0.0,0,A,2
108,196,0.0,2,C,1
108,197,1.0,1,B,1
108,198,0.0,3,D,2
108,199,0.0,3,D,4
108,200,0.0,2,C,0
108,201,0.0,3,D,2
108,202,0.0,2,C,1
108,203,0.0,3,D,2
108,204,0.0,2,C,1
108,205,0.0,4,E,2
108,206,0.0,2,C,3
108,207,0.0,0,A,4
108,208,0.0,1,B,4
108,209,0.0,3,D,4
108,210,0.0,0,A,1
108,211,0.0,3,D,1
108,212,0.0,2,C,0
108,213,0.0,3,D,2
108,214,0.0,3,D,4
108,215,1.0,2,C,2
108,216,0.0,2,C,3
108,217,1.0,2,C,2
108,218,0.0,0,A,4
108,219,0.0,2,C,3
108,220,0.0,1,B,0
108,221,1.0,3,D,3
108,222,1.0,2,C,2
108,223,0.0,2,C,0
108,224,1.0,2,C,2
108,225,0.0,3,D,4
108,226,0.0,2,C,1
108,227,0.0,0,A,3
108,228,0.0,0,A,2
108,229,0.0,0,A,2
108,230,1.0,1,B,1
108,231,0.0,1,B,2
108,232,1.0,1,B,1
108,233,0.0,3,D,4
108,234,0.0,2,C,0
108,235,0.0,4,E,1
108,236,0.0,1,B,2
108,237,0.0,3,D,0
108,238,1.0,0,A,0
108,239,0.0,3,D,1
108,240,1.0,4,E,4
108,241,1.0,1,B,1
108,242,0.0,2,C,0
108,243,0.0,0,A,4
108,244,0.0,1,B,3
108,245,1.0,3,D,3
108,246,0.0,1,B,4
108,247,1.0,0,A,0
108,248,1.0,3,D,3
108,249,0.0,3,D,0
108,250,0.0,0,A,4
108,251,0.0,3,D,2
108,252,0.0,2,C,4
108,253,0.0,3,D,1
108,254,0.0,0,A,4
108,255,0.0,3,D,0
108,256,1.0,4,E,4
108,257,0.0,1,B,4
108,258,0.0,2,C,0
108,259,1.0,1,B,1
108,260,0.0,0,A,3
108,261,1.0,2,C,2
108,262,0.0,2,C,1
108,263,0.0,1,B,0
108,264,1.0,2,C,2
108,265,0.0,3,D,1
108,266,0.0,2,C,4
108,267,0.0,2,C,3
108,268,0.0,2,C,3
108,269,0.0,3,D,4
108,270,0.0,3,D,2
108,271,0.0,4,E,3
108,272,1.0,2,C,2
108,273,0.0,3,D,1
108,274,0.0,0,A,4
108,275,1.0,2,C,2
108,276,0.0,2,C,0
108,277,0.0,0,A,3
108,278,0.0,1,B,2
108,279,0.0,3,D,0
108,280,0.0,0,A,3
108,281,0.0,1,B,3
108,282,0.0,3,D,4
108,283,1.0,0,A,0
108,284,1.0,4,E,4
108,285,0.0,4,E,3
108,286,0.0,3,D,4
108,287,0.0,3,D,4
108,288,1.0,3,D,3
108,289,1.0,2,C,2
108,290,1.0,3,D,3
108,291,0.0,2,C,3
108,292,0.0,2,C,3
108,293,0.0,3,D,2
108,294,0.0,2,C,4
108,295,1.0,3,D,3
108,296,0.0,3,D,0
108,297,0.0,1,B,4
108,298,1.0,3,D,3
108,299,0.0,0,A,1
108,300,0.0,1,B,3
108,301,0.0,1,B,0
108,302,0.0,2,C,0
112,0,0.0,1,B,0
112,1,0.0,3,D,0
112,2,0.0,0,A,2
112,3,0.0,4,E,2
112,4,0.0,0,A,2
112,5,0.0,1,B,4
112,6,0.0,2,C,0
112,7,0.0,3,D,0
112,8,0.0,2,C,3
112,9,0.0,0,A,2
112,10,1.0,4,E,4
112,11,1.0,4,E,4
112,12,0.0,1,B,2
112,13,0.0,3,D,0
112,14,0.0,0,A,2
112,15,0.0,0,A,3
112,16,1.0,2,C,2
112,17,1.0,2,C,2
112,18,1.0,2,C,2
112,19,0.0,1,B,4
112,20,0.0,3,D,2
112,21,0.0,2,C,3
112,22,1.0,1,B,1
112,23,0.0,2,C,3
112,24,0.0,0,A,2
112,25,0.0,1,B,0
112,26,1.0,3,D,3
112,27,0.0,1,B,0
112,28,1.0,4,E,4
112,29,0.0,0,A,4
112,30,1.0,1,B,1
112,31,1.0,3,D,3
112,32,0.0,0,A,4
112,33,1.0,3,D,3
112,34,0.0,4,E,3
112,35,1.0,3,D,3
112,36,1.0,1,B,1
112,37,0.0,1,B,2
112,38,0.0,1,B,0
112,39,0.0,2,C,4
112,40,0.0,1,B,3
112,41,0.0,2,C,0
112,42,0.0,0,A,1
112,43,1.0,1,B,1
112,44,0.0,2,C,4
112,45,0.0,2,C,3
112,46,0.0,1,B,0
112,47,1.0,3,D,3
112,48,1.0,2,C,2
112,49,0.0,1,B,4
112,50,0.0,2,C,1
112,51,0.0,1,B,3
112,52,1.0,0,A,0
112,53,0.0,1,B,3
112,54,0.0,0,A,4
112,55,0.0,1,B,0
112,56,0.0,2,C,3
112,57,0.0,3,D,1
112,58,0.0,2,C,0
112,59,1.0,1,B,1
112,60,0.0,2,C,0
112,61,1.0,1,B,1
112,62,0.0,1,B,0
112,63,1.0,1,B,1
112,64,1.0,2,C,2
112,65,1.0,4,E,4
112,66,0.0,3,D,0
112,67,0.0,1,B,2
112,68,1.0,1,B,1
112,69,0.0,1,B,0
112,70,0.0,0,A,2
112,71,0.0,1,B,3
112,72,0.0,0,A,2
112,73,1.0,2,C,2
112,74,1.0,0,A,0
112,75,0.0,1,B,3
112,76,0.0,1,B,4
112,77,0.0,0,A,2
112,78,0.0,3,D,1
112,79,0.0,2,C,3
112,80,0.0,2,C,3
112,81,0.0,1,B,3
112,82,0.0,2,C,3
112,83,1.0,3,D,3
112,84,0.0,1,B,4
112,85,0.0,0,A,2
112,86,0.0,0,A,2
112,87,0.0,0,A,2
112,88,0.0,0,A,1
112,89,0.0,4,E,2
112,90,0.0,1,B,0
112,91,1.0,4,E,4
112,92,1.0,2,C,2
112,93,0.0,2,C,3
112,94,0.0,0,A,1
112,95,1.0,1,B,1
112,96,1.0,3,D,3
112,97,0.0,0,A,1
112,98,0.0,2,C,4
112,99,0.0,1,B,0
112,100,0.0,0,A,2
112,101,0.0,1,B,3
112,102,1.0,2,C,2
112,103,0.0,4,E,0
112,104,0.0,2,C,1
112,105,0.0,3,D,4
112,106,0.0,1,B,3
112,107,0.0,1,B,3
112,108,0.0,3,D,1
112,109,1.0,2,C,2
112,110,0.0,2,C,0
112,111,0.0,2,C,4
112,112,0.0,1,B,0
112,113,1.0,1,B,1
112,114,0.0,2,C,4
112,115,0.0,4,E,0
112,116,1.0,2,C,2
112,117,0.0,2,C,1
112,118,0.0,2,C,3
112,119,0.0,2,C,4
112,120,0.0,0,A,1
112,121,1.0,1,B,1
112,122,0.0,2,C,4
112,123,0.0,4,E,3
112,124,0.0,2,C,1
112,125,0.0,1,B,0
112,126,1.0,2,C,2
112,127,0.0,1,B,4
112,128,0.0,0,A,4
112,129,0.0,1,B,4
112,130,0.0,3,D,2
112,131,0.0,0,A,2
112,132,0.0,1,B,4
112,133,0.0,1,B,3
112,134,1.0,3,D,3
112,135,0.0,1,B,2
112,136,0.0,3,D,2
112,137,1.0,2,C,2
112,138,0.0,0,A,2
112,139,0.0,0,A,2
112,140,1.0,0,A,0
112,141,0.0,0,A,4
112,142,0.0,1,B,3
112,143,0.0,0,A,3
112,144,0.0,0,A,1
112,145,0.0,3,D,0
112,146,0.0,0,A,3
112,147,0.0,0,A,3
112,148,0.0,2,C,1
112,149,0.0,3,D,2
112,150,0.0,0,A,4
112,151,0.0,1,B,4
112,152,1.0,1,B,1
112,153,0.0,1,B,0
112,154,0.0,2,C,0
112,155,0.0,3,D,2
112,156,0.0,1,B,0
112,157,1.0,3,D,3
112,158,1.0,1,B,1
112,159,0.0,0,A,1
112,160,1.0,4,E,4
112,161,0.0,1,B,2
112,162,0.0,1,B,2
112,163,0.0,1,B,4
112,164,1.0,2,C,2
112,165,1.0,1,B,1
112,166,0.0,3,D,0
112,167,0.0,2,C,4
112,168,1.0,3,D,3
112,169,0.0,2,C,0
112,170,0.0,2,C,0
112,171,0.0,3,D,0
112,172,0.0,3,D,0
112,173,0.0,1,B,3
112,174,0.0,1,B,3
112,175,0.0,4,E,0
112,176,0.0,0,A,1
112,177,0.0,3,D,1
112,178,0.0,2,C,4
112,179,0.0,3,D,4
112,180,1.0,4,E,4
112,181,1.0,1,B,1
112,182,1.0,2,C,2
112,183,0.0,2,C,0
112,184,1.0,4,E,4
112,185,0.0,3,D,2
112,186,0.0,3,D,1
112,187,0.0,2,C,1
112,188,1.0,2,C,2
112,189,0.0,2,C,1
112,190,0.0,2,C,0
112,191,1.0,0,A,0
112,192,0.0,3,D,2
112,193,0.0,1,B,4
112,194,1.0,3,D,3
112,195,0.0,0,A,2
112,196,0.0,2,C,1
112,197,1.0,1,B,1
112,198,0.0,3,D,2
112,199,0.0,3,D,4
112,200,0.0,2,C,0
112,201,0.0,3,D,2
112,202,0.0,2,C,1
112,203,0.0,3,D,2
112,204,0.0,2,C,1
112,205,0.0,4,E,2
112,206,0.0,2,C,3
112,207,0.0,0,A,4
112,208,0.0,1,B,4
112,209,0.0,3,D,4
112,210,0.0,0,A,1
112,211,0.0,3,D,1
112,212,0.0,2,C,0
112,213,0.0,3,D,2
112,214,0.0,3,D,4
112,215,1.0,2,C,2
112,216,0.0,2,C,3
112,217,1.0,2,C,2
112,218,0.0,0,A,4
112,219,0.0,2,C,3
112,220,0.0,1,B,0
112,221,1.0,3,D,3
112,222,1.0,2,C,2
112,223,0.0,2,C,0
112,224,1.0,2,C,2
112,225,0.0,3,D,4
112,226,0.0,2,C,1
112,227,0.0,0,A,3
112,228,0.0,0,A,2
112,229,0.0,0,A,2
112,230,1.0,1,B,1
112,231,0.0,1,B,2
112,232,1.0,1,B,1
112,233,0.0,3,D,4
112,234,0.0,2,C,0
112,235,0.0,4,E,1
112,236,0.0,1,B,2
112,237,0.0,3,D,0
112,238,1.0,0,A,0
112,239,0.0,3,D,1
112,240,1.0,4,E,4
112,241,1.0,1,B,1
112,242,0.0,2,C,0
112,243,0.0,0,A,4
112,244,0.0,1,B,3
112,245,1.0,3,D,3
112,246,0.0,1,B,4
112,247,1.0,0,A,0
112,248,1.0,3,D,3
112,249,0.0,3,D,0
112,250,0.0,0,A,4
112,251,0.0,3,D,2
112,252,0.0,2,C,4
112,253,0.0,3,D,1
112,254,0.0,0,A,4
112,255,0.0,3,D,0
112,256,1.0,4,E,4
112,257,0.0,1,B,4
112,258,0.0,2,C,0
112,259,1.0,1,B,1
112,260,0.0,0,A,3
112,261,1.0,2,C,2
112,262,0.0,2,C,1
112,263,0.0,1,B,0
112,264,1.0,2,C,2
112,265,0.0,3,D,1
112,266,0.0,2,C,4
112,267,0.0,2,C,3
112,268,0.0,2,C,3
112,269,0.0,3,D,4
112,270,0.0,3,D,2
112,271,0.0,4,E,3
112,272,1.0,2,C,2
112,273,0.0,3,D,1
112,274,0.0,0,A,4
112,275,1.0,2,C,2
112,276,0.0,2,C,0
112,277,0.0,0,A,3
112,278,0.0,1,B,2
112,279,0.0,3,D,0
112,280,0.0,0,A,3
112,281,0.0,1,B,3
112,282,0.0,3,D,4
112,283,1.0,0,A,0
112,284,1.0,4,E,4
112,285,0.0,4,E,3
112,286,0.0,3,D,4
112,287,0.0,3,D,4
112,288,1.0,3,D,3
112,289,1.0,2,C,2
112,290,1.0,3,D,3
112,291,0.0,2,C,3
112,292,0.0,2,C,3
112,293,0.0,3,D,2
112,294,0.0,2,C,4
112,295,1.0,3,D,3
112,296,0.0,3,D,0
112,297,0.0,1,B,4
112,298,1.0,3,D,3
112,299,0.0,0,A,1
112,300,0.0,1,B,3
112,301,0.0,1,B,0
112,302,0.0,2,C,0
116,0,0.0,1,B,0
116,1,0.0,3,D,0
116,2,0.0,0,A,2
116,3,0.0,4,E,2
116,4,0.0,0,A,2
116,5,0.0,1,B,4
116,6,0.0,2,C,0
116,7,0.0,3,D,0
116,8,0.0,2,C,3
116,9,0.0,0,A,2
116,10,1.0,4,E,4
116,11,1.0,4,E,4
116,12,0.0,1,B,2
116,13,0.0,3,D,0
116,14,0.0,0,A,2
116,15,0.0,0,A,3
116,16,1.0,2,C,2
116,17,1.0,2,C,2
116,18,1.0,2,C,2
116,19,0.0,1,B,4
116,20,0.0,1,B,2
116,21,0.0,2,C,3
116,22,1.0,1,B,1
116,23,0.0,2,C,3
116,24,0.0,0,A,2
116,25,0.0,1,B,0
116,26,1.0,3,D,3
116,27,0.0,1,B,0
116,28,1.0,4,E,4
116,29,0.0,0,A,4
116,30,1.0,1,B,1
116,31,1.0,3,D,3
116,32,0.0,0,A,4
116,33,1.0,3,D,3
116,34,0.0,4,E,3
116,35,1.0,3,D,3
116,36,1.0,1,B,1
116,37,0.0,1,B,2
116,38,0.0,1,B,0
116,39,0.0,2,C,4
116,40,0.0,1,B,3
116,41,0.0,2,C,0
116,42,0.0,0,A,1
116,43,1.0,1,B,1
116,44,0.0,2,C,4
116,45,0.0,2,C,3
116,46,0.0,1,B,0
116,47,1.0,3,D,3
116,48,1.0,2,C,2
116,49,0.0,1,B,4
116,50,0.0,2,C,1
116,51,0.0,1,B,3
116,52,1.0,0,A,0
116,53,0.0,1,B,3
116,54,0.0,0,A,4
116,55,0.0,1,B,0
116,56,0.0,2,C,3
116,57,0.0,3,D,1
116,58,0.0,2,C,0
116,59,1.0,1,B,1
116,60,0.0,2,C,0
116,61,1.0,1,B,1
116,62,0.0,1,B,0
116,63,1.0,1,B,1
116,64,1.0,2,C,2
116,65,1.0,4,E,4
116,66,0.0,3,D,0
116,67,0.0,1,B,2
116,68,1.0,1,B,1
116,69,0.0,1,B,0
116,70,0.0,0,A,2
116,71,0.0,1,B,3
116,72,0.0,0,A,2
116,73,1.0,2,C,2
116,74,1.0,0,A,0
116,75,0.0,1,B,3
116,76,0.0,1,B,4
116,77,0.0,0,A,2
116,78,0.0,3,D,1
116,79,0.0,2,C,3
116,80,0.0,2,C,3
116,81,0.0,1,B,3
116,82,0.0,2,C,3
116,83,1.0,3,D,3
116,84,0.0,1,B,4
116,85,0.0,0,A,2
116,86,0.0,0,A,2
116,87,0.0,0,A,2
116,88,0.0,0,A,1
116,89,0.0,4,E,2
116,90,0.0,1,B,0
116,91,1.0,4,E,4
116,92,1.0,2,C,2
116,93,0.0,2,C,3
116,94,0.0,0,A,1
116,95,1.0,1,B,1
116,96,1.0,3,D,3
116,97,0.0,0,A,1
116,98,0.0,2,C,4
116,99,0.0,1,B,0
116,100,0.0,0,A,2
116,101,0.0,1,B,3
116,102,1.0,2,C,2
116,103,0.0,4,E,0
116,104,0.0,2,C,1
116,105,0.0,3,D,4
116,106,0.0,1,B,3
116,107,0.0,1,B,3
116,108,0.0,3,D,1
116,109,0.0,1,B,2
116,110,0.0,2,C,0
116,111,0.0,2,C,4
116,112,0.0,1,B,0
116,113,1.0,1,B,1
116,114,0.0,2,C,4
116,115,0.0,4,E,0
116,116,1.0,2,C,2
116,117,0.0,2,C,1
116,118,0.0,2,C,3
116,119,0.0,2,C,4
116,120,0.0,0,A,1
116,121,1.0,1,B,1
116,122,0.0,2,C,4
116,123,0.0,4,E,3
116,124,0.0,2,C,1
116,125,0.0,1,B,0
116,126,1.0,2,C,2
116,127,0.0,1,B,4
116,128,0.0,0,A,4
116,129,0.0,1,B,4
116,130,0.0,3,D,2
116,131,0.0,0,A,2
116,132,0.0,1,B,4
116,133,0.0,1,B,3
116,134,1.0,3,D,3
116,135,0.0,1,B,2
116,136,0.0,3,D,2
116,137,1.0,2,C,2
116,138,0.0,0,A,2
116,139,0.0,0,A,2
116,140,1.0,0,A,0
116,141,0.0,0,A,4
116,142,0.0,1,B,3
116,143,0.0,0,A,3
116,144,0.0,0,A,1
116,145,0.0,3,D,0
116,146,0.0,0,A,3
116,147,0.0,0,A,3
116,148,0.0,2,C,1
116,149,0.0,3,D,2
116,150,0.0,0,A,4
116,151,0.0,1,B,4
116,152,1.0,1,B,1
116,153,0.0,1,B,0
116,154,0.0,2,C,0
116,155,0.0,3,D,2
116,156,0.0,1,B,0
116,157,1.0,3,D,3
116,158,1.0,1,B,1
116,159,0.0,0,A,1
116,160,1.0,4,E,4
116,161,0.0,1,B,2
116,162,0.0,1,B,2
116,163,0.0,1,B,4
116,164,1.0,2,C,2
116,165,1.0,1,B,1
116,166,0.0,3,D,0
116,167,0.0,2,C,4
116,168,1.0,3,D,3
116,169,0.0,2,C,0
116,170,0.0,2,C,0
116,171,0.0,3,D,0
116,172,0.0,3,D,0
116,173,0.0,1,B,3
116,174,0.0,1,B,3
116,175,0.0,4,E,0
116,176,0.0,0,A,1
116,177,0.0,3,D,1
116,178,0.0,2,C,4
116,179,0.0,3,D,4
116,180,1.0,4,E,4
116,181,1.0,1,B,1
116,182,1.0,2,C,2
116,183,0.0,2,C,0
116,184,1.0,4,E,4
116,185,0.0,3,D,2
116,186,0.0,3,D,1
116,187,0.0,2,C,1
116,188,1.0,2,C,2
116,189,0.0,2,C,1
116,190,0.0,2,C,0
116,191,1.0,0,A,0
116,192,0.0,3,D,2
116,193,0.0,1,B,4
116,194,1.0,3,D,3
116,195,0.0,0,A,2
116,196,0.0,2,C,1
116,197,1.0,1,B,1
116,198,0.0,3,D,2
116,199,0.0,3,D,4
116,200,0.0,2,C,0
116,201,0.0,3,D,2
116,202,0.0,2,C,1
116,203,0.0,3,D,2
116,204,0.0,2,C,1
116,205,0.0,4,E,2
116,206,0.0,2,C,3
116,207,0.0,0,A,4
116,208,0.0,1,B,4
116,209,0.0,3,D,4
116,210,0.0,0,A,1
116,211,0.0,3,D,1
116,212,0.0,2,C,0
116,213,0.0,3,D,2
116,214,0.0,3,D,4
116,215,1.0,2,C,2
116,216,0.0,2,C,3
116,217,1.0,2,C,2
116,218,0.0,0,A,4
116,219,0.0,2,C,3
116,220,0.0,1,B,0
116,221,1.0,3,D,3
116,222,1.0,2,C,2
116,223,0.0,2,C,0
116,224,1.0,2,C,2
116,225,0.0,3,D,4
116,226,0.0,2,C,1
116,227,0.0,0,A,3
116,228,0.0,0,A,2
116,229,0.0,0,A,2
116,230,1.0,1,B,1
116,231,0.0,1,B,2
116,232,1.0,1,B,1
116,233,0.0,3,D,4
116,234,0.0,2,C,0
116,235,0.0,4,E,1
116,236,0.0,1,B,2
116,237,0.0,3,D,0
116,238,1.0,0,A,0
116,239,0.0,3,D,1
116,240,1.0,4,E,4
116,241,1.0,1,B,1
116,242,0.0,2,C,0
116,243,0.0,0,A,4
116,244,0.0,1,B,3
116,245,1.0,3,D,3
116,246,0.0,1,B,4
116,247,1.0,0,A,0
116,248,1.0,3,D,3
116,249,0.0,3,D,0
116,250,0.0,0,A,4
116,251,0.0,3,D,2
116,252,0.0,2,C,4
116,253,0.0,3,D,1
116,254,0.0,0,A,4
116,255,0.0,3,D,0
116,256,1.0,4,E,4
116,257,0.0,1,B,4
116,258,0.0,2,C,0
116,259,1.0,1,B,1
116,260,0.0,0,A,3
116,261,1.0,2,C,2
116,262,0.0,2,C,1
116,263,0.0,1,B,0
116,264,1.0,2,C,2
116,265,0.0,3,D,1
116,266,0.0,2,C,4
116,267,0.0,2,C,3
116,268,0.0,2,C,3
116,269,0.0,3,D,4
116,270,0.0,3,D,2
116,271,0.0,4,E,3
116,272,0.0,1,B,2
116,273,0.0,3,D,1
116,274,0.0,0,A,4
116,275,1.0,2,C,2
116,276,0.0,2,C,0
116,277,0.0,0,A,3
116,278,0.0,1,B,2
116,279,0.0,3,D,0
116,280,0.0,0,A,3
116,281,0.0,1,B,3
116,282,0.0,3,D,4
116,283,1.0,0,A,0
116,284,1.0,4,E,4
116,285,0.0,4,E,3
116,286,0.0,3,D,4
116,287,0.0,3,D,4
116,288,0.0,1,B,3
116,289,1.0,2,C,2
116,290,1.0,3,D,3
116,291,0.0,2,C,3
116,292,0.0,2,C,3
116,293,0.0,3,D,2
116,294,0.0,2,C,4
116,295,1.0,3,D,3
116,296,0.0,3,D,0
116,297,0.0,1,B,4
116,298,1.0,3,D,3
116,299,0.0,0,A,1
116,300,0.0,1,B,3
116,301,0.0,1,B,0
116,302,0.0,2,C,0
120,0,0.0,1,B,0
120,1,0.0,3,D,0
120,2,0.0,0,A,2
120,3,0.0,4,E,2
120,4,0.0,0,A,2
120,5,0.0,1,B,4
120,6,0.0,2,C,0
120,7,0.0,3,D,0
120,8,0.0,2,C,3
120,9,0.0,0,A,2
120,10,1.0,4,E,4
120,11,1.0,4,E,4
120,12,0.0,1,B,2
120,13,0.0,3,D,0
120,14,0.0,0,A,2
120,15,0.0,0,A,3
120,16,1.0,2,C,2
120,17,1.0,2,C,2
120,18,1.0,2,C,2
120,19,0.0,1,B,4
120,20,0.0,1,B,2
120,21,0.0,2,C,3
120,22,1.0,1,B,1
120,23,0.0,2,C,3
120,24,0.0,0,A,2
120,25,0.0,1,B,0
120,26,1.0,3,D,3
120,27,0.0,1,B,0
120,28,1.0,4,E,4
120,29,0.0,0,A,4
120,30,1.0,1,B,1
120,31,1.0,3,D,3
120,32,0.0,0,A,4
120,33,1.0,3,D,3
120,34,0.0,4,E,3
120,35,1.0,3,D,3
120,36,1.0,1,B,1
120,37,0.0,1,B,2
120,38,0.0,1,B,0
120,39,0.0,2,C,4
120,40,0.0,1,B,3
120,41,0.0,2,C,0
120,42,0.0,0,A,1
120,43,1.0,1,B,1
120,44,0.0,2,C,4
120,45,0.0,2,C,3
120,46,0.0,1,B,0
120,47,1.0,3,D,3
120,48,1.0,2,C,2
120,49,0.0,1,B,4
120,50,0.0,2,C,1
120,51,0.0,1,B,3
120,52,1.0,0,A,0
120,53,0.0,1,B,3
120,54,0.0,0,A,4
120,55,0.0,1,B,0
120,56,0.0,2,C,3
120,57,0.0,3,D,1
120,58,0.0,2,C,0
120,59,1.0,1,B,1
120,60,0.0,2,C,0
120,61,1.0,1,B,1
120,62,0.0,1,B,0
120,63,1.0,1,B,1
120,64,1.0,2,C,2
120,65,1.0,4,E,4
120,66,0.0,3,D,0
120,67,0.0,1,B,2
120,68,1.0,1,B,1
120,69,0.0,1,B,0
120,70,0.0,0,A,2
120,71,0.0,1,B,3
120,72,0.0,0,A,2
120,73,1.0,2,C,2
120,74,1.0,0,A,0
120,75,0.0,1,B,3
120,76,0.0,1,B,4
120,77,0.0,0,A,2
120,78,0.0,3,D,1
120,79,0.0,2,C,3
120,80,0.0,2,C,3
120,81,0.0,1,B,3
120,82,0.0,2,C,3
120,83,1.0,3,D,3
120,84,0.0,1,B,4
120,85,0.0,0,A,2
120,86,0.0,0,A,2
120,87,0.0,0,A,2
120,88,0.0,0,A,1
120,89,0.0,4,E,2
120,90,0.0,1,B,0
120,91,1.0,4,E,4
120,92,1.0,2,C,2
120,93,0.0,2,C,3
120,94,0.0,0,A,1
120,95,1.0,1,B,1
120,96,1.0,3,D,3
120,97,0.0,0,A,1
120,98,0.0,2,C,4
120,99,0.0,1,B,0
120,100,0.0,0,A,2
120,101,0.0,1,B,3
120,102,1.0,2,C,2
120,103,0.0,4,E,0
120,104,0.0,2,C,1
120,105,0.0,3,D,4
120,106,0.0,1,B,3
120,107,0.0,1,B,3
120,108,0.0,3,D,1
120,109,1.0,2,C,2
120,110,0.0,2,C,0
120,111,0.0,2,C,4
120,112,0.0,1,B,0
120,113,1.0,1,B,1
120,114,0.0,2,C,4
120,115,0.0,4,E,0
120,116,1.0,2,C,2
120,117,0.0,2,C,1
120,118,0.0,2,C,3
120,119,0.0,2,C,4
120,120,0.0,0,A,1
120,121,1.0,1,B,1
120,122,0.0,2,C,4
120,123,0.0,4,E,3
120,124,0.0,2,C,1
120,125,0.0,1,B,0
120,126,1.0,2,C,2
120,127,0.0,1,B,4
120,128,0.0,0,A,4
120,129,0.0,1,B,4
120,130,0.0,3,D,2
120,131,0.0,0,A,2
120,132,0.0,1,B,4
120,133,0.0,1,B,3
120,134,1.0,3,D,3
120,135,0.0,1,B,2
120,136,0.0,3,D,2
120,137,1.0,2,C,2
120,138,0.0,0,A,2
120,139,0.0,1,B,2
120,140,1.0,0,A,0
120,141,0.0,0,A,4
120,142,0.0,1,B,3
120,143,0.0,0,A,3
120,144,0.0,0,A,1
120,145,0.0,3,D,0
120,146,0.0,0,A,3
120,147,0.0,0,A,3
120,148,0.0,2,C,1
120,149,0.0,3,D,2
120,150,0.0,0,A,4
120,151,0.0,1,B,4
120,152,1.0,1,B,1
120,153,0.0,1,B,0
120,154,0.0,2,C,0
120,155,0.0,3,D,2
120,156,0.0,1,B,0
120,157,1.0,3,D,3
120,158,1.0,1,B,1
120,159,0.0,0,A,1
120,160,1.0,4,E,4
120,161,0.0,1,B,2
120,162,0.0,1,B,2
120,163,0.0,1,B,4
120,164,1.0,2,C,2
120,165,1.0,1,B,1
120,166,0.0,3,D,0
120,167,0.0,2,C,4
120,168,1.0,3,D,3
120,169,0.0,2,C,0
120,170,0.0,2,C,0
120,171,0.0,3,D,0
120,172,0.0,3,D,0
120,173,0.0,1,B,3
120,174,0.0,1,B,3
120,175,0.0,4,E,0
120,176,0.0,0,A,1
120,177,0.0,3,D,1
120,178,0.0,2,C,4
120,179,0.0,3,D,4
120,180,1.0,4,E,4
120,181,1.0,1,B,1
120,182,1.0,2,C,2
120,183,0.0,2,C,0
120,184,1.0,4,E,4
120,185,0.0,3,D,2
120,186,0.0,3,D,1
120,187,0.0,2,C,1
120,188,1.0,2,C,2
120,189,0.0,2,C,1
120,190,0.0,2,C,0
120,191,1.0,0,A,0
120,192,0.0,3,D,2
120,193,0.0,1,B,4
120,194,1.0,3,D,3
120,195,0.0,0,A,2
120,196,0.0,2,C,1
120,197,1.0,1,B,1
120,198,0.0,3,D,2
120,199,0.0,3,D,4
120,200,0.0,2,C,0
120,201,0.0,3,D,2
120,202,0.0,2,C,1
120,203,0.0,3,D,2
120,204,0.0,2,C,1
120,205,0.0,4,E,2
120,206,0.0,2,C,3
120,207,0.0,0,A,4
120,208,0.0,1,B,4
120,209,0.0,3,D,4
120,210,0.0,0,A,1
120,211,0.0,3,D,1
120,212,0.0,2,C,0
120,213,0.0,3,D,2
120,214,0.0,3,D,4
120,215,1.0,2,C,2
120,216,0.0,2,C,3
120,217,1.0,2,C,2
120,218,0.0,0,A,4
120,219,0.0,2,C,3
120,220,0.0,1,B,0
120,221,1.0,3,D,3
120,222,1.0,2,C,2
120,223,0.0,2,C,0
120,224,1.0,2,C,2
120,225,0.0,3,D,4
120,226,0.0,2,C,1
120,227,0.0,0,A,3
120,228,0.0,0,A,2
120,229,0.0,0,A,2
120,230,1.0,1,B,1
120,231,0.0,0,A,2
120,232,1.0,1,B,1
120,233,0.0,3,D,4
120,234,0.0,2,C,0
120,235,0.0,4,E,1
120,236,0.0,1,B,2
120,237,0.0,3,D,0
120,238,1.0,0,A,0
120,239,0.0,3,D,1
120,240,1.0,4,E,4
120,241,1.0,1,B,1
120,242,0.0,2,C,0
120,243,0.0,0,A,4
120,244,0.0,1,B,3
120,245,1.0,3,D,3
120,246,0.0,1,B,4
120,247,1.0,0,A,0
120,248,1.0,3,D,3
120,249,0.0,3,D,0
120,250,0.0,0,A,4
120,251,0.0,3,D,2
120,252,0.0,2,C,4
120,253,0.0,3,D,1
120,254,0.0,0,A,4
120,255,0.0,3,D,0
120,256,1.0,4,E,4
120,257,0.0,1,B,4
120,258,0.0,2,C,0
120,259,1.0,1,B,1
120,260,0.0,0,A,3
120,261,1.0,2,C,2
120,262,0.0,2,C,1
120,263,0.0,1,B,0
120,264,1.0,2,C,2
120,265,0.0,3,D,1
120,266,0.0,2,C,4
120,267,0.0,2,C,3
120,268,0.0,2,C,3
120,269,0.0,3,D,4
120,270,0.0,3,D,2
120,271,0.0,4,E,3
120,272,0.0,1,B,2
120,273,0.0,3,D,1
120,274,0.0,0,A,4
120,275,1.0,2,C,2
120,276,0.0,2,C,0
120,277,0.0,0,A,3
120,278,0.0,1,B,2
120,279,0.0,3,D,0
120,280,0.0,0,A,3
120,281,0.0,1,B,3
120,282,0.0,3,D,4
120,283,1.0,0,A,0
120,284,1.0,4,E,4
120,285,0.0,4,E,3
120,286,0.0,3,D,4
120,287,0.0,3,D,4
120,288,1.0,3,D,3
120,289,1.0,2,C,2
120,290,1.0,3,D,3
120,291,0.0,2,C,3
120,292,0.0,2,C,3
120,293,0.0,3,D,2
120,294,0.0,2,C,4
120,295,1.0,3,D,3
120,296,0.0,3,D,0
120,297,0.0,1,B,4
120,298,1.0,3,D,3
120,299,0.0,0,A,1
120,300,0.0,1,B,3
120,301,0.0,1,B,0
120,302,0.0,2,C,0
